10 39.8213769231
20 39.9613142857
30 39.9637387097
40 40.1871115385
50 39.5837129032
60 39.6158653846
70 39.5392774194
80 39.848556
90 40.1218125
100 39.9333058824
110 39.715608
120 39.562924
130 39.9424785714
140 39.4967
150 39.7772321429
160 39.609912
170 39.4563862069
180 39.9575566667
190 39.451908
200 39.8456241379
210 40.0429821429
220 40.0718034483
230 40.0495321429
240 39.8825037037
250 39.6636034483
260 39.87964
270 39.6854777778
280 39.5751074074
290 39.9555071429
300 39.3989172414
310 40.0460310345
320 40.1502034483
330 39.9097821429
340 39.6251346154
350 39.77636
360 39.6048064516
370 39.8535724138
380 39.725225
390 39.7950035714
400 39.7143933333
410 39.8097
420 39.5447444444
430 39.8216133333
440 39.6618533333
450 39.5855923077
460 39.9004766667
470 39.543448
480 39.8512096774
490 39.6653827586
500 39.5304148148
510 39.812904
520 40.0879833333
530 39.6854818182
540 39.9132870968
550 39.726972
560 39.6273655172
570 39.7389576923
580 39.9316419355
590 39.6872392857
600 39.7430230769
