10 0
20 34.57874
30 31.7379
40 30.7715733333
50 29.8754133333
60 29.6543333333
70 30.5280833333
80 30.1538966667
90 29.0196066667
100 30.345
110 30.4343233333
120 29.19541
130 27.93507
140 30.55586
150 29.25415
160 30.49166
170 29.02864
180 29.4568233333
190 30.75142
200 30.4754866667
210 29.2048033333
220 30.57225
230 30.40959
240 30.8361866667
250 29.0341933333
260 30.3873866667
270 30.3842966667
280 29.18406
290 30.2016966667
300 30.62556
310 30.2031966667
320 30.5408266667
330 30.3670233333
340 30.308
350 30.2178066667
360 30.49618
370 29.34614
380 29.3218366667
390 29.1694866667
400 30.4761933333
410 30.81849
420 29.28543
430 30.4253866667
440 30.5683166667
450 30.3761766667
460 30.2215566667
470 30.1773766667
480 30.1835933333
490 28.1265433333
500 29.0847066667
510 29.96485
520 30.5436066667
530 27.6054566667
540 30.6230966667
550 28.9908666667
560 30.38467
570 30.1699
580 28.99983
590 30.4795166667
600 30.2053733333
