10 39.8213769231
20 39.9613142857
30 39.9637387097
40 40.1871115385
50 39.5837129032
60 39.6158653846
70 39.5392774194
80 39.848556
90 40.1218125
100 39.9333058824
110 39.715608
120 39.562924
130 39.9424785714
140 39.4967
150 39.7772321429
160 39.609912
170 39.4563862069
180 39.9575566667
190 39.451908
200 39.8456241379
210 36.3676857143
220 35.8962586207
230 35.755075
240 35.7364259259
250 35.6794172414
260 35.7441933333
270 35.6581481481
280 35.6261555556
290 35.8373642857
300 35.6745517241
310 35.9312034483
320 35.9075965517
330 35.8933178571
340 35.7850423077
350 35.859104
360 35.7503483871
370 35.824437931
380 35.7889178571
390 35.8673
400 35.83494
410 35.8360107143
420 35.7407444444
430 35.8184633333
440 35.7487833333
450 35.7710923077
460 35.8405066667
470 35.685012
480 35.8708580645
490 35.7685689655
500 35.7129037037
510 35.869688
520 35.9732933333
530 35.8568772727
540 35.8572451613
550 35.853688
560 35.7965827586
570 35.7451230769
580 35.9237
590 35.7642071429
600 35.8220115385
