10 0
20 34.57874
30 31.7379
40 30.7715733333
50 29.8754133333
60 29.6543333333
70 30.5280833333
80 30.1538966667
90 29.0196066667
100 30.345
110 30.4343233333
120 29.19541
130 27.93507
140 30.55586
150 29.25415
160 30.49166
170 29.02864
180 29.4568233333
190 30.75142
200 30.4754866667
210 29.2048033333
220 29.22825
230 29.0402333333
240 29.32507
250 27.8448766667
260 29.0001833333
270 29.0324233333
280 27.8529833333
290 28.93177
300 29.1272933333
310 28.93075
320 29.0750633333
330 28.9708033333
340 28.8545266667
350 28.9880366667
360 29.2161066667
370 28.0269333333
380 28.0140866667
390 27.8933933333
400 29.12405
410 29.3894466667
420 27.93314
430 29.1740933333
440 29.1472133333
450 29.0188933333
460 28.88705
470 28.94166
480 28.9321633333
490 26.8322433333
500 27.8637766667
510 28.7578066667
520 29.17874
530 26.4867733333
540 29.3244333333
550 27.6954
560 29.05276
570 29.00234
580 27.8275833333
590 29.0278633333
600 28.94552
