10 39.8213769231
20 39.9613142857
30 39.9637387097
40 40.1871115385
50 39.5837129032
60 39.6158653846
70 39.5392774194
80 39.848556
90 40.1218125
100 39.9333058824
110 39.715608
120 39.562924
130 39.9424785714
140 39.4967
150 39.7772321429
160 39.609912
170 39.4563862069
180 39.9575566667
190 39.451908
200 39.8456241379
210 36.905375
220 36.4655068966
230 36.3213142857
240 36.2891222222
250 36.2135103448
260 36.2978
270 36.1918962963
280 36.159762963
290 36.4086785714
300 36.2037137931
310 36.5139448276
320 36.4975344828
330 36.4636571429
340 36.3348115385
350 36.422216
360 36.2982580645
370 36.3897965517
380 36.34415
390 36.4330035714
400 36.39151
410 36.3990607143
420 36.2853296296
430 36.3822933333
440 36.3002633333
450 36.3164653846
460 36.4113666667
470 36.226072
480 36.4382774194
490 36.3203689655
500 36.2542222222
510 36.435556
520 36.56089
530 36.4125590909
540 36.4303935484
550 36.411744
560 36.3473482759
570 36.3020807692
580 36.4989741935
590 36.3181928571
600 36.3804576923
