10 0
20 34.57874
30 31.7379
40 30.7715733333
50 29.8754133333
60 29.6543333333
70 30.5280833333
80 30.1538966667
90 29.0196066667
100 30.345
110 30.4343233333
120 29.19541
130 27.93507
140 30.55586
150 29.25415
160 30.49166
170 29.02864
180 29.4568233333
190 30.75142
200 30.4754866667
210 29.2048033333
220 29.43729
230 29.2404166667
240 29.5336033333
250 28.01375
260 29.1991666667
270 29.2249633333
280 28.04178
290 29.1107766667
300 29.3424
310 29.1150766667
320 29.28534
330 29.1672733333
340 29.0625466667
350 29.16423
360 29.40236
370 28.2143033333
380 28.2000733333
390 28.0796866667
400 29.31789
410 29.60131
420 28.1304766667
430 29.35279
440 29.3522933333
450 29.2110066667
460 29.0759266667
470 29.11683
480 29.1101766667
490 27.0177366667
500 28.0383133333
510 28.9348
520 29.37476
530 26.6468633333
540 29.51158
550 27.8810233333
560 29.2477333333
570 29.1710633333
580 27.99228
590 29.23746
600 29.12538
