10 39.8213769231
20 39.9613142857
30 39.9637387097
40 40.1871115385
50 39.5837129032
60 39.6158653846
70 39.5392774194
80 39.848556
90 40.1218125
100 39.9333058824
110 39.715608
120 39.562924
130 39.9424785714
140 39.4967
150 39.7772321429
160 39.609912
170 39.4563862069
180 39.9575566667
190 39.451908
200 39.8456241379
210 37.45915
220 37.0683172414
230 36.9321285714
240 36.8778
250 36.7776724138
260 36.8905433333
270 36.7605148148
280 36.7265037037
290 37.0186178571
300 36.7641137931
310 37.1314068966
320 37.1248482759
330 37.0694428571
340 36.9159307692
350 37.014988
360 36.8781290323
370 36.9919068966
380 36.9335
390 37.0275821429
400 36.98004
410 36.9969535714
420 36.8593037037
430 36.9807166667
440 36.8870866667
450 36.8936230769
460 37.0163
470 36.801396
480 37.0401
490 36.9039586207
500 36.8277518519
510 37.034992
520 37.1818766667
530 36.9949409091
540 37.0383064516
550 37.001748
560 36.9281862069
570 36.8946615385
580 37.1073322581
590 36.9060821429
600 36.9709461538
