10 0
20 34.57874
30 31.7379
40 30.7715733333
50 29.8754133333
60 29.6543333333
70 30.5280833333
80 30.1538966667
90 29.0196066667
100 30.345
110 30.4343233333
120 29.19541
130 27.93507
140 30.55586
150 29.25415
160 30.49166
170 29.02864
180 29.4568233333
190 30.75142
200 30.4754866667
210 29.2048033333
220 29.6486933333
230 29.4509
240 29.7575
250 28.1935366667
260 29.4067233333
270 29.42955
280 28.24254
290 29.29963
300 29.5691033333
310 29.3096066667
320 29.5082
330 29.3737
340 29.2828666667
350 29.35111
360 29.5976
370 28.4121166667
380 28.3976466667
390 28.2760166667
400 29.5209366667
410 29.8229866667
420 28.3384333333
430 29.5412233333
440 29.5676866667
450 29.4155833333
460 29.2770433333
470 29.3010433333
480 29.2987766667
490 27.2143333333
500 28.22268
510 29.11941
520 29.58283
530 26.8165866667
540 29.7076
550 28.0771133333
560 29.4530033333
570 29.3487033333
580 28.16693
590 29.4590866667
600 29.3163133333
