10 39.8213769231
20 39.9613142857
30 39.9637387097
40 40.1871115385
50 39.5837129032
60 39.6158653846
70 39.5392774194
80 39.848556
90 40.1218125
100 39.9333058824
110 39.715608
120 39.562924
130 39.9424785714
140 39.4967
150 39.7772321429
160 39.609912
170 39.4563862069
180 39.9575566667
190 39.451908
200 39.8456241379
210 37.9434964286
220 37.6020931034
230 37.4817857143
240 37.4100222222
250 37.2868586207
260 37.41997
270 37.2688592593
280 37.2361962963
290 37.5628892857
300 37.2626275862
310 37.6828827586
320 37.6914793103
330 37.6057678571
340 37.4305384615
350 37.539836
360 37.3930032258
370 37.5289310345
380 37.4599857143
390 37.5591392857
400 37.50059
410 37.52755
420 37.3689481481
430 37.5136266667
440 37.4103066667
450 37.4059076923
460 37.5599033333
470 37.315748
480 37.5729580645
490 37.4238517241
500 37.3372222222
510 37.56532
520 37.7351666667
530 37.5126545455
540 37.5810354839
550 37.5222
560 37.4422103448
570 37.4257153846
580 37.6456709677
590 37.43135
600 37.4977961538
