10 0
20 34.57874
30 31.7379
40 30.7715733333
50 29.8754133333
60 29.6543333333
70 30.5280833333
80 30.1538966667
90 29.0196066667
100 30.345
110 30.4343233333
120 29.19541
130 27.93507
140 30.55586
150 29.25415
160 30.49166
170 29.02864
180 29.4568233333
190 30.75142
200 30.4754866667
210 29.2048033333
220 29.83437
230 29.6357433333
240 29.9574166667
250 28.3525266667
260 29.5951
270 29.61062
280 28.4204133333
290 29.4682033333
300 29.7698366667
310 29.4807133333
320 29.70457
330 29.56221
340 29.4773533333
350 29.5161633333
360 29.7697466667
370 28.5881266667
380 28.57233
390 28.4479833333
400 29.70462
410 30.01716
420 28.52092
430 29.70873
440 29.75837
450 29.5967533333
460 29.4550166667
470 29.4680533333
480 29.4665
490 27.3879566667
500 28.3860933333
510 29.2824
520 29.76617
530 26.96634
540 29.8831833333
550 28.25184
560 29.6329666667
570 29.5055666667
580 28.3230166667
590 29.6543066667
600 29.48498
