10 39.8213769231
20 39.9613142857
30 39.9637387097
40 40.1871115385
50 39.5837129032
60 39.6158653846
70 39.5392774194
80 39.848556
90 40.1218125
100 39.9333058824
110 39.715608
120 39.562924
130 39.9424785714
140 39.4967
150 39.7772321429
160 39.609912
170 39.4563862069
180 39.9575566667
190 39.451908
200 39.8456241379
210 35.7034107143
220 34.2008965517
230 34.350925
240 34.1336068966
250 34.3917607143
260 34.2095185185
270 34.4742551724
280 34.5338103448
290 34.3188107143
300 34.3012
310 34.4115862069
320 34.1742827586
330 34.3536
340 34.3369961538
350 34.3513806452
360 34.6050923077
370 34.2476785714
380 34.0025961538
390 34.4312035714
400 34.2916966667
410 34.185425
420 34.5187115385
430 34.4575727273
440 34.2478740741
450 34.1786892857
460 34.6658172414
470 34.2532461538
480 34.3542333333
490 34.1726296296
500 34.0678066667
510 34.0844142857
520 34.1488733333
530 34.3243583333
540 34.29660625
550 34.3320137931
560 34.6290115385
570 34.3034
580 34.3318321429
590 34.3888966667
600 34.2037076923
