10 0
20 34.57874
30 31.7379
40 30.7715733333
50 29.8754133333
60 29.6543333333
70 30.5280833333
80 30.1538966667
90 29.0196066667
100 30.345
110 30.4343233333
120 29.19541
130 27.93507
140 30.55586
150 29.25415
160 30.49166
170 29.02864
180 29.4568233333
190 30.75142
200 30.4754866667
210 29.2048033333
220 28.94904
230 28.43148
240 28.7684066667
250 27.5375333333
260 28.4037266667
270 28.23836
280 28.6381
290 29.6398933333
300 29.6374933333
310 29.37241
320 29.7327733333
330 29.5331566667
340 29.2837533333
350 29.8141966667
360 29.6662433333
370 27.7539666667
380 29.56021
390 27.13599
400 28.5009166667
410 29.89571
420 29.6300633333
430 29.5615633333
440 29.6455933333
450 29.3602333333
460 29.3900166667
470 28.45005
480 29.28529
490 28.4466366667
500 29.4976533333
510 29.4520666667
520 29.5824233333
530 28.0044566667
540 29.78848
550 28.49775
560 29.5684633333
570 29.61047
580 28.33279
590 28.2155066667
600 29.6545033333
