10 39.8213769231
20 39.9613142857
30 39.9637387097
40 40.1871115385
50 39.5837129032
60 39.6158653846
70 39.5392774194
80 39.848556
90 40.1218125
100 39.9333058824
110 39.715608
120 39.562924
130 39.9424785714
140 39.4967
150 39.7772321429
160 39.609912
170 39.4563862069
180 39.9575566667
190 39.451908
200 39.8456241379
210 38.9184964286
220 38.4951586207
230 38.56785
240 38.3555296296
250 38.2673862069
260 38.4158655172
270 38.4542222222
280 38.1117172414
290 38.3878464286
300 38.1453551724
310 38.3737333333
320 38.5169607143
330 38.4155961538
340 38.1451153846
350 38.1888931034
360 38.1873285714
370 38.47925
380 38.3947333333
390 38.3026961538
400 38.2968612903
410 38.3508482759
420 38.159644
430 38.4160212121
440 38.3729464286
450 38.3157535714
460 38.4174233333
470 38.3262625
480 38.5440515152
490 38.2921464286
500 38.3144269231
510 38.2913344828
520 38.4232466667
530 38.3914727273
540 38.3812142857
550 38.3523428571
560 38.4459653846
570 38.4190357143
580 38.4981814815
590 38.330462069
600 38.5394035714
