10 0
20 34.57874
30 31.7379
40 30.7715733333
50 29.8754133333
60 29.6543333333
70 30.5280833333
80 30.1538966667
90 29.0196066667
100 30.345
110 30.4343233333
120 29.19541
130 27.93507
140 30.55586
150 29.25415
160 30.49166
170 29.02864
180 29.4568233333
190 30.75142
200 30.4754866667
210 29.2048033333
220 30.16103
230 29.86997
240 30.27696
250 28.7245966667
260 29.9046166667
270 29.69778
280 29.7804466667
290 30.84222
300 31.0747266667
310 30.76031
320 31.17752
330 30.8561533333
340 30.8357466667
350 30.93132
360 31.09798
370 28.66684
380 31.1482133333
390 28.5971566667
400 30.04365
410 31.30151
420 31.2550133333
430 31.0752066667
440 31.1371766667
450 30.7965266667
460 30.91235
470 29.70471
480 30.8565166667
490 29.90972
500 30.76595
510 30.8987766667
520 31.0084033333
530 29.54993
540 31.18105
550 29.9646366667
560 30.99284
570 30.7968966667
580 29.7899133333
590 29.5989866667
600 30.91167
