10 39.8213769231
20 39.9613142857
30 39.9637387097
40 40.1871115385
50 39.5837129032
60 39.6158653846
70 39.5392774194
80 39.848556
90 40.1218125
100 39.9333058824
110 39.715608
120 39.562924
130 39.9424785714
140 39.4967
150 39.7772321429
160 39.609912
170 39.4563862069
180 39.9575566667
190 39.451908
200 39.8456241379
210 37.4538392857
220 36.5388482759
230 36.6419142857
240 36.3943851852
250 36.4752896552
260 36.5137310345
270 36.6155814815
280 36.5071068966
290 36.5325892857
300 36.3785551724
310 36.5632966667
320 36.4988892857
330 36.5462692308
340 36.4345384615
350 36.3917827586
360 36.5092
370 36.5932428571
380 36.3886037037
390 36.5100923077
400 36.4351580645
410 36.4140517241
420 36.46048
430 36.6081181818
440 36.5585214286
450 36.4288357143
460 36.6277633333
470 36.4702708333
480 36.5913575758
490 36.4537
500 36.4332538462
510 36.4223689655
520 36.54627
530 36.5537272727
540 36.4835171429
550 36.5812178571
560 36.6533384615
570 36.5472214286
580 36.5594814815
590 36.5299586207
600 36.5896
