10 0
20 34.57874
30 31.7379
40 30.7715733333
50 29.8754133333
60 29.6543333333
70 30.5280833333
80 30.1538966667
90 29.0196066667
100 30.345
110 30.4343233333
120 29.19541
130 27.93507
140 30.55586
150 29.25415
160 30.49166
170 29.02864
180 29.4568233333
190 30.75142
200 30.4754866667
210 29.2048033333
220 29.6089
230 29.21464
240 29.5852
250 28.1895966667
260 29.1873266667
270 29.0294533333
280 29.2299666667
290 30.2756166667
300 30.3794566667
310 30.13419
320 30.51039
330 30.2117833333
340 30.1698266667
350 30.42499
360 30.4548366667
370 28.18452
380 30.4883133333
390 27.9246466667
400 29.3609266667
410 30.6286166667
420 30.5616933333
430 30.45352
440 30.45784
450 30.1751166667
460 30.2340366667
470 29.1092033333
480 30.12999
490 29.24385
500 30.2161766667
510 30.3184866667
520 30.4008233333
530 28.8907333333
540 30.52113
550 29.29634
560 30.34594
570 30.21419
580 29.1768366667
590 28.90569
600 30.32414
