10 39.8213769231
20 39.9613142857
30 39.9637387097
40 40.1871115385
50 39.5837129032
60 39.6158653846
70 39.5392774194
80 39.848556
90 40.1218125
100 39.9333058824
110 39.715608
120 39.562924
130 39.9424785714
140 39.4967
150 39.7772321429
160 39.609912
170 39.4563862069
180 39.9575566667
190 39.451908
200 39.8456241379
210 36.2182178571
220 35.2396133333
230 34.7079103448
240 35.1300555556
250 35.2582551724
260 35.0292433333
270 35.0664111111
280 34.6154965517
290 35.1009103448
300 35.2018166667
310 34.5656758621
320 35.1693678571
330 34.7080966667
340 35.1390692308
350 34.6504066667
360 34.532262963
370 34.67325
380 35.0650142857
390 35.123136
400 34.5435185185
410 34.8454967742
420 35.2450153846
430 34.8207703704
440 34.8797576923
450 35.088659375
460 34.2179133333
470 35.1102428571
480 34.8660592593
490 34.6361653846
500 34.730462963
510 34.8826366667
520 35.0434733333
530 35.3282241379
540 34.7565428571
550 35.5514851852
560 34.5697
570 34.700412
580 34.9348965517
590 34.8635
600 35.0038103448
