10 0
20 34.57874
30 31.7379
40 30.7715733333
50 29.8754133333
60 29.6543333333
70 30.5280833333
80 30.1538966667
90 29.0196066667
100 30.345
110 30.4343233333
120 29.19541
130 27.93507
140 30.55586
150 29.25415
160 30.49166
170 29.02864
180 29.4568233333
190 30.75142
200 30.4754866667
210 29.2048033333
220 29.1637766667
230 29.7062066667
240 30.0411933333
250 28.57679
260 30.19593
270 29.99035
280 28.4855133333
290 29.8595866667
300 29.76535
310 28.78021
320 29.5774666667
330 30.0276266667
340 29.25222
350 29.8330333333
360 30.01549
370 28.69341
380 29.5096666667
390 28.7512733333
400 29.7771966667
410 29.9752033333
420 28.5714466667
430 30.2883566667
440 26.1778533333
450 29.8224566667
460 30.0567366667
470 29.5617733333
480 29.96011
490 26.31555
500 29.85829
510 29.3197
520 30.1271666667
530 28.5240766667
540 30.4611466667
550 28.7709366667
560 30.19985
570 29.7710166667
580 27.4323666667
590 29.7826
600 30.0328033333
