10 39.8213769231
20 39.9613142857
30 39.9637387097
40 40.1871115385
50 39.5837129032
60 39.6158653846
70 39.5392774194
80 39.848556
90 40.1218125
100 39.9333058824
110 39.715608
120 39.562924
130 39.9424785714
140 39.4967
150 39.7772321429
160 39.609912
170 39.4563862069
180 39.9575566667
190 39.451908
200 39.8456241379
210 39.0564607143
220 38.9023965517
230 38.7337928571
240 38.7350259259
250 38.4232689655
260 38.6103633333
270 38.2737148148
280 38.349137037
290 38.7425821429
300 38.2657642857
310 38.6360766667
320 38.8681896552
330 38.5559357143
340 38.4687555556
350 38.4741
360 38.351046875
370 38.490372
380 38.3726785714
390 38.5778827586
400 38.3699857143
410 38.7287129032
420 38.2606846154
430 38.6144483871
440 38.3015714286
450 38.3684642857
460 38.4008137931
470 38.3353931034
480 38.8246714286
490 38.3477724138
500 38.237437037
510 38.3072964286
520 38.7074344828
530 38.3216565217
540 38.7080645161
550 38.3132884615
560 38.3792448276
570 38.83636
580 38.7310935484
590 38.324375
600 38.5429230769
