10 0
20 34.57874
30 31.7379
40 30.7715733333
50 29.8754133333
60 29.6543333333
70 30.5280833333
80 30.1538966667
90 29.0196066667
100 30.345
110 30.4343233333
120 29.19541
130 27.93507
140 30.55586
150 29.25415
160 30.49166
170 29.02864
180 29.4568233333
190 30.75142
200 30.4754866667
210 29.2048033333
220 30.22119
230 29.9616133333
240 30.3549866667
250 28.6323033333
260 30.03409
270 29.9924633333
280 28.6557166667
290 29.8008633333
300 30.13728
310 29.82312
320 29.9730266667
330 29.94445
340 29.81674
350 29.83437
360 30.1357366667
370 28.9474166667
380 27.6626833333
390 28.7693533333
400 29.9837433333
410 30.3274666667
420 29.0001633333
430 29.9198333333
440 30.1091866667
450 29.9645033333
460 29.80679
470 29.8765633333
480 29.7409033333
490 27.69292
500 28.6440166667
510 29.5589966667
520 30.0951366667
530 27.3044966667
540 30.0403133333
550 28.6851133333
560 30.0392666667
570 29.87661
580 28.65997
590 30.21878
600 29.72235
