10 39.8213769231
20 39.9613142857
30 39.9637387097
40 40.1871115385
50 39.5837129032
60 39.6158653846
70 39.5392774194
80 39.848556
90 40.1218125
100 39.9333058824
110 39.715608
120 39.562924
130 39.9424785714
140 39.4967
150 39.7772321429
160 39.609912
170 39.4563862069
180 39.9575566667
190 39.451908
200 39.8456241379
210 37.8371678571
220 37.4570931034
230 37.1076607143
240 37.3168925926
250 36.8903413793
260 37.0879966667
270 36.6324
280 36.671937037
290 37.2118821429
300 36.7366321429
310 36.9699366667
320 37.3730103448
330 36.992725
340 36.8985185185
350 36.9680461538
360 36.779009375
370 36.878584
380 36.8616321429
390 36.9590137931
400 36.7712821429
410 37.3365645161
420 36.6598307692
430 37.1281483871
440 36.7497107143
450 36.8625321429
460 36.8470793103
470 36.7957793103
480 37.34075
490 36.8232275862
500 36.6942777778
510 36.7571035714
520 37.1685827586
530 36.7241173913
540 37.1276806452
550 36.8250230769
560 36.7424965517
570 37.24468
580 37.1989225806
590 36.7748285714
600 36.9283038462
