10 0
20 34.57874
30 31.7379
40 30.7715733333
50 29.8754133333
60 29.6543333333
70 30.5280833333
80 30.1538966667
90 29.0196066667
100 30.345
110 30.4343233333
120 29.19541
130 27.93507
140 30.55586
150 29.25415
160 30.49166
170 29.02864
180 29.4568233333
190 30.75142
200 30.4754866667
210 29.2048033333
220 29.7873066667
230 29.40796
240 29.76028
250 28.1356133333
260 29.59746
270 29.4894766667
280 28.0455066667
290 29.25445
300 29.55952
310 29.3558233333
320 29.34604
330 29.4557066667
340 29.22984
350 29.27279
360 29.5944
370 28.37403
380 27.1422866667
390 28.2836633333
400 29.4266933333
410 29.7293766667
420 28.51254
430 29.3489433333
440 29.6026
450 29.4364566667
460 29.2833133333
470 29.3833666667
480 29.25372
490 27.20203
500 28.19807
510 28.9928566667
520 29.5495233333
530 26.8887466667
540 29.5004333333
550 28.1978066667
560 29.5098366667
570 29.4179133333
580 28.1486166667
590 29.7301466667
600 29.2128733333
