10 38.8375
20 41.9493
30 41.5359
40 40.3748
60 40.0197
70 39.5031
80 38.5866
90 38.8074
100 40.7653
110 39.7142
120 38.4054
140 38.3997
150 37.3915
160 41.4987
170 40.9473
180 36.7417
190 39.3608
200 38.4364
210 38.7324
220 39.3196
230 40.8028
240 40.4106
250 40.1625
270 40.778
280 38.753
290 39.7112
300 41.1993
310 40.8993
320 40.9354
330 39.5089
340 41.9251
350 39.0962
370 40.9684
380 39.3935
390 39.4799
400 38.8334
410 40.0948
420 38.9039
430 39.7157
440 38.7184
450 39.2012
470 39.2659
480 39.1933
490 36.6302
500 40.4503
510 40.3197
520 38.5223
530 40.0585
540 40.1981
550 39.1735
560 41.583
570 39.5558
580 38.81
590 38.7333
