10 67.0349
20 68.6383
30 66.894
40 68.4511
50 65.962
60 69.6387
70 67.7192
80 68.07
90 69.8742
100 67.7989
110 69.0686
120 67.4892
130 69.437
140 66.7753
150 66.2373
160 69.2458
170 67.4107
180 65.787
190 69.9609
200 67.7409
210 45.8096
230 43.8584
240 42.5518
250 44.3878
260 42.7428
270 44.6824
280 45.9751
290 43.6426
300 39.6203
310 44.8227
320 41.6339
330 44.6841
340 41.9697
350 43.0268
360 43.589
370 41.8496
380 44.6212
390 41.8887
400 45.5693
410 44.2498
420 41.6783
430 45.039
440 44.5401
450 43.1115
460 44.159
470 44.3675
480 41.6312
490 44.4573
500 44.6095
510 43.6144
520 45.079
530 45.5787
540 42.5781
550 43.4222
560 44.931
570 43.214
580 42.3058
590 43.9851
