10 36.973
20 36.5712
30 35.0028
40 35.1625
50 35.6645
60 36.3222
70 35.0071
80 35.486
90 34.4718
100 35.7567
110 35.6446
120 34.829
130 35.3634
140 35.001
150 33.901
160 32.901
170 35.0178
180 34.8096
190 35.1154
200 34.9378
210 34.0456
220 34.8644
230 36.6639
240 33.0786
250 35.714
260 34.5961
270 35.0558
280 35.3917
290 34.8317
300 35.039
310 36.1598
320 34.389
330 35.5846
340 34.9499
350 35.0873
370 35.5385
380 35.8761
390 35.4754
400 34.7497
410 34.7463
420 34.53
430 35.0229
440 34.8548
450 34.2061
470 35.6661
480 35.2199
490 34.6252
500 35.9604
510 35.5909
520 35.2673
530 35.0287
540 34.5155
550 36.1002
560 33.0436
570 35.0643
580 34.9654
590 35.4441
