5 32.6703928571
10 42.9108424242
15 43.7138848485
20 43.7065571429
25 43.7545428571
30 43.6446558824
35 43.8146352941
40 43.7176942857
45 43.7304628571
50 43.7780457143
55 43.4810588235
60 43.9613142857
65 43.7359485714
70 43.7053885714
75 43.6988571429
80 43.4868314286
85 44.0070828571
90 43.7309371429
95 43.7361742857
100 43.67024
105 43.5674771429
110 43.8911764706
115 43.8208314286
120 43.7341771429
125 43.7309171429
130 43.4351285714
135 43.9395470588
140 43.7888342857
145 43.7333971429
150 43.7438171429
155 43.5352314286
160 43.8251342857
165 43.7827114286
170 43.7713542857
175 43.7413714286
180 43.5016
185 27.6523266667
190 27.3552833333
195 29.3548333333
200 28.6975461538
205 27.98114
210 27.5922631579
215 27.54455
220 29.10445
225 28.35432
230 27.93737
235 27.710085
240 27.3801333333
245 29.381
250 28.5318428571
255 28.1984689655
260 27.6472590909
265 26.9894714286
270 29.11515
275 29.33755
280 27.4364
285 28.5427083333
290 27.3862428571
295 29.2702666667
300 29.2702666667
305 27.83315
310 28.193644
315 27.4354875
320 29.5025666667
325 29.5025666667
330 28.0448321429
335 28.3418222222
340 27.1623571429
345 29.2119666667
350 29.16885
355 27.9690285714
360 28.6027111111
365 27.548125
370 29.0283666667
375 29.4257
380 27.950272
385 28.4970586207
390 27.2901428571
395 29.4364333333
400 29.4364333333
405 28.399747619
410 28.3383
415 27.8264666667
420 28.9705333333
425 28.9705333333
430 28.5896380952
435 28.254862069
440 28.1569
445 29.6189333333
450 29.4268
455 28.4532055556
460 28.3314285714
465 27.7732
470 27.954925
475 29.4638
480 28.0562333333
485 28.6655222222
490 27.2470666667
495 27.7152833333
500 29.2633
505 28.6251285714
510 28.5971115385
515 27.77465625
520 27.6577666667
525 28.9918
530 28.9010615385
535 28.3202923077
540 28.13885
545 27.4846833333
550 29.4453333333
555 29.3850166667
560 28.325932
565 27.9486578947
570 27.1620571429
575 29.4527666667
580 28.6282625
585 28.4925615385
590 27.85692
595 27.0711428571
600 29.4947
