5 43.6737
10 43.681
15 43.669
20 43.6816
25 43.6838
30 43.6837
35 43.6653
40 43.6644
45 43.725
50 42.9966
55 44.2831
60 43.7232
65 43.6554
70 43.6973
75 42.3182
80 44.3249
85 44.3297
90 43.6727
95 43.6512
100 43.6648
105 43.5714
110 43.4288
115 44.3703
120 43.7244
125 43.6904
130 43.6257
135 43.7051
140 43.7196
145 43.692
150 43.6782
155 43.7203
160 43.6781
165 43.7057
170 43.6738
175 43.6725
180 43.7272
200 29.3997
205 28.5688
225 29.4257
230 28.5654
255 29.4339
280 29.3921
285 28.7233
305 28.0087
310 30.5188
330 29.4074
335 28.8725
355 29.407
360 28.0122
380 29.3912
385 28.5745
405 29.3976
410 28.5623
430 29.4123
435 28.5724
455 29.4132
460 28.5743
480 29.4094
485 28.7097
505 28.2344
510 30.4141
535 29.4269
540 29.5585
560 29.4171
565 29.0193
585 29.3967
590 28.8802
5 42.158
10 43.4834
15 43.7047
20 43.7337
25 43.7244
30 43.6841
35 43.7238
40 43.7079
45 43.6728
50 43.7175
55 43.6782
60 43.7102
65 43.7266
70 43.7055
75 43.6832
80 43.6964
85 43.715
90 43.6737
95 43.7064
100 42.9741
105 43.9041
110 44.0732
115 43.6957
120 43.6848
125 43.6802
130 43.0775
135 44.2306
140 43.6893
145 43.7207
150 43.7035
155 43.0887
160 44.2761
165 43.7086
170 43.7192
175 43.7081
180 43.612
185 24.9265
200 23.4837
205 22.9383
210 24.0021
225 23.0088
230 23.4244
235 24.0029
250 23.479
255 22.9286
260 23.9856
280 22.6799
285 24.1909
305 22.9437
310 23.992
330 22.9494
335 23.9909
355 23.7083
360 23.9965
380 22.9478
385 23.993
405 24.8119
410 23.4959
430 23.4731
435 23.2352
455 23.4886
460 23.1198
480 23.4865
485 22.6718
490 24.2083
505 23.4834
510 22.9276
515 24.0002
530 23.4656
535 22.9352
540 24.0032
560 22.8541
565 23.9847
585 22.9398
590 23.9912
5 35.4783
10 43.743
15 43.7634
20 43.7794
25 43.7653
30 43.7696
35 43.7511
40 43.768
45 43.7174
50 43.725
55 43.7454
60 43.7422
65 43.7577
70 43.76
75 43.7707
80 43.7372
85 43.7738
90 43.7658
95 43.7845
100 43.7378
105 43.7526
110 43.7556
115 43.7792
120 43.7904
125 43.7516
130 43.7521
135 43.769
140 43.6943
145 43.7433
150 43.7654
155 43.7806
160 43.0359
165 44.4152
170 43.7424
175 43.7718
180 43.77
185 28.0305
205 29.4375
210 27.0985
230 29.9529
235 28.6088
260 29.8385
285 28.5993
310 28.5883
335 28.588
340 30.1914
360 28.5922
365 30.2138
385 28.0378
390 30.694
410 28.5758
415 30.1852
435 29.9625
440 29.7159
460 27.7035
465 30.8123
470 29.5714
490 29.0459
495 30.0875
505 29.4233
515 28.7625
520 30.0909
530 29.414
540 28.5963
545 29.5627
555 29.691
565 28.583
570 30.2002
580 29.4322
590 28.5865
595 29.4359
5 28.682
10 41.6742
15 43.6668
20 43.6699
25 43.6969
30 43.6948
35 43.6368
40 43.6622
45 43.0058
50 44.3449
55 43.3025
60 43.9469
65 43.6981
70 43.6926
75 43.6508
80 43.3092
85 43.9552
90 43.6736
95 43.6792
100 43.6625
105 43.7026
110 43.7053
115 43.7277
120 43.6704
125 43.6665
130 42.9512
135 44.2536
140 43.6767
145 43.6841
150 43.6935
155 43.2644
160 44.0124
165 43.697
170 43.7009
175 43.6492
180 43.3211
185 30.306
205 27.8528
210 30.793
230 29.4225
235 28.7214
255 28.7298
260 28.5616
280 29.4382
285 28.5914
305 28.0184
310 29.9349
330 29.4201
335 28.5805
355 29.4108
360 28.5918
380 29.4069
385 28.5946
410 28.8863
415 30.1818
435 28.5951
440 30.1883
460 28.5912
465 30.8411
485 30.178
490 29.2595
510 29.428
515 29.4415
535 29.4134
540 29.2906
570 24.159
585 31.0687
590 26.8899
5 44.0075
10 43.6887
15 43.6656
20 43.6789
25 43.7162
30 43.7106
35 43.7517
40 43.7129
45 43.692
50 43.6995
55 43.6915
60 43.7025
65 43.7185
70 43.7091
75 43.7086
80 43.714
85 43.7212
90 43.6953
95 43.7089
100 43.7359
105 43.3637
110 44.0269
115 43.6868
120 43.7158
125 43.7388
130 43.0807
135 44.3264
140 43.7239
145 43.6819
150 43.7273
155 43.0693
160 44.3441
165 43.7225
170 43.707
175 43.6973
180 43.3356
200 29.3952
205 27.8466
230 29.6658
255 28.9762
280 28.5512
305 28.5867
310 30.1717
330 27.6737
335 30.7849
355 28.5639
360 30.1943
380 28.0063
385 30.6681
405 29.4155
410 29.4273
430 29.4111
435 29.4261
455 29.4184
460 28.8899
480 29.4159
485 29.4092
505 29.4051
510 27.8426
530 30.0889
535 28.5787
555 29.4209
560 28.577
585 28.5653
10 43.814
15 43.7904
20 43.8225
25 43.774
40 43.7869
45 43.3987
50 44.1786
60 43.7901
65 43.7667
70 43.7581
75 43.0083
80 43.7287
85 44.4478
90 43.7797
95 43.8087
100 43.7978
105 43.1861
110 44.4153
115 43.7736
120 43.8313
125 43.7777
130 43.4572
135 44.0887
140 43.8275
145 43.8019
150 44.0666
155 43.4619
160 44.0888
165 43.7982
170 43.8217
175 43.7902
180 43.4499
185 30.256
190 29.4639
195 29.4782
210 29.7469
215 29.953
220 28.7817
235 30.2536
240 28.9349
245 30.0007
255 29.1772
260 30.2435
265 29.4733
270 28.781
280 25.4482
285 32.5132
290 29.4755
295 28.9327
305 29.4726
315 29.4585
320 29.4759
330 30.0026
335 30.2363
345 28.7714
355 28.6288
365 29.4886
370 28.2199
380 28.6171
395 29.4553
405 29.6111
420 29.471
430 29.4855
445 30.001
455 29.4651
475 29.4789
480 29.3217
495 30.591
500 29.47
505 29.4689
520 29.9894
525 28.9471
530 29.4726
545 29.4747
550 29.4637
555 28.945
570 29.4661
575 29.4729
580 29.4782
595 29.3091
600 29.6174
5 35.2979
10 44.0153
15 43.7589
20 44.0572
25 43.7311
30 43.7616
35 43.7224
40 43.7281
45 43.7624
50 43.7209
55 43.113
60 44.3857
65 43.7132
70 43.7204
75 43.7211
80 43.0754
85 44.384
90 43.7319
95 43.7351
100 43.7132
105 43.7387
110 43.1176
115 44.4036
120 43.7353
125 43.7493
130 43.7698
135 43.7531
140 43.7262
145 43.7576
150 43.7309
155 43.7362
160 43.7488
165 43.7312
170 43.7458
175 43.7
180 43.7431
185 23.5448
205 23.7894
210 23.495
230 23.4893
235 23.5521
255 23.9669
260 23.4408
280 23.4781
285 23.5742
305 23.4846
310 23.7998
330 23.4426
335 23.5434
355 23.4978
360 23.7788
380 23.6574
385 23.851
410 23.2492
435 23.1914
460 23.1782
465 23.8709
485 24.3709
490 23.79
510 23.9982
515 23.9552
535 23.3337
540 23.9326
560 23.4927
565 23.5592
585 23.7158
590 23.997
10 40.7077
15 44.3611
20 43.7818
25 43.7556
30 43.7765
35 43.7574
40 43.7602
45 43.7949
50 43.8154
55 43.763
60 43.7893
65 43.7716
70 43.7477
75 43.8178
80 43.0524
85 44.5027
90 43.8426
95 43.7901
100 44.0725
105 42.8212
110 44.7195
115 43.7999
120 43.7604
125 43.7642
130 43.0919
135 44.4548
140 43.7655
145 43.7672
150 43.7491
155 43.6611
160 43.911
165 43.7721
170 43.8049
175 43.7595
180 43.4555
205 29.6969
210 30.2039
230 28.6144
235 30.2229
255 28.619
260 30.2322
280 27.8647
285 30.8106
305 29.4431
310 28.3386
330 29.4501
335 29.4439
355 29.4692
360 29.5925
380 29.4341
385 29.4573
405 29.4538
410 28.9041
430 29.4552
435 28.9096
460 27.6894
485 28.6043
510 29.9741
515 30.2347
535 28.6079
560 29.3149
565 30.2102
585 28.6103
590 30.2384
20 43.6734
25 43.0735
30 43.9845
35 43.4917
40 43.0798
45 44.3376
50 43.7368
55 43.3073
60 44.0438
65 43.6995
70 43.7068
75 43.7123
80 43.7568
85 43.7359
90 43.737
95 43.7159
100 43.7224
105 42.9297
110 44.2741
115 43.727
120 43.7058
125 43.7397
130 43.665
135 43.722
140 43.7296
145 43.6959
150 43.7555
155 43.3311
160 44.0759
165 43.6975
170 43.7064
175 43.7272
180 43.691
185 24.7174
190 23.4052
210 23.7884
215 23.4919
235 24.2195
240 23.5003
260 23.4823
265 23.4735
285 23.8898
290 23.5876
310 22.7872
315 24.1458
335 22.6763
340 24.2166
360 22.9376
365 23.9893
385 22.9274
390 23.9974
410 22.9358
415 23.5313
435 22.929
440 23.9769
465 23.9899
490 24.0032
495 23.2299
515 23.9942
520 23.4801
540 23.4853
545 23.4836
565 23.0094
570 23.9202
590 23.5356
595 24.3475
20 42.2749
25 44.7996
30 44.0856
35 43.4947
40 43.7947
45 44.0601
50 44.1306
55 43.7687
60 43.8256
65 43.7987
70 43.8051
75 43.8047
80 43.4625
85 44.1149
90 43.7641
95 43.8264
100 43.4254
105 43.5044
110 44.4728
115 43.7681
120 43.7688
125 43.7965
130 42.8696
135 44.6533
140 43.8093
145 43.8162
150 43.7889
155 43.4024
160 44.157
165 43.7735
170 43.7567
175 43.7298
180 43.7792
185 28.9229
205 29.7022
210 30.2037
230 28.6179
235 30.2191
255 30.0948
260 30.2278
280 27.8826
285 30.7113
305 28.6127
310 29.7155
330 29.4561
335 28.8985
355 29.4552
360 29.4492
365 29.4401
380 29.4515
385 28.2153
405 29.9563
410 28.7802
415 29.5951
430 29.4461
435 28.6266
440 30.2499
455 29.4682
460 28.0369
465 30.7045
480 29.4544
485 29.583
490 29.3406
505 28.376
510 29.6962
515 29.9815
530 29.7212
535 29.1947
540 30.2169
560 29.1647
565 30.2192
585 28.6167
590 30.0949
5 0
10 43.5125
15 43.7515
20 43.754
25 43.7006
30 43.711
35 43.7889
40 43.7621
45 43.7623
50 43.7462
55 43.7597
60 43.7919
65 43.7487
70 43.7703
75 43.7449
80 43.7903
85 43.7776
90 43.7564
95 43.7019
100 43.7451
105 43.7512
110 43.769
115 43.7363
120 43.7534
125 43.7264
130 43.7549
135 43.7555
140 43.7356
145 43.7165
150 43.7816
155 43.7587
160 43.7116
165 43.7367
170 43.7315
175 43.7758
180 43.7399
185 24.0922
205 22.6094
210 24.5075
230 22.6234
235 24.2872
255 23.5203
260 23.2144
280 23.5111
285 23.747
305 23.4929
310 22.0123
330 23.5077
335 23.208
355 23.5271
360 23.2097
380 23.807
385 22.9627
410 23.6006
435 22.959
460 27.8753
485 28.5686
510 29.4144
515 29.4288
535 27.8314
540 30.9068
560 29.4177
565 29.5519
585 29.4232
590 28.733
5 29.136
10 41.9257
15 43.7704
20 43.7384
25 43.7562
30 43.7398
35 43.7604
40 43.7392
45 43.72
50 43.7625
55 43.7499
60 43.7657
65 43.7234
70 43.7391
75 43.7477
80 43.0662
85 44.3398
90 43.7252
95 43.7234
100 43.7237
105 43.4277
110 44.0631
115 43.7115
120 43.722
125 43.7314
130 43.0629
135 44.3528
140 43.7452
145 43.7243
150 43.7489
155 43.3864
160 44.0821
165 43.7401
170 43.7803
175 43.7546
180 43.734
205 28.5789
230 28.5796
255 28.5864
280 29.9621
305 28.5769
310 30.1929
330 28.5847
335 30.1847
355 28.5849
360 30.2013
380 28.0021
385 30.6634
405 27.8333
410 29.6878
430 29.4365
435 27.6922
455 29.4372
460 28.7323
5 0
10 43.4974
15 43.7566
20 43.7618
25 43.7529
30 43.7709
35 43.7443
40 43.7609
45 43.7118
50 43.6399
55 43.6999
60 43.7846
65 43.7831
70 43.7441
75 43.0155
80 43.9413
85 44.0936
90 43.7624
95 43.7683
100 43.7313
105 43.0512
110 44.4878
115 43.7281
120 43.7686
125 43.7674
130 44.0126
135 43.7844
140 43.7237
145 43.7603
150 43.713
155 43.7722
160 43.6932
165 43.7696
170 43.7362
175 43.7601
180 43.3396
185 24.9082
205 22.8674
210 24.0628
230 22.632
235 24.2524
255 23.5042
260 24.0253
265 23.5029
280 22.966
285 24.2196
290 23.2874
305 23.4516
310 23.5841
315 23.4996
330 23.5136
335 23.9605
340 23.0229
355 23.5153
360 22.7833
365 24.1738
380 23.513
385 23.5182
390 23.5085
405 23.512
410 22.7972
415 24.1876
430 23.4481
435 23.2803
440 23.7975
455 23.5224
460 23.4495
465 23.5769
480 23.5126
485 22.9488
490 24.0327
510 23.1926
515 24.0268
535 23.205
540 24.0199
560 23.2025
565 24.0211
585 23.9999
590 23.5735
595 23.5126
5 0
10 43.2218
15 43.6387
20 43.6405
25 43.6704
30 43.2645
35 44.0012
40 43.6688
45 43.6599
50 43.6814
55 43.0857
60 44.2503
65 43.6971
70 43.6401
75 43.6249
80 43.5941
85 43.6323
90 43.6523
95 43.6583
100 43.6918
105 43.7288
110 43.666
115 43.6422
120 43.6561
125 43.6677
130 43.7028
135 43.6813
140 43.6713
145 43.686
150 43.6785
155 43.9875
160 43.37
165 43.656
170 43.702
175 43.653
180 43.6145
185 30.1381
205 28.5589
210 30.1559
230 30.1597
235 29.3769
255 29.3845
260 28.1352
280 29.3948
285 29.5085
305 29.406
310 28.8596
330 29.3961
335 28.8657
355 28.8624
360 29.2438
385 28.5426
410 28.5746
435 29.779
440 29.372
460 28.6998
465 30.1533
485 28.7124
490 30.0476
510 29.2434
515 29.642
535 27.8142
540 30.4032
560 29.3918
565 29.3973
585 29.2747
590 28.8543
5 43.7255
10 43.7143
15 43.6706
20 43.7012
25 43.7341
30 43.7247
35 43.7161
40 43.6988
45 43.6914
50 43.7443
55 43.7163
60 43.7528
65 43.7684
70 43.7139
75 43.703
80 43.6749
85 43.666
90 43.7088
95 43.7006
100 43.6959
105 43.9856
110 43.4395
115 43.7123
120 43.7307
125 43.7226
130 43.7047
135 43.7346
140 43.7111
145 43.6777
150 43.7093
155 43.7016
160 43.6944
165 43.0604
170 44.3524
175 43.7268
180 43.0033
200 29.4354
205 28.5745
225 28.0145
230 29.9325
255 28.57
280 28.6017
305 29.4104
310 29.4323
330 28.7387
335 31.161
355 27.4384
360 31.1637
380 30.0576
385 29.4261
405 29.9274
410 28.8926
430 28.8981
435 29.2664
455 29.4165
460 28.8776
480 28.3392
485 30.4547
505 29.4131
510 28.5659
530 29.9378
535 27.4037
560 28.403
580 29.4345
585 28.5844
5 35.3825
10 43.7092
15 43.7223
20 43.7326
25 43.7018
30 43.7256
35 43.6892
40 43.7474
45 43.7465
50 43.7312
55 43.6821
60 43.6866
65 43.7118
70 43.6936
75 43.7387
80 43.7343
85 43.6854
90 43.7068
95 43.7722
100 43.7089
105 43.6939
110 43.6645
115 43.7127
120 43.6677
125 43.7092
130 43.6919
135 43.7023
140 43.7205
145 43.6749
150 43.7117
155 43.6836
160 43.7143
165 43.6983
170 43.6799
175 43.738
180 43.7426
200 29.2829
205 28.7402
225 29.4306
230 27.6536
250 29.4099
255 28.5709
280 29.8144
305 28.574
330 28.0093
355 26.6628
360 31.7474
380 29.4211
385 29.4216
405 28.1894
410 30.093
430 29.2693
435 28.7452
455 29.4342
460 29.4198
480 27.0415
485 30.7387
505 28.8806
510 28.0413
530 28.0189
535 30.7036
560 28.5739
580 29.4214
585 28.7405
5 43.7428
10 43.7274
15 43.7474
20 43.7565
25 43.7669
30 43.7538
35 43.7859
40 43.776
45 43.7727
50 43.7787
55 43.7772
60 43.7677
65 43.7609
70 43.7525
75 43.7685
80 44.0025
85 43.7984
90 43.7341
95 43.7599
100 42.9921
105 44.295
110 43.7911
115 43.757
120 43.7519
125 43.7105
130 43.7501
135 43.7397
140 43.7056
145 43.7325
150 43.7892
155 43.7481
160 43.7541
165 43.7476
170 43.7118
175 43.7495
180 43.7656
205 23.5035
210 23.5075
230 23.4481
235 23.6655
260 23.7672
5 42.165
10 44.6728
15 43.6792
20 43.6536
25 43.6777
30 43.6553
35 43.7204
40 43.7004
45 43.6918
50 43.6384
55 43.6627
60 43.6843
65 43.6869
70 43.743
75 43.6713
80 43.7147
85 43.6925
90 43.6934
95 43.6905
100 43.6599
105 42.9772
110 44.3812
115 43.6887
120 43.699
125 43.7005
130 42.7418
135 43.8592
140 44.2618
145 43.6732
150 43.6555
155 41.8246
160 45.1373
165 43.7006
170 43.7437
175 43.6868
180 43.0004
200 29.2485
205 29.0037
230 28.1642
255 28.5478
260 30.163
280 29.2512
285 29.9374
305 27.39
310 31.0944
330 27.8234
335 30.7847
355 28.1621
360 30.5368
380 28.5539
385 30.2743
405 28.882
410 29.2732
430 29.4057
435 29.5341
455 29.4034
460 28.1704
485 29.5377
510 28.8677
535 28.7108
540 30.0478
560 28.5583
565 30.1579
585 29.6534
590 30.1504
5 33.6941
10 44.059
15 43.4263
20 44.0262
25 43.7329
30 44.0657
35 43.4353
40 43.6816
45 43.7227
50 43.7337
55 42.8957
60 44.3154
65 43.7462
70 43.7484
75 43.7263
80 42.8821
85 44.3251
90 43.7465
95 43.7621
100 43.7065
105 43.3949
110 44.2794
115 43.7365
120 43.7253
125 43.7473
130 43.715
135 43.7786
140 43.7809
145 43.7654
150 43.7542
155 43.7599
160 43.1258
165 44.4837
170 43.7548
175 43.7325
180 42.528
185 30.8086
205 29.4302
210 29.9685
230 29.9542
235 29.4209
260 29.053
285 28.7495
310 28.7417
315 30.0588
335 30.3474
340 30.0876
360 30.5524
365 30.0652
385 28.5837
390 30.1981
410 29.4276
415 29.426
435 28.8961
440 30.6841
460 30.8143
465 29.5514
485 29.4332
490 29.5987
510 29.4314
515 29.5703
535 29.4457
540 30.2179
560 30.6918
565 28.9031
585 30.3381
590 29.0459
5 43.7144
10 43.7336
15 43.6961
20 43.6822
25 43.7035
30 43.7204
35 43.75
40 43.7065
45 43.7289
50 43.7056
55 42.3229
60 44.9795
65 43.7034
70 43.7176
75 43.7466
80 42.6689
85 44.6189
90 43.7307
95 43.7475
100 43.7365
105 43.0309
110 43.7202
115 44.349
120 43.6949
125 43.7069
130 42.9454
135 44.378
140 43.7116
145 43.6952
150 43.7128
155 43.0035
160 44.3335
165 43.7372
170 43.7391
175 43.7656
180 42.1851
200 29.4209
205 28.0164
230 27.0636
250 29.134
255 28.1677
280 27.0486
285 31.3681
305 28.0093
310 30.6656
330 27.83
335 30.8137
355 27.0709
360 30.9276
380 28.0158
385 30.6429
405 26.8673
410 30.3409
430 27.8583
435 29.8382
455 28.886
460 29.1329
480 28.3261
485 29.6624
510 28.7378
530 29.1181
535 30.7007
560 28.5753
565 30.1985
585 28.4339
590 30.3224
10 41.7252
15 43.7362
20 43.751
25 43.741
30 43.7366
35 43.7619
40 43.7666
45 43.7141
50 43.7493
55 43.7612
60 43.7633
65 43.757
70 43.7239
75 43.737
80 43.7361
85 43.7562
90 43.7554
95 43.7441
100 43.7374
105 43.7272
110 43.741
115 43.7147
120 43.7516
125 43.7508
130 43.7723
135 43.7414
140 43.7479
145 43.7365
150 43.7309
155 43.7632
160 43.7902
165 43.7328
170 43.7397
175 43.7587
180 43.7255
200 29.4472
205 28.9082
230 29.3063
255 28.7778
280 28.5994
305 28.6156
330 28.6184
335 30.1975
355 29.8575
380 29.4741
385 29.4449
405 28.6087
410 30.2331
430 28.7612
435 30.0898
455 29.4388
460 28.8954
480 29.4517
485 28.765
505 29.432
510 29.4326
535 28.921
560 28.9186
585 28.7591
5 33.1741
10 42.5502
15 43.711
20 43.7011
25 43.7438
30 43.6725
35 43.7665
40 43.7169
45 43.7023
50 43.6913
55 43.1518
60 44.3417
65 43.6998
70 43.6597
75 43.687
80 43.3976
85 44.0259
90 43.6699
95 43.693
100 43.6806
105 42.4312
110 44.9182
115 43.6823
120 43.6932
125 43.7046
130 42.703
135 44.67
140 43.6835
145 43.7155
150 43.704
155 43.3543
160 43.9452
165 43.6683
170 43.701
175 43.6513
180 43.0294
205 29.2582
225 29.4121
230 27.3196
250 29.4231
255 27.996
280 27.6945
305 28.4417
330 27.8483
335 30.7981
355 27.8263
360 30.7501
380 28.0262
385 30.6808
405 27.404
410 31.131
430 27.8408
435 30.7867
455 28.1586
460 30.7764
480 27.8351
485 30.2755
505 26.8631
510 31.4836
530 28.1944
535 30.7077
555 29.4322
560 28.7376
580 29.4333
585 28.7549
5 42.032
10 39.7886
15 43.7375
20 43.7376
25 44.0686
30 43.0643
35 43.9654
40 43.7577
45 43.724
50 43.7198
55 42.948
60 44.3223
65 43.7074
70 43.7169
75 43.696
80 42.9353
85 44.3676
90 43.7054
95 43.7454
100 43.7334
105 43.2655
110 44.0329
115 43.7491
120 43.71
125 43.7288
130 43.2733
135 44.0495
140 43.733
145 43.7326
150 43.7153
155 43.3316
160 43.9948
165 43.7156
170 43.6941
175 43.693
180 43.6759
185 30.7255
190 29.4499
210 30.3348
215 29.433
235 30.8054
240 29.4432
255 28.0183
260 30.7003
265 29.4503
280 27.8514
285 30.1757
290 30.0885
305 28.0329
310 30.197
315 29.9678
330 27.8379
5 44.1098
10 43.7242
15 43.7297
20 43.7472
25 43.7557
30 43.7503
35 43.7522
40 43.7301
45 43.7797
50 43.7445
55 43.7898
60 43.7768
65 43.7119
70 43.7445
75 43.7308
80 43.77
85 43.7474
90 43.7351
95 43.7071
100 43.7301
105 43.6718
115 44.3466
120 43.7692
125 43.6875
130 43.7544
135 43.4163
140 44.0533
145 43.7521
150 43.7496
155 43.7333
160 43.3814
165 44.0453
170 43.7629
175 43.7582
180 43.747
185 28.7641
205 29.4336
210 28.5874
230 29.4364
235 27.6778
255 29.4395
260 28.6055
280 26.8999
285 30.9872
310 28.5927
335 28.5849
360 28.5934
385 28.6125
390 29.6967
410 28.5862
415 30.2225
435 28.58
440 30.1949
460 30.7231
465 28.037
485 29.4457
485 28.6154
510 29.4333
515 28.5893
535 28.7576
540 29.3127
560 29.438
565 28.5967
585 29.842
590 29.1541
5 43.6384
10 43.7072
15 43.6586
20 43.6702
25 43.6739
30 43.6937
35 43.7124
40 43.6545
45 43.6873
50 43.6988
55 43.6824
60 43.6485
65 43.6751
70 43.6831
75 43.6898
80 43.653
85 43.6711
90 43.6956
95 43.6739
100 43.7186
105 43.693
110 43.3511
115 44.0731
120 43.688
125 43.7005
130 43.6702
140 43.6903
145 43.6703
150 43.6177
155 43.6555
160 43.424
165 44.0697
170 43.7205
175 43.6694
180 43.7165
205 29.4179
210 29.3904
230 29.4289
235 29.173
255 29.4303
260 28.7382
280 28.5896
285 29.4203
305 28.3288
310 29.8038
330 29.4302
335 28.5834
355 30.2016
360 28.5644
380 29.4229
385 28.5702
405 28.7326
410 29.4084
430 29.4227
435 28.0056
460 28.4168
485 29.434
490 29.6872
510 29.4191
515 29.5633
535 29.4211
540 28.5787
560 29.4267
565 28.8881
585 29.4155
590 29.281
10 44.3445
15 43.7147
20 43.7287
25 43.7615
30 43.0389
35 44.4143
40 43.7014
45 43.7461
50 43.7535
55 43.4098
60 44.0945
65 43.7393
70 43.7734
75 43.7942
80 43.0753
85 44.2706
90 43.7576
95 43.723
100 43.7053
105 43.7706
110 43.7724
115 43.78
120 43.7198
125 43.7534
130 43.7065
135 43.7077
140 43.7601
145 43.7858
150 43.7534
155 43.7493
160 43.8025
165 43.773
170 43.7274
175 43.7495
180 43.7407
205 27.8418
210 30.8103
230 28.0425
235 30.8454
255 29.4175
260 28.9137
280 29.438
285 29.5747
305 29.4251
310 29.0116
330 29.4491
335 29.4438
355 29.4433
360 28.5926
380 28.6118
385 30.1077
405 29.4127
410 28.5952
430 29.1523
435 28.9035
460 28.5886
485 28.7499
510 29.4406
535 27.8473
540 30.3194
560 29.4508
565 28.9221
585 29.4208
590 28.5006
5 0
10 41.5912
15 43.6408
20 43.6829
25 43.7064
30 43.6957
35 43.683
40 43.6548
45 43.7092
50 43.7044
55 43.7077
60 43.6933
65 43.6783
70 43.7352
75 43.6338
80 43.7212
85 43.6702
90 43.6543
95 43.6733
100 43.655
105 43.6761
110 43.6481
115 43.704
120 43.7065
125 43.6633
130 43.6726
135 43.674
140 43.7174
145 43.6685
150 43.6682
155 43.6587
160 43.6638
165 43.6386
170 43.7109
175 43.6813
180 43.3205
200 29.4076
205 29.0054
225 30.0353
230 28.715
250 29.4194
255 28.8708
280 28.7268
305 28.5749
330 29.7953
350 28.176
355 29.8212
380 28.5557
385 30.1536
405 28.5475
410 30.1821
430 30.059
435 30.1707
455 29.4074
460 29.3981
480 29.3989
485 29.2653
505 29.4302
510 28.886
530 29.4206
535 28.8767
555 29.4155
560 28.0193
580 29.4065
585 28.8852
5 41.999
10 43.5333
15 43.7635
20 43.7175
25 43.6788
30 43.7957
35 43.6963
40 43.7353
45 43.764
50 44.4016
55 42.5415
60 44.3217
65 43.7371
70 43.7184
75 43.7146
80 43.3722
85 44.0559
90 43.735
95 43.7047
100 43.7003
105 43.7371
110 43.7342
115 43.7009
120 43.742
125 43.707
130 43.3632
135 44.0265
140 43.7079
145 43.7328
150 43.7396
155 43.6881
160 43.7435
165 43.7673
170 43.7206
175 43.7181
180 43.7018
185 24.6879
190 22.948
210 24.01
215 23.5203
235 24.0346
240 23.5165
260 24.0256
265 23.5279
280 22.4486
285 24.2449
290 23.7436
310 24.0033
315 23.5026
335 23.2955
340 23.7437
365 23.5808
390 23.5138
415 23.681
440 23.9647
465 23.9957
470 23.5198
490 24.0004
495 23.5119
515 24.0306
520 23.5098
540 23.951
545 23.5085
565 24.0211
570 23.5202
580 23.5009
590 24.0133
595 23.5141
10 31.1878
15 43.0759
20 43.8227
25 43.8543
30 43.1878
35 44.4172
40 43.8237
45 43.8273
50 43.8517
55 43.8273
60 43.8578
65 43.8327
70 43.4347
75 44.1803
80 43.8496
85 43.7961
90 43.7901
95 43.8
100 43.8313
105 43.8118
110 43.7957
115 43.8183
120 43.8265
125 43.791
130 43.8576
135 43.8042
140 43.8327
145 43.8407
150 43.8575
155 43.868
160 42.9806
165 44.0927
170 44.4656
175 43.8101
180 43.8412
205 29.4623
230 29.4755
235 28.7987
255 29.4751
260 29.4606
280 27.6947
285 30.9205
305 28.6314
310 29.7475
330 29.458
335 28.9223
355 29.4832
360 28.6519
380 29.4562
385 28.8011
405 30.1239
410 28.6196
430 27.275
435 30.5964
455 29.3269
460 28.7945
485 28.059
510 29.4707
515 29.4646
535 29.4537
540 29.4483
560 29.4738
565 29.6025
585 29.973
590 29.096
5 35.5436
10 43.8167
15 43.7928
20 43.8383
25 43.7968
30 43.7624
35 43.861
40 43.8246
45 43.8132
50 43.8479
55 43.0456
60 44.4249
65 43.8442
70 43.8292
75 43.8175
80 42.779
85 44.7082
90 43.8289
95 43.8324
100 43.8021
105 43.7378
110 43.8874
115 43.8653
120 43.8175
125 43.8518
130 43.0743
135 44.4078
140 43.8407
145 43.8357
150 43.8102
155 44.219
160 43.5147
165 43.8056
170 43.8563
175 43.834
180 44.1665
205 28.622
230 28.0528
255 29.0419
280 29.3298
285 30.8624
305 27.893
310 30.843
330 28.0641
355 27.7053
360 30.9743
380 27.7104
385 31.0622
405 27.6748
410 30.4596
430 29.4661
435 29.6175
455 27.6841
460 29.0759
480 26.9695
485 30.1568
505 29.4545
510 29.0732
530 29.9825
535 28.7717
560 28.7782
585 28.6227
5 0
10 43.2351
15 43.7516
20 43.7573
25 43.7384
30 43.4525
35 44.0352
40 43.8082
45 43.7274
50 43.8192
55 43.39
60 44.0789
65 43.7303
70 43.7344
75 43.7315
80 43.425
85 44.0733
90 43.7351
95 43.746
100 43.7304
105 43.3733
110 44.0715
115 43.7645
120 43.7238
125 43.7137
130 42.9935
135 43.8072
140 43.7039
145 43.7592
150 43.7558
155 43.3845
160 44.0808
165 43.7155
170 43.715
175 43.759
180 43.3598
200 29.4069
205 28.7325
225 29.4148
230 28.5602
255 28.4093
280 28.4302
285 30.142
305 28.5643
330 28.9726
355 28.6143
360 30.1905
380 28.5722
385 30.2014
405 28.5766
410 30.1978
430 29.9307
435 28.8868
455 27.827
460 30.2732
480 29.4179
485 28.7367
505 29.4187
510 28.7242
530 29.4056
535 28.5905
555 29.4055
560 28.5815
585 28.5573
5 42.2028
10 45.0045
15 43.7472
20 43.7565
25 43.7108
30 42.4909
35 45.0212
40 43.783
45 43.7585
50 43.7702
55 42.7994
60 44.6742
65 43.7718
70 43.78
75 43.7332
80 42.3903
85 44.8881
90 43.7392
95 43.7819
100 43.7249
105 44.102
110 43.4873
115 43.7446
120 43.7541
125 43.7313
130 43.0172
135 44.0518
140 44.0691
145 43.7232
150 43.7419
155 43.3385
160 44.0309
165 43.757
170 43.7231
175 43.7445
190 29.4145
195 29.1482
215 29.4235
220 29.4272
240 29.4408
245 28.7613
265 29.4154
270 29.4493
290 29.564
295 29.4575
315 29.4342
320 29.4391
340 29.438
345 29.4283
355 27.0737
370 29.4293
395 29.4254
420 29.4146
445 29.4242
450 29.4268
470 29.4266
475 29.4487
495 29.4376
500 29.4338
520 29.4283
525 28.5945
545 29.4248
550 29.4332
570 29.4221
575 29.4353
595 29.9449
600 29.4452
5 43.7299
10 43.7802
15 43.7292
20 43.7523
25 43.7418
30 43.7205
35 43.7219
40 43.7202
45 43.7318
50 43.7493
55 43.7545
60 43.7262
65 43.7531
70 43.7553
75 43.7244
80 43.7354
85 43.7249
90 43.7397
95 43.7415
100 43.7054
105 43.7374
110 43.7447
115 43.7436
120 43.7071
125 43.7303
130 43.7292
135 43.7062
140 43.741
145 43.7217
150 43.7364
155 43.7268
160 43.7213
165 43.7267
170 43.6856
175 44.0666
180 42.7205
185 29.9562
190 29.4502
195 29.4381
200 29.4472
205 29.298
210 29.5864
215 29.4456
225 27.6949
230 28.0431
235 32.0636
240 29.4451
250 29.4524
255 28.5801
260 29.5901
265 30.083
275 29.2812
280 26.2488
285 29.5632
290 31.9571
295 29.4206
305 28.5993
310 30.2125
315 29.4166
320 29.5927
330 28.9171
335 30.2104
340 29.4363
345 29.4362
355 28.6171
360 30.2234
365 29.4334
370 29.4359
375 29.4257
380 28.5993
385 29.7008
390 29.4225
395 29.4286
410 29.4348
415 29.4277
420 28.026
435 30.7058
440 29.4248
445 29.4316
460 28.9109
465 29.9722
470 29.3019
485 29.8087
490 29.9507
495 29.4338
500 28.8861
510 29.1522
515 29.709
520 29.4481
525 29.4338
535 28.5962
540 30.2102
545 29.4538
550 29.4391
560 28.6008
565 30.1792
570 29.4466
575 29.4501
580 28.9191
585 28.5899
590 30.2002
595 29.4339
600 29.4215
5 43.8147
10 43.7954
15 43.8265
20 43.7862
25 43.8092
30 43.8319
35 43.8128
40 43.8452
45 43.8216
50 43.788
55 43.8317
60 43.7665
65 43.8163
70 43.1761
75 44.5017
80 44.1005
85 43.47
90 43.7955
95 43.8213
100 43.381
105 44.6107
110 43.1545
115 43.8469
120 43.8234
125 43.8105
130 43.5295
135 44.1551
140 43.8547
145 43.8139
150 43.8236
155 43.4255
160 44.1801
165 43.8418
170 43.8004
175 43.7911
180 43.7815
200 29.4599
205 28.7844
225 29.4676
230 28.7881
255 30.2765
260 29.8353
280 28.0367
305 28.6199
330 28.6309
335 30.2524
355 29.9658
360 30.2215
380 28.0452
385 30.725
405 29.4563
410 29.4585
430 29.4753
435 29.6098
455 28.9617
460 28.472
480 29.4631
485 29.0737
505 29.4685
510 29.2341
530 29.4736
535 29.0785
560 29.0882
585 28.6248
5 43.669
10 43.6927
15 43.704
20 43.6797
25 43.7106
30 43.7419
35 43.6897
40 43.6903
45 43.685
50 43.7144
55 43.7105
60 43.7171
65 43.668
70 43.6586
75 44.4051
80 43.1718
85 43.7126
90 43.693
95 43.6874
100 43.7245
105 43.7053
110 43.7101
115 43.689
120 43.7065
125 43.7128
130 43.6899
135 43.0039
140 44.3445
145 43.7136
150 43.7159
155 43.6947
160 43.6815
165 43.6933
170 43.6638
175 43.7149
180 43.99
200 26.233
205 30.9543
225 27.6389
230 30.9892
250 29.4051
255 29.2443
275 29.3939
280 27.8187
305 28.7197
330 29.0279
350 30.1617
355 28.5586
