5 30.4452714286
10 30.08584
15 30.0535515152
20 30.1149914286
25 30.0658142857
30 30.1446371429
35 30.06332
40 30.0790617647
45 30.0788882353
50 30.0779617647
55 30.1481057143
60 30.01262
65 30.0819242424
70 30.0633542857
75 30.10894
80 30.1606352941
85 30.00446
90 30.0920242424
95 30.0544257143
100 30.1226114286
105 30.1399117647
110 30.0562514286
115 30.0640485714
120 30.0567428571
125 30.0742657143
130 30.1442588235
135 30.0209088235
140 30.09574
145 30.0844514286
150 30.0909285714
155 30.1866171429
160 29.9848058824
165 30.1012852941
170 30.0763342857
175 30.0763342857
180 40.04256
185 40.1364457143
190 39.9314
195 40.2613657143
200 40.0139428571
205 40.2839428571
210 39.9377028571
215 40.1578085714
220 40.2434828571
225 40.1174285714
230 40.3230571429
235 40.1281771429
240 39.8077714286
245 40.0610114286
250 39.7692285714
255 39.8186142857
260 40.0434171429
265 39.6153171429
270 39.8659057143
275 39.8789885714
280 40.1066117647
285 39.6534352941
290 40.0096705882
295 40.0122676471
300 39.7048558824
305 40.1001558824
310 40.02855
315 39.9245882353
320 40.0100411765
325 39.6995794118
330 40.19925
335 40.1836787879
340 39.872869697
345 39.3546545455
350 39.9886545455
355 40.2450636364
360 40.0026848485
365 39.9668606061
370 39.7957030303
375 40.0851030303
380 39.954371875
385 39.941025
390 39.640809375
395 40.15403125
400 39.884715625
405 39.955615625
410 39.8850875
415 39.549253125
420 39.729803125
425 40.20373125
430 39.99585
435 40.04056875
440 39.83684375
445 39.672909375
450 39.9861875
455 40.08628125
460 40.093328125
465 40.167759375
470 39.927953125
475 40.0802
480 40.244965625
485 39.9576548387
490 40.0459096774
495 40.324016129
500 39.6112096774
505 40.0497290323
510 39.5740677419
515 40.0543935484
520 39.7795483871
525 39.9071064516
530 39.9338580645
535 39.8824322581
540 40.653883871
545 39.6937225806
550 39.7648870968
555 39.9303193548
560 39.5402806452
565 40.2195612903
570 39.857583871
575 39.7981612903
580 39.9562322581
585 40.2862806452
590 39.6624677419
595 39.7755193548
600 40.2956645161
