5 30.0713
10 30.0381
15 30.0421
20 30.6226
25 29.6096
30 30.0485
35 30.0466
40 30.0909
45 30.0729
50 30.2589
55 30.0598
60 29.891
65 30.1172
70 30.0384
75 30.1013
80 30.0799
85 30.0088
90 30.0701
95 30.0633
100 30.061
105 30.0658
110 30.0402
115 30.0998
120 30.0521
125 30.0168
130 30.0813
135 30.0578
140 30.0391
145 30.1129
150 30.0662
155 30.2265
160 29.9012
165 30.0951
170 30.0287
180 40.1953
185 40.3714
190 40.8608
195 41.3771
200 40.4111
205 41.4318
210 40.1795
215 41.389
220 39.6946
225 40.4943
230 40.5836
235 39.5375
240 39.7503
245 39.1901
250 41.5671
255 38.2269
260 41.8547
265 39.0906
270 39.5338
275 39.9107
280 41.1669
285 41.2487
290 40.1156
295 39.9199
300 40.2722
305 39.5711
310 41.7024
315 41.3443
320 38.2841
325 39.3496
330 38.3485
335 40.5927
340 38.0809
345 39.473
350 41.3305
355 41.8286
360 41.1126
365 38.5614
370 41.48
375 41.4803
380 41.9145
385 39.8944
390 41.1966
395 41.2036
400 39.8459
405 40.0819
410 41.1221
415 40.7155
420 38.4731
425 40.8825
430 40.5597
435 40.3281
440 38.5734
445 40.1495
450 41.7787
455 41.0345
460 40.0874
465 38.4236
470 39.6586
475 39.8944
480 39.0582
485 38.7453
490 41.0969
495 40.9477
500 39.8246
505 38.8662
510 40.2737
515 38.5409
520 38.0752
525 39.2966
530 40.4705
535 38.5987
540 40.4484
545 38.8893
550 40.4677
555 39.546
560 41.775
565 41.6104
570 40.7273
575 39.7998
580 39.438
585 40.4523
590 39.7481
595 41.6094
600 40.7905
5 30.2129
10 29.9916
15 29.9873
20 30.0041
25 29.9609
30 30.1873
35 29.7841
40 30.0218
45 29.9911
50 29.9977
55 30.1471
60 29.7904
65 29.9724
70 30.0087
75 29.9805
80 30.0803
85 29.9038
90 29.9898
95 29.9807
100 29.9905
105 29.9806
110 29.9433
115 29.9473
120 29.9716
125 29.9901
130 30.0228
135 29.9599
140 29.9934
145 29.9604
150 29.9727
155 29.9678
160 29.9675
165 29.9743
170 30.0073
180 38.7211
185 38.2732
190 38.0779
195 40.6589
200 39.8529
205 38.7765
210 40.8997
215 41.7051
220 39.6808
225 38.4207
230 39.9417
235 38.9029
240 38.0511
245 41.5854
250 39.9495
255 41.3047
260 41.7672
265 38.3712
270 41.4032
275 41.5588
280 40.9199
285 40.855
290 38.4349
295 40.0716
300 41.5756
305 41.1416
310 41.4286
315 40.3507
320 38.6603
325 40.9473
330 40.5293
335 40.69
340 38.0819
345 41.8803
350 38.4669
355 41.9543
360 39.2655
365 41.1124
370 38.6316
375 38.1006
380 41.0359
385 41.6851
390 41.2731
395 39.6436
400 39.3785
405 38.7588
410 39.2752
415 38.816
420 38.4466
425 41.456
430 38.3358
435 38.6206
440 40.8509
445 41.0993
450 40.3982
455 39.9324
460 38.2227
465 41.1332
470 39.9192
475 38.1796
480 39.6067
485 40.4851
490 41.3919
495 39.7699
500 40.8714
505 41.5907
510 40.4083
515 38.2764
520 40.2095
525 40.0257
530 41.7964
535 39.8596
540 41.9467
545 40.7156
550 39.3522
555 39.9406
560 38.9595
565 39.7086
570 41.1857
575 39.5929
580 38.2547
585 38.172
590 39.4585
595 38.7848
600 38.2801
5 30.3302
10 30.2879
15 29.9205
20 30.1287
25 30.11
30 30.1055
35 30.3206
45 30.1078
50 30.1281
55 30.1388
60 30.1212
70 30.1097
75 30.1146
80 30.1282
85 30.1105
95 30.1229
100 30.1031
105 30.1355
110 30.0873
115 30.3409
120 29.956
125 30.1063
130 30.0929
135 30.1045
140 30.3547
145 29.9495
150 30.1153
155 30.114
160 30.0962
165 30.2902
170 29.9463
180 38.8338
185 40.8079
190 39.9267
195 40.922
200 39.6822
205 40.5499
210 41.4367
215 41.1201
220 38.6846
225 41.3868
230 39.3555
235 41.5732
240 39.0821
245 38.9386
250 40.7642
255 38.0456
260 38.8816
265 39.8562
270 41.2478
275 41.2088
280 38.0421
285 38.6146
290 40.2448
295 38.4452
300 41.2549
305 38.3559
310 40.9804
315 41.4766
320 38.7564
325 39.7683
330 38.0246
335 38.5157
340 41.0882
345 39.3664
350 41.8313
355 39.6272
360 40.8078
365 38.0011
370 39.1903
375 41.5232
380 41.072
385 41.7831
390 40.7529
395 41.7402
400 39.5487
405 38.2235
410 40.4608
415 38.3854
420 39.7102
425 41.5456
430 40.3372
435 39.5938
440 40.8105
445 41.8169
450 38.4476
455 40.9776
460 41.6931
465 41.1103
470 41.9555
475 41.7133
480 40.7096
485 41.7611
490 41.1807
495 40.1902
500 38.1163
505 40.1868
510 38.711
515 40.5832
520 41.4997
525 38.5414
530 40.9797
535 41.7549
540 40.0324
545 39.3105
550 38.5133
555 40.9148
560 39.9371
565 38.7655
570 40.0631
575 40.8072
580 39.2451
585 41.726
590 38.1826
595 40.0183
600 39.7507
5 32.8166
10 30.022
15 30.0593
20 30.0482
25 30.2526
30 30.0886
35 29.8933
40 30.0243
45 30.041
50 30.2188
55 30.0752
60 29.859
65 30.0395
70 30.0814
75 30.0637
80 30.2104
85 29.9574
90 30.0761
95 30.0524
100 30.0302
105 30.1854
110 29.9756
115 30.0271
120 30.0147
125 30.0398
130 30.0507
135 30.0479
140 30.0335
145 30.0688
150 30.2504
155 29.8904
160 30.0227
165 30.0387
170 30.0069
180 38.994
185 40.7587
190 39.7999
195 40.6771
200 39.6438
205 41.6828
210 39.0412
215 38.4398
220 41.4816
225 41.0037
230 38.7402
235 40.4518
240 38.0786
245 41.4018
250 41.813
255 41.5193
260 40.7218
265 38.1071
270 39.9464
275 41.2696
280 41.8601
285 38.8859
290 39.5736
295 41.8519
300 38.3182
305 39.8533
310 39.4056
315 38.4286
320 38.6545
325 40.9831
330 41.9327
335 41.8566
340 41.5225
345 38.3925
350 39.9763
355 38.7109
360 39.6038
365 39.4541
370 39.8052
375 41.3233
380 40.8835
385 41.096
390 38.9911
395 38.8302
400 40.4911
405 39.0225
410 38.5698
415 39.687
420 38.8047
425 40.2435
430 38.3249
435 38.4797
440 41.8139
445 38.4809
450 38.223
455 41.6561
460 40.3981
465 40.65
470 40.892
475 39.2569
480 41.8812
485 40.5396
490 41.2863
495 41.8722
500 40.1102
505 40.7027
510 39.3259
515 40.0969
520 39.4159
525 38.1786
530 38.3161
535 39.9119
540 40.2237
545 38.4129
550 38.6632
555 38.4962
560 39.181
565 41.6078
570 41.3624
575 38.0621
580 39.4502
585 38.6505
590 39.3633
595 40.9349
600 40.8416
5 30.2921
10 29.8746
15 30.0682
20 30.0437
25 30.0299
30 30.2442
35 29.9213
40 30.0191
45 30.0648
50 30.0456
55 30.2391
60 29.8653
65 30.0098
70 30.0489
75 30.053
80 30.2723
85 29.879
90 30.0999
95 30.0285
100 30.4435
105 29.7188
110 30.0474
115 30.061
120 30.0435
125 30.0315
130 30.0708
135 30.1361
140 29.9725
145 30.0763
150 30.0682
155 30.2749
160 30.0628
165 29.8237
170 30.0515
180 41.3394
185 39.7302
190 38.4192
195 38.1271
200 40.9786
205 40.5114
210 39.442
215 38.7377
220 39.4372
225 39.1855
230 40.437
235 39.0279
240 39.5751
245 40.7197
250 39.6363
255 39.1302
260 40.0396
265 41.6674
270 40.8406
275 38.8325
280 41.8421
285 40.5261
290 39.8265
295 41.1945
300 39.7106
305 40.1305
310 38.4539
315 38.6992
320 38.8716
325 38.7098
330 41.8299
335 40.935
340 41.7734
345 39.5994
350 41.5273
355 40.0482
360 40.5856
365 38.1639
370 38.8553
375 39.8968
380 40.5473
385 38.0433
390 38.5566
395 41.2045
400 39.8348
405 38.563
410 41.4955
415 39.1781
420 39.0338
425 41.4175
430 40.6594
435 41.2
440 41.4507
445 39.5472
450 38.5954
455 41.356
460 40.2518
465 39.4472
470 38.6366
475 41.633
480 38.6916
485 38.9144
490 38.4161
495 39.9358
500 38.8118
505 40.6331
510 39.8208
515 38.8643
520 41.1783
525 41.9278
530 41.9633
535 38.3684
540 41.2201
545 40.6513
550 39.5097
555 39.0698
560 40.0629
565 40.0461
570 38.2356
575 39.6328
580 40.8444
585 39.5711
590 38.29
595 41.9059
600 41.5304
5 30.1778
10 30.3102
15 30.0339
20 30.1302
25 30.1489
30 30.1452
35 30.2593
40 30.0317
45 30.3444
50 29.9472
55 30.1481
60 30.2669
65 30.0214
70 30.1415
75 30.3481
80 29.935
85 30.1701
90 30.334
95 29.9444
100 30.1272
105 30.1401
110 30.1245
115 30.1661
120 30.1645
125 30.1104
130 30.1269
135 30.1311
140 30.1777
145 30.1382
150 30.133
155 30.5695
160 29.8042
165 30.2367
170 30.0288
180 38.3724
185 40.7803
190 41.8866
195 41.9151
200 39.9354
205 38.9918
210 38.9701
215 41.934
220 40.1245
225 40.8936
230 39.1422
235 40.1103
240 41.4505
245 39.2466
250 38.1644
255 38.8719
260 38.4334
265 40.7393
270 41.0686
275 39.2393
280 38.2057
285 39.8415
290 41.1029
295 39.5553
300 38.0366
305 38.4575
310 40.4732
315 38.2522
320 41.2748
325 40.1302
330 41.5943
335 38.6073
340 41.9424
345 38.7747
350 39.987
355 41.54
360 39.4093
365 40.9932
370 41.4683
375 41.7637
380 39.5875
385 38.7829
390 40.5746
395 40.2748
400 38.0818
405 38.8926
410 41.2323
415 39.5678
420 39.7185
425 39.2624
430 40.2342
435 38.9307
440 41.1164
445 38.8925
450 39.6102
455 40.0533
460 41.632
465 41.6702
470 40.5999
475 39.8227
480 40.9091
485 41.8627
490 41.1182
495 40.4963
500 39.4029
505 38.6971
510 38.0786
515 41.3413
520 39.4342
525 40.2287
530 39.2129
535 38.6072
540 41.6762
545 39.9269
550 39.0136
555 38.8663
560 38.9646
565 39.9608
570 41.6397
575 39.9302
580 41.1073
585 39.6655
590 39.7191
595 40.3157
600 41.6872
5 30.0893
10 30.0285
15 30.0531
20 30.0728
25 30.0445
30 30.2695
35 29.8835
40 30.0857
45 30.0346
50 30.0059
55 30.0706
60 29.9593
65 30.0524
70 30.0437
75 30.0531
80 30.1736
85 29.9296
90 30.0273
95 30.0366
100 30.012
105 30.1248
110 30.1306
115 30.0532
120 29.8059
125 30.0442
130 30.0979
135 29.9916
140 30.0558
145 30.0147
150 30.0164
155 30.0509
160 30.0134
165 30.0434
170 30.0163
180 38.6172
185 38.7816
190 38.5348
195 39.087
200 39.4507
205 38.9955
210 40.7164
215 39.3078
220 38.7778
225 41.6193
230 39.0048
235 41.6865
240 41.0337
245 41.7995
250 40.2305
255 38.7265
260 40.0592
265 38.0302
270 39.8712
275 40.7178
280 38.3487
285 38.5621
290 41.3164
295 40.2307
300 39.1946
305 39.277
310 38.1254
315 38.2465
320 40.712
325 38.9048
330 41.614
335 39.1116
340 40.0578
345 38.8619
350 40.1564
355 41.6619
360 40.6573
365 41.5646
370 40.5362
375 38.4602
380 39.4137
385 38.1801
390 38.1066
395 40.1673
400 38.6612
405 40.9021
410 41.5173
415 38.8438
420 38.2713
425 39.9867
430 39.4763
435 41.0747
440 38.462
445 39.1496
450 38.3852
455 38.2029
460 38.3351
465 40.0115
470 38.3477
475 38.3492
480 38.089
485 38.1111
490 41.0842
495 39.2342
500 38.1969
505 39.9236
510 39.8609
515 39.3022
520 41.7649
525 39.114
530 38.866
535 39.6516
540 39.4453
545 39.7752
550 38.1253
555 40.6274
560 39.2162
565 40.586
570 38.7531
575 39.9307
580 38.5046
585 38.954
590 39.6569
595 39.4211
600 41.7787
5 30.0893
10 30.0834
15 30.0814
20 30.1328
25 30.1332
30 30.0794
35 30.0822
40 30.1127
45 30.0535
50 30.1087
55 30.2296
60 29.9408
65 30.0398
70 30.0937
75 30.1329
80 30.3693
85 29.9583
90 30.1041
95 30.0502
100 30.0653
105 30.5944
110 29.8412
115 29.9076
120 30.0554
125 30.0927
130 30.306
135 29.9
140 30.1375
145 30.1174
150 30.1434
155 30.1065
160 30.1066
165 30.1254
170 30.3097
180 41.6764
185 38.1295
190 40.5688
195 39.4135
200 41.0148
205 38.1603
210 38.5573
215 41.2322
220 38.3493
225 39.3646
230 41.152
235 41.5559
240 39.3046
245 41.0154
250 40.1643
255 40.7697
260 38.9609
265 39.9627
270 40.1817
275 41.4796
280 39.6022
285 39.6963
290 40.8608
295 38.7789
300 41.3467
305 41.0204
310 40.3539
315 41.6938
320 39.1846
325 40.8856
330 39.1241
335 41.8695
340 40.8224
345 38.2439
350 39.6904
355 40.8839
360 38.2293
365 39.2718
370 40.9881
375 41.4408
380 39.8093
385 41.8306
390 38.7031
395 41.9134
400 38.1975
405 40.6538
410 39.1699
415 39.8227
420 38.2672
425 40.4299
430 41.0046
435 41.6888
440 38.2551
445 38.2928
450 39.7276
455 39.343
460 39.4567
465 41.7304
470 38.6079
475 41.5966
480 40.1868
485 40.6831
490 39.7732
495 39.3808
500 38.1442
505 38.3892
510 41.2916
515 40.054
520 39.0932
525 38.0349
530 38.6759
535 38.7855
540 40.5775
545 39.8769
550 38.4302
555 39.0542
560 39.413
565 39.9857
570 39.5428
575 40.6943
580 39.7822
585 41.7572
590 41.9082
595 39.416
600 40.9176
5 29.964
10 29.9164
15 29.9486
20 29.9416
25 29.9339
30 29.9709
35 29.921
40 29.9445
45 29.9651
50 29.9744
55 30.2124
60 29.6489
65 29.9587
70 29.9517
75 29.9551
80 30.1107
85 29.7557
90 30.1431
95 29.7681
100 29.9769
105 30.0465
110 29.8232
115 29.9786
120 29.9102
125 29.9725
130 30.0383
135 29.8275
140 29.9607
145 29.9844
150 29.9188
155 29.9326
160 29.8333
165 29.9725
170 29.9487
180 40.5902
185 40.4327
190 40.0286
195 41.6315
200 40.1134
205 40.6097
210 41.5851
215 40.8889
220 40.8
225 38.9256
230 40.8572
235 38.5205
240 40.8694
245 41.406
250 38.8913
255 41.8735
260 38.7006
265 38.6779
270 39.8274
275 40.4835
280 41.715
285 38.7496
290 38.0395
295 39.1913
300 38.3597
305 40.669
310 41.4008
315 39.1859
320 39.9425
325 38.7754
330 41.5073
335 41.9236
340 39.2293
345 38.0471
350 39.5519
355 38.5923
360 40.3258
365 40.2912
370 38.4547
375 38.2862
380 41.0715
385 41.1199
390 39.2503
395 40.8493
400 40.584
405 38.6887
410 38.1308
415 39.3891
420 38.6656
425 39.1401
430 39.7212
435 39.433
440 38.9112
445 41.3123
450 41.8652
455 40.5909
460 41.6198
465 39.6033
470 41.4627
475 39.6226
480 38.1287
485 40.3057
490 41.198
495 40.5927
500 41.6246
505 41.9323
510 40.8157
515 39.2691
520 38.9188
525 40.7479
530 39.6457
535 39.3378
540 41.9146
545 38.1797
550 39.3162
555 38.6728
560 40.3821
565 41.7509
570 40.1434
575 39.7259
580 39.8444
585 40.1793
590 38.9032
595 40.4234
600 41.6822
5 30.4631
10 29.7392
15 30.0938
20 30.0625
25 30.0129
30 30.2784
35 29.8662
40 30.0386
45 30.2517
50 29.8342
55 30.2751
60 29.8563
65 30.0666
70 30.0217
75 30.0459
80 30.0871
85 29.9695
90 30.0441
95 30.0301
100 30.0386
105 30.0362
110 30.1905
115 29.8809
120 30.0533
125 30.0573
130 30.0653
135 30.0296
140 30.0386
145 30.0963
150 30.065
155 30.0079
160 30.0246
165 30.0335
170 30.0683
180 40.6891
185 40.8902
190 39.9523
195 41.3278
200 41.302
205 40.9363
210 38.1258
215 40.804
220 41.2322
225 38.7733
230 40.2625
235 41.9094
240 39.1905
245 40.3109
250 38.1868
255 40.0551
260 41.9625
265 41.4061
270 38.0273
275 39.5242
280 41.0792
285 39.0956
290 40.9871
295 40.5624
300 39.5098
305 39.9745
310 39.9766
315 39.3471
320 41.7158
325 40.4653
330 39.5818
335 39.442
340 41.8958
345 39.3267
350 40.0977
355 40.5097
360 38.3745
365 40.7739
370 41.2532
375 39.3076
380 38.8467
385 39.6377
390 40.2174
395 40.9366
400 39.1691
405 40.8344
410 41.2646
415 39.1282
420 41.3122
425 41.6943
430 38.8863
435 39.639
440 40.5793
445 40.339
450 38.3807
455 38.1731
460 39.6467
465 40.4745
470 38.3875
475 39.1552
480 38.576
485 38.3216
490 38.8488
495 40.1646
500 39.9066
505 38.3531
510 38.3105
515 41.2393
520 38.9402
525 39.347
530 38.0262
535 38.5258
540 41.5946
545 38.2771
550 40.2089
555 38.3956
560 38.6702
565 40.8235
570 41.7155
575 39.5103
580 40.1684
585 39.2484
590 38.167
595 38.7797
600 40.0995
5 30.1368
10 30.1421
15 30.1634
20 30.1342
25 30.2278
30 30.0263
35 30.134
40 30.1259
45 30.1545
50 30.1184
55 30.1178
60 30.1126
65 30.1187
70 30.0042
75 30.109
80 30.2254
85 30.1318
90 30.1343
95 30.145
100 30.1597
105 30.3147
110 29.9404
115 30.1042
120 30.1378
125 30.1369
130 30.2431
135 30.0179
140 30.1313
145 30.1341
150 30.1052
155 30.1313
160 30.1174
165 30.1135
170 30.1207
180 38.4642
185 41.2514
190 40.6338
195 39.3094
200 39.5024
205 41.8224
210 40.4511
215 41.4173
220 40.718
225 38.627
230 40.7299
235 40.5921
240 41.82
245 41.515
250 40.5489
255 38.6185
260 40.0518
265 40.4954
270 38.3447
275 38.261
280 39.5499
285 40.0186
290 39.1618
295 38.9066
300 38.5416
305 41.8364
310 38.0404
315 40.4898
320 39.6513
325 38.6534
330 39.9704
335 39.3322
340 38.0856
345 38.151
350 40.238
355 39.3044
360 38.3105
365 39.5828
370 39.6307
375 40.2423
380 39.2564
385 38.2211
390 41.0822
395 41.2831
400 40.4041
405 39.2672
410 39.6694
415 39.1656
420 39.3403
425 41.8002
430 38.1002
435 41.674
440 38.3581
445 40.3257
450 41.4163
455 40.9855
460 39.9644
465 39.1563
470 38.9984
475 38.7726
480 41.0451
485 41.0477
490 40.1609
495 41.9654
500 39.5425
505 41.2145
510 40.5763
515 41.3571
520 38.6867
525 38.7901
530 40.8367
535 38.526
540 38.1609
545 39.3542
550 40.3997
555 40.9189
560 38.8134
565 41.9304
570 38.9958
575 38.0746
580 39.5964
585 40.884
590 40.8554
595 39.732
600 41.1698
5 30.1163
10 30.247
15 29.9012
20 30.0886
25 30.0747
30 30.067
35 30.2574
40 29.9363
45 30.0784
50 30.0934
55 30.1737
60 29.9947
65 30.0577
70 30.073
75 30.0691
80 30.5028
85 29.7589
90 30.2514
95 29.9324
100 30.469
105 29.9619
110 29.8763
115 30.0746
120 29.9799
125 30.0443
130 30.3107
135 29.9022
140 30.1132
145 30.1038
150 30.1006
155 30.083
160 30.1173
165 30.0614
170 30.1168
180 38.4453
185 41.1649
190 38.8431
195 41.9648
200 38.9318
205 41.2314
210 38.6078
215 39.0088
220 41.3207
225 40.2303
230 39.6317
235 38.3023
240 40.2232
245 40.2132
250 40.9821
255 40.778
260 38.994
265 40.4087
270 41.8746
275 41.1104
280 41.8107
285 40.3455
290 39.9594
295 40.9455
300 38.0732
305 38.7676
310 41.4304
315 39.9326
320 39.6198
325 38.8358
330 40.4899
335 38.5462
340 39.1815
345 38.3401
350 41.7184
355 40.8223
360 39.6225
365 39.0388
370 40.2692
375 40.5648
380 38.983
385 41.2863
390 38.9029
395 39.5876
400 38.1531
405 41.2756
410 40.3239
415 41.1553
420 41.317
425 38.585
430 41.0931
435 39.9035
440 41.7878
445 38.3816
450 40.9453
455 40.5953
460 40.6931
465 40.0564
470 40.9807
475 41.4909
480 40.0465
5 30.0867
10 30.3195
15 29.8769
20 30.1423
25 30.0789
30 30.0816
35 30.0921
40 30.1055
45 30.0909
50 30.0731
55 30.0732
60 30.1132
65 30.1034
70 30.2088
75 29.9866
80 30.1183
85 30.1365
90 30.1466
95 30.1225
100 30.1145
105 30.0923
110 30.2915
115 29.9235
120 30.0984
125 30.1177
130 30.1044
135 30.1846
140 30.0222
145 30.1272
150 30.0899
155 30.1021
160 30.2445
165 29.9945
170 30.0947
180 41.1236
185 38.3291
190 39.5246
195 39.7704
200 41.3146
205 40.4209
210 41.1267
215 39.2786
220 41.2064
225 41.9262
230 39.4276
235 39.3162
240 41.8485
245 38.0323
250 39.425
255 41.6936
260 41.2743
265 38.1953
270 41.6208
275 38.8402
280 38.1711
285 38.5185
290 38.0648
295 39.2009
300 40.2242
305 38.9126
310 38.3221
315 41.5472
320 41.857
325 39.9752
330 39.6341
335 39.7905
340 39.3021
345 38.7433
350 39.8577
355 40.3825
360 41.486
365 41.0312
370 39.412
375 38.2902
380 38.8628
385 39.8765
390 38.8067
395 41.506
400 38.9642
405 41.9553
410 38.8577
415 40.8712
420 39.0048
425 39.156
430 39.2832
435 38.3757
440 40.1473
445 39.9651
450 38.3231
455 40.8275
460 38.1696
465 41.2463
470 40.826
475 41.0554
480 41.8186
485 40.1161
490 40.4539
495 41.9534
500 40.7479
505 38.9704
510 38.8727
515 41.6445
520 41.5077
525 39.4934
530 38.6372
535 40.0537
540 40.0442
545 41.9748
550 38.8358
555 40.0569
560 39.4398
565 40.8966
570 38.3502
575 38.4517
580 38.4855
585 40.4049
590 41.9796
595 38.5062
600 40.0563
5 30.118
10 30.1161
15 30.1255
20 30.0737
25 30.3344
30 29.9438
35 30.299
40 29.9551
45 30.0827
50 30.0692
55 30.209
60 30.0274
65 30.0607
70 30.1044
75 30.0884
80 30.1753
85 30.0773
90 30.094
95 30.0833
100 30.104
105 30.1168
110 30.1378
115 30.1031
120 30.3051
125 29.923
130 30.6231
135 29.6206
140 30.141
145 30.08
150 30.1306
155 30.4686
160 29.824
165 30.0937
170 30.098
180 40.951
185 41.0939
190 39.3598
195 41.6639
200 39.8724
205 41.354
210 39.6958
215 39.0892
220 40.2733
225 39.3579
230 41.5251
235 40.05
240 38.1326
245 39.8185
250 38.0351
255 40.7497
260 38.797
265 38.2546
270 38.6691
275 40.9004
280 41.876
285 41.0301
290 38.2263
295 38.0888
300 38.3582
305 38.5868
310 39.1186
315 41.8897
320 40.4372
325 39.0781
330 38.2823
335 41.6123
340 40.29
345 38.0215
350 39.3301
355 39.1638
360 39.0466
365 41.9067
370 38.3704
375 39.9621
380 40.6474
385 40.2557
390 38.3541
395 39.0862
400 38.8813
405 40.0295
410 38.1487
415 40.3972
420 38.6783
425 41.9468
430 40.4788
435 41.404
440 39.592
445 41.8178
450 41.8479
455 38.3606
460 41.5855
465 38.7316
470 39.0203
475 41.2638
480 41.3062
485 39.1385
490 41.3232
495 40.6699
500 38.0077
505 41.9366
510 40.275
515 38.9339
520 38.726
525 41.2205
530 38.1222
535 41.2964
540 41.3242
545 38.4847
550 39.9494
555 41.7465
560 38.8161
565 41.9788
570 39.8521
575 39.8013
580 40.9297
585 39.044
590 38.6654
595 38.1765
600 39.1921
5 30.0711
10 30.1066
15 30.0709
20 30.1017
25 30.0406
30 30.0834
35 30.0762
40 30.0611
45 30.0877
50 30.0826
55 30.0806
60 30.0887
65 30.0873
70 30.1019
75 30.1177
80 30.301
85 29.9262
90 30.1126
95 30.0552
100 30.0815
105 30.0856
110 30.2738
115 29.9047
120 30.1056
125 30.0811
130 30.005
135 30.1935
140 30.0691
145 30.1176
150 30.0987
155 30.306
160 29.9101
165 30.227
170 29.9451
180 40.0309
185 40.5674
190 40.5222
195 41.6274
200 40.7423
205 41.4385
210 41.942
215 39.1613
220 41.4662
225 38.4678
230 41.3135
235 40.5501
240 40.8667
245 39.014
250 40.3902
255 38.673
260 41.4057
265 38.9832
270 40.409
275 39.4513
280 38.5607
285 39.4495
290 41.3057
295 38.8509
300 39.67
305 40.6355
310 40.131
315 40.9574
320 40.7522
325 38.5848
330 41.5117
335 39.1534
340 41.2045
345 40.3661
350 39.0403
355 41.2686
360 38.5576
365 41.4934
370 41.9588
375 38.2374
380 40.9759
385 41.8381
390 40.7067
395 40.0085
400 40.7598
405 39.8839
410 38.5499
415 38.8039
420 41.589
425 40.6384
430 38.5022
435 41.6666
440 40.3012
445 38.4183
450 38.3399
455 39.2902
460 41.5637
465 40.9583
470 39.0649
475 39.5409
480 39.4112
485 38.06
490 38.1455
495 41.7488
500 40.5876
505 39.1514
510 40.9907
515 41.4973
520 40.9133
525 38.5303
530 41.2207
535 41.6645
540 38.9001
545 38.5384
550 40.2523
555 39.9374
560 40.9012
565 41.0983
570 38.326
575 38.3762
580 40.7237
585 41.3565
590 40.2774
595 39.9463
600 39.0536
5 30.2452
10 29.8754
15 30.0199
20 30.1837
25 29.8718
30 30.0687
35 30.2198
40 29.859
45 30.0129
50 30.0502
55 30.0483
60 30.0607
65 29.9934
70 30.0417
75 30.0186
80 30.1475
85 29.9233
90 30.0402
95 29.9722
100 30.0197
105 30.2436
110 29.9829
115 29.885
120 30.0089
125 30.0302
130 30.0741
135 30.3887
140 29.6843
145 30.0208
150 30.0514
155 29.9835
160 30.0681
165 30.047
170 30.0323
180 41.3049
185 41.9118
190 40.4636
195 38.1906
200 41.6397
205 39.1006
210 41.8887
215 38.4131
220 41.8802
225 40.479
230 41.2497
235 39.3391
240 38.7304
245 40.9313
250 38.2353
255 38.9855
260 41.6244
265 40.9989
270 39.1094
275 39.9952
280 41.2029
285 38.5011
290 38.9504
295 40.4681
300 38.7744
305 40.5319
310 41.584
315 40.066
320 41.5159
325 41.3573
330 40.6178
335 41.4021
340 40.8486
345 38.2826
350 41.8787
355 39.8101
360 41.0417
365 40.0068
370 38.7111
375 41.4003
380 40.5916
385 38.6146
390 38.7486
395 39.5049
400 40.8896
405 39.9628
410 41.0155
415 39.0003
420 40.5471
425 41.2355
430 39.5086
435 38.1277
440 39.6502
445 38.7285
450 38.4651
455 39.8897
460 38.9356
465 41.7533
470 39.5258
475 38.3983
480 40.5827
485 38.9894
490 38.3117
495 39.6332
500 38.8893
505 40.4373
510 39.6594
515 40.1578
520 39.6968
525 40.8278
530 40.1629
535 41.0416
540 41.8657
545 38.4383
550 38.9182
555 41.1824
560 38.2742
565 38.4911
570 39.2794
575 39.2847
580 39.1879
585 41.3891
590 38.8132
595 39.8494
600 41.5578
5 30.2824
10 30.0736
15 30.0736
20 29.9428
25 30.0953
30 30.2158
35 29.9894
40 30.0799
45 30.0902
50 30.2313
55 30.0348
60 30.0178
65 30.0819
70 30.0697
75 30.0466
80 30.081
85 30.0654
90 30.0677
95 30.0944
100 30.0937
105 30.0872
110 30.1266
115 30.2843
120 29.9371
125 30.2565
130 29.871
135 30.0604
140 30.0976
145 30.1202
150 30.1212
155 30.0984
160 30.0735
165 30.3161
170 29.9162
180 39.4298
185 41.7386
190 38.8504
195 40.9221
200 39.3408
205 40.6587
210 41.1467
215 41.7311
220 41.524
225 41.5796
230 41.4548
235 41.0404
240 39.6163
245 41.4529
250 40.4666
255 41.9041
260 39.4509
265 39.4081
270 38.788
275 38.055
5 30.088
10 30.0514
15 30.0516
20 30.0781
25 30.0621
30 30.2203
35 29.8833
40 30.0761
45 30.044
50 30.069
55 30.0789
60 30.0287
65 30.0738
70 30.031
75 30.0248
80 30.2832
85 29.8326
90 30.0532
95 30.2637
100 30.063
105 30.2637
110 29.875
115 30.0359
120 30.0539
125 30.0466
130 30.1577
135 29.9756
140 30.0324
145 30.0215
150 30.0685
155 30.2589
160 29.8193
165 30.0515
170 30.0555
180 39.6802
185 40.2811
190 40.1996
195 41.2812
200 38.286
205 38.1873
210 40.8177
215 40.0511
220 40.8051
225 40.0606
230 41.2426
235 41.8091
240 39.7187
245 38.0954
250 38.2735
255 40.964
260 39.8453
265 39.4979
270 40.7648
275 40.9641
280 40.6921
285 38.059
290 40.8341
295 40.5979
300 38.2289
305 39.4343
310 40.9363
315 41.2206
320 40.3411
325 40.5994
330 38.9407
335 40.7016
340 38.1409
345 39.7461
350 41.9299
355 40.1462
360 39.5798
365 41.1426
370 39.9914
375 39.0024
380 41.5372
385 40.5857
390 38.7049
395 41.5754
400 39.8724
405 40.106
410 39.7176
415 38.7105
420 40.6872
425 39.1508
430 39.4768
435 40.909
440 40.9993
445 39.7782
450 41.7522
455 41.2304
460 41.125
465 40.2398
470 38.4829
475 41.5085
480 39.0092
485 40.322
490 41.0987
495 38.9115
500 38.2108
505 41.9362
510 38.9508
515 39.3396
520 38.9582
525 38.1751
530 39.514
535 41.1357
540 41.9098
545 41.1992
550 39.5002
555 38.2276
560 38.5631
565 38.1434
570 38.3866
575 39.9088
580 40.5806
585 41.1818
590 39.8893
595 38.2589
600 39.1203
5 29.9982
10 30.0312
15 30.0207
20 29.9884
25 30.1151
30 29.8851
35 30.1601
40 29.8522
45 29.9709
50 30.1052
55 29.9878
60 29.8881
65 30.0066
70 30.0005
75 30.1593
80 29.9255
85 29.8914
90 29.9934
95 30.0022
100 29.9945
105 30.1693
110 29.796
115 29.9913
120 29.9281
125 30.1663
130 30.0549
135 29.7417
140 29.9896
145 30.0286
150 30.0102
155 30.3343
160 29.89
165 29.8276
170 30.1949
180 40.4392
185 40.6153
190 41.8356
195 38.84
200 39.2307
205 38.7816
210 38.2417
215 41.1411
220 39.7362
225 39.7777
230 39.9876
235 39.9233
240 41.9029
245 38.4029
250 40.9748
255 38.2037
260 39.6119
265 40.4204
270 40.4019
275 39.4998
280 41.2334
285 38.4039
290 38.947
295 39.1502
300 40.119
305 41.8336
310 38.7048
315 40.3752
320 39.5983
325 39.2538
330 39.1621
335 41.5004
340 38.8499
345 38.1815
350 38.3709
355 41.4654
360 39.269
365 39.3225
370 38.295
375 40.0452
380 38.441
385 38.2227
390 38.4262
395 39.6876
400 39.7236
405 39.2621
410 38.916
415 38.4367
420 41.0004
425 40.4661
430 41.4255
435 40.0695
440 41.1729
445 38.4694
450 41.1493
455 40.8039
460 40.897
465 38.4135
470 40.9
475 40.5355
480 41.278
485 38.1272
490 38.5503
495 38.8845
500 38.206
505 39.9827
510 39.9506
515 38.4035
520 39.2065
525 41.2518
530 40.4375
535 41.365
540 39.5596
545 38.0675
550 40.2739
555 40.1616
560 38.2419
565 38.5592
570 41.1924
575 39.0179
580 40.9641
585 41.333
590 38.6328
595 39.8437
600 40.4122
5 30.0976
10 30.0966
15 30.2197
20 29.9902
25 30.1158
30 30.1049
35 30.084
40 30.1128
45 30.0966
50 30.0824
55 30.2821
60 29.9285
65 30.0817
70 30.0977
75 30.0642
80 30.0652
85 30.0863
90 30.1503
95 30.102
100 30.0947
105 30.1986
110 30.0138
115 30.1032
120 30.1107
125 30.1202
130 30.2085
135 30.0049
140 30.1185
145 30.0865
150 30.0668
155 30.2245
160 30.0027
165 30.1032
170 30.0454
180 41.3731
185 41.4925
190 39.3525
195 39.2566
200 41.275
205 41.6698
210 40.5072
215 41.7432
220 39.3967
225 39.7128
230 40.8346
235 41.0919
240 39.1725
245 40.6869
250 38.3615
255 38.2779
260 41.3811
265 40.8008
270 39.4416
275 39.3696
280 39.7029
285 38.7038
290 41.7028
295 39.7772
300 39.0623
305 38.9863
310 38.1327
315 38.8445
320 41.9465
325 38.8924
330 41.0087
335 39.3687
340 38.3743
345 39.6727
350 40.5611
355 40.0951
360 39.4528
365 38.4383
370 40.983
375 39.9841
380 39.2461
385 38.7768
390 41.1987
395 39.1065
400 41.1093
405 39.5353
410 38.2686
415 41.9204
420 41.0968
425 39.171
430 39.1189
435 39.4109
440 38.4178
445 41.4107
450 41.1456
455 40.0383
460 38.8226
465 40.1864
470 41.4344
475 38.3938
480 40.6203
485 40.6354
490 39.6385
495 41.9008
500 41.7096
505 39.104
510 38.3863
515 40.8395
520 39.1394
525 40.0164
530 40.1169
535 40.5399
540 39.6821
545 38.0325
550 38.4941
555 40.7439
560 41.0796
565 38.6167
570 38.0238
575 40.5339
580 40.6072
585 41.9687
590 41.5001
595 38.1355
600 40.3189
5 33.2403
10 30.1565
15 30.1582
20 30.1752
25 30.1103
30 30.2708
35 30.0721
40 30.1407
45 30.1507
50 30.1364
55 30.1662
60 30.1356
65 30.1491
70 30.1793
75 30.2781
80 30.1321
85 30.0207
90 30.144
95 30.1149
100 30.14
105 30.2731
110 30.0693
115 30.1446
120 30.1189
125 30.1346
130 30.4434
135 29.9018
140 30.1606
145 30.1592
150 30.1799
155 30.4347
160 29.8619
165 30.1627
170 30.1377
180 39.4406
185 39.7735
190 39.4946
195 41.1853
200 40.564
205 39.1485
210 38.923
215 41.3131
220 39.33
225 40.3619
230 40.7376
235 39.8868
240 39.1982
245 39.6034
250 41.7204
255 40.5607
260 40.3176
265 40.4927
270 39.6712
275 38.3055
280 41.1788
285 39.5656
290 39.6246
295 40.0845
300 40.6796
305 41.2575
310 41.8326
315 41.7437
320 40.606
325 40.4007
330 41.2807
335 41.9589
340 41.4856
345 40.7301
350 38.5362
355 39.5449
360 39.9143
365 40.8484
370 38.5968
375 38.3544
380 39.7493
385 41.5317
390 40.1299
395 39.2039
400 38.8071
405 40.4363
410 40.4715
415 38.7778
420 38.9805
425 39.9227
430 41.6958
435 39.1572
440 39.3004
445 40.0214
450 39.4308
455 38.2893
460 38.8862
465 41.2707
470 39.4005
475 38.227
480 39.0456
485 40.8025
490 40.3974
495 38.0048
500 39.5561
505 38.4553
510 39.8101
515 40.6805
520 39.1173
525 41.4478
530 39.3132
535 38.6172
540 41.9456
545 40.4951
550 40.8101
555 41.0387
560 41.4766
565 38.5127
570 41.1668
575 40.6342
580 38.2256
585 41.2798
590 40.1245
595 41.8337
600 40.3055
5 30.1474
10 30.1396
15 30.3628
20 30.4004
25 29.8941
30 30.3188
35 29.9782
40 30.5644
45 29.8444
50 30.3744
55 30.2328
60 29.8732
65 30.6047
70 29.8165
75 30.1622
80 30.2508
85 30.1476
90 30.0778
95 30.2023
100 30.3653
105 30.0827
110 30.0354
115 30.1414
120 30.1585
125 30.1994
130 30.2062
135 30.0711
140 30.1492
145 30.1807
150 30.1808
155 30.641
160 29.9038
165 30.3676
170 29.9515
180 41.126
185 40.4223
190 40.3368
195 38.9516
200 39.7068
205 38.542
210 39.2614
215 39.9536
220 41.3076
225 40.912
230 41.6137
235 41.032
240 38.1558
245 38.1656
250 41.6609
255 40.1992
260 38.242
265 41.5329
270 38.7229
275 39.5187
280 38.2892
285 38.4405
290 39.835
295 38.6033
300 40.8334
305 38.6234
310 39.9329
315 40.1412
320 38.1018
325 39.3239
330 38.2676
335 40.9681
340 39.7035
345 40.56
350 38.877
355 41.7156
360 41.2405
365 40.2517
370 38.5602
375 41.9641
380 41.0048
385 39.461
390 39.1164
395 39.9917
400 41.7964
405 40.6318
410 41.5401
415 41.7838
420 40.4406
425 39.6537
430 41.1165
435 40.7532
440 38.1662
445 38.8557
450 41.1457
455 38.3641
460 41.6099
465 38.6243
470 39.732
475 39.1559
480 41.5463
485 39.2254
490 40.1942
495 39.6642
500 41.9479
505 40.0012
510 40.2612
515 38.5659
520 41.6041
525 41.1683
530 40.255
535 38.1489
540 38.3836
545 39.9156
550 40.4701
555 40.1407
560 38.2401
565 40.4808
570 40.3216
575 41.5972
580 41.4867
585 40.7713
590 41.1994
595 40.5928
600 38.2666
5 30.1036
10 30.3059
15 29.8771
20 30.0878
25 30.1134
30 30.0908
35 30.219
40 30.0044
45 30.0711
50 30.1103
55 30.0838
60 30.2343
65 30.0379
70 30.0783
75 30.1367
80 30.1729
85 30.2305
90 29.9182
95 29.9673
100 30.1023
105 30.0962
110 30.0998
115 30.0941
120 30.1105
125 30.1308
130 30.114
135 30.1061
140 30.1301
145 30.1368
150 30.137
155 30.1464
160 30.2792
165 30.0752
170 29.9901
180 40.7387
185 38.8705
190 38.2208
195 39.621
200 40.5903
205 39.9642
210 40.3189
215 38.3859
220 39.3472
225 39.3094
230 38.4299
235 40.916
240 40.5029
245 40.5152
250 41.3594
255 38.5643
260 38.642
265 40.2739
270 38.252
275 38.6119
280 38.5442
285 39.906
290 41.7889
295 41.3106
300 39.1322
305 38.1895
310 38.5705
315 39.7618
320 40.1066
325 38.7975
330 38.2499
5 30.1097
10 30.0958
15 30.0601
20 30.078
25 30.076
30 30.2355
35 29.9328
40 30.2404
45 30.2623
50 29.9163
55 29.9188
60 30.0964
65 30.1131
70 30.1007
75 30.0877
80 30.082
85 30.0635
90 30.0713
95 30.2315
100 30.0004
105 29.9741
110 30.0887
115 30.0667
120 30.0731
125 30.1144
130 30.1549
135 29.9831
140 30.1286
145 30.0715
150 30.1019
155 30.1591
160 29.9507
165 30.0681
170 30.0786
180 39.0482
185 40.0709
190 40.734
195 41.1755
200 40.0803
205 40.9606
210 40.0312
215 38.5778
220 38.1877
225 38.3844
230 40.484
235 38.7169
240 38.4574
245 40.1201
250 39.1129
255 40.8648
260 38.8719
265 38.4212
270 39.645
275 40.6806
280 41.0826
285 41.025
290 39.5333
295 39.0552
300 40.0487
305 41.7529
310 41.7165
315 41.5192
320 40.9924
325 41.098
330 41.9611
335 39.5241
340 38.8096
345 38.1377
350 40.9618
355 41.6646
360 40.7851
365 38.4388
370 39.6166
375 40.6184
380 40.1102
385 41.7007
390 40.5797
395 41.545
400 39.0033
405 39.9554
410 41.6008
415 39.9767
420 40.2654
425 41.52
430 38.5667
435 40.6754
440 41.6802
445 41.3768
450 39.8223
455 40.4652
460 38.9236
465 38.4501
470 38.8382
475 41.4774
480 39.2597
485 41.4278
490 38.1501
495 41.4344
500 39.6765
505 38.6564
510 39.5888
515 40.7346
520 41.5875
525 38.2069
530 39.2911
535 38.6756
540 41.375
545 41.1069
550 40.5441
555 39.4753
560 38.1133
565 38.1941
570 38.5381
575 40.2131
580 39.3392
585 41.0037
590 39.0414
595 40.6649
600 41.0408
5 30.0533
10 30.0146
15 30.0222
20 30.0758
25 30.0265
30 30.1583
35 29.9278
40 30.0427
45 30.0309
50 30.0315
55 30.2605
60 29.8912
65 30.0578
70 29.997
75 30.0493
80 30.195
85 29.9003
90 30.027
95 30.0325
100 30.0426
105 30.1703
110 29.9655
115 30.0114
120 30.0449
125 30.0549
130 30.1123
135 29.9378
140 30.0452
145 30.042
150 30.0654
155 30.3988
160 29.7201
165 30.0564
170 30.0639
180 41.1059
185 39.8593
190 39.2169
195 39.6562
200 40.2907
205 39.4625
210 38.1734
215 38.6939
220 40.4799
225 40.4633
230 38.4043
235 41.739
240 40.226
245 41.3013
250 39.9689
255 41.5619
260 40.9703
265 39.8519
270 40.8399
275 41.1062
280 38.3356
285 38.6766
290 41.5124
295 41.6894
300 41.0297
305 41.3411
310 39.7189
315 40.2869
320 41.6223
325 39.1534
330 39.451
335 38.3936
340 41.4133
345 38.2858
350 40.045
355 38.3182
360 39.8969
365 39.3
370 41.9801
375 40.9671
380 38.5862
385 39.1839
390 38.7628
395 39.3846
400 40.0858
405 38.8183
410 40.9442
415 41.7815
420 40.4449
425 38.0817
430 41.0861
435 39.9734
440 38.946
445 39.4639
450 40.3784
455 39.4846
460 40.0113
465 40.9847
470 41.0053
475 40.46
480 40.2504
485 38.4277
490 39.418
495 41.4792
500 39.3861
505 39.82
510 39.747
515 38.9029
520 40.9381
525 40.7216
530 39.534
535 41.4033
540 39.6863
545 38.0853
550 38.932
555 39.2017
560 40.3308
565 41.8012
570 40.0659
575 38.6357
580 39.753
585 41.4869
590 39.6967
595 39.4491
600 38.1763
5 33.1586
10 30.1174
15 30.1364
20 30.1664
25 30.1138
30 30.3539
35 29.838
40 30.1017
45 30.1614
50 30.0915
55 30.3441
60 29.9002
65 30.0859
70 30.1214
75 30.0796
80 30.4092
85 29.8214
90 30.1221
95 30.1308
100 30.1203
105 30.1203
110 30.0754
115 30.1403
120 30.1012
125 30.1097
130 30.1159
135 30.0961
140 30.1235
145 30.1322
150 30.111
155 30.0944
160 30.1103
165 30.1404
170 30.0958
180 39.7493
185 40.0521
190 41.0239
195 40.7428
200 41.9548
205 40.2612
210 41.7168
215 41.7391
220 38.412
225 41.9129
230 38.9314
235 40.8312
240 38.4661
245 41.8048
250 41.3089
255 40.0926
260 41.5249
265 38.7633
270 41.7721
275 41.926
280 39.5862
285 41.1464
290 40.7169
295 39.1055
300 41.3005
305 40.257
310 39.2637
315 38.3589
320 41.8607
325 40.2524
330 40.0112
335 40.2408
340 38.1751
345 39.3938
350 38.9714
355 38.0698
360 41.3223
365 39.7735
370 39.4681
375 39.4246
380 39.3293
385 40.3329
390 40.6075
395 40.8084
400 38.6105
405 40.6196
410 39.0648
415 39.7159
420 39.0811
425 39.8022
430 41.9682
435 38.5787
440 40.2804
445 38.8519
450 40.189
455 40.2315
460 38.2701
465 41.7515
470 38.0142
475 40.7414
480 41.4656
485 41.8328
490 41.234
495 40.4421
500 40.2475
505 41.8346
510 39.7858
515 41.7782
520 39.5859
525 41.6239
530 41.1359
535 41.1244
540 40.3032
545 41.0091
550 39.641
555 38.5601
560 38.5594
565 38.3709
570 41.8638
575 41.4211
580 40.8872
585 38.1788
590 40.0527
595 41.9668
600 40.7242
5 30.102
10 30.1123
15 30.1013
20 30.4689
25 29.8934
30 29.9918
35 30.1429
40 30.0849
45 30.1017
50 30.1288
55 30.2238
60 29.9438
65 30.1294
70 30.0659
75 30.3199
80 30.1428
85 29.896
90 30.1045
95 30.1379
100 30.248
105 30.0735
110 30.0845
115 30.3142
120 30.1472
125 29.9488
130 30.2564
135 29.9185
140 30.1496
145 30.1128
150 30.1183
155 30.3242
160 29.9344
165 30.1124
170 30.0838
180 38.5801
185 41.4397
190 38.9342
195 41.2459
200 39.6601
205 39.2639
210 39.2169
215 41.2879
220 41.4581
225 39.4453
230 39.5992
235 39.1345
240 38.6535
245 41.8842
250 38.0527
255 38.9439
260 41.7599
265 39.1763
270 38.0363
275 39.7369
280 39.0344
285 38.2384
290 38.224
295 40.4928
300 41.6867
305 41.7696
310 41.4215
315 41.6855
320 39.4788
325 40.0739
330 40.4016
335 39.2941
340 40.6191
345 39.9505
350 41.4433
355 41.7985
360 38.0643
365 38.0638
370 38.0471
375 39.0943
380 39.7388
385 41.1453
390 40.1054
395 39.8035
400 41.333
405 41.1425
410 39.3605
415 38.6205
420 39.8793
425 41.3014
430 40.7183
435 41.6069
440 38.4089
445 39.0759
450 41.4098
455 38.7211
460 40.2016
465 41.9935
470 40.933
475 41.3717
480 41.9848
485 38.4344
490 40.1331
495 38.4461
500 38.6187
505 40.7645
510 38.5173
515 39.9506
520 39.4964
525 38.8818
530 39.0413
535 39.9137
540 41.2437
545 39.303
550 41.1575
555 39.0883
560 41.197
565 40.3841
570 41.6342
575 40.1095
580 38.1724
585 41.2402
590 38.6109
595 38.0932
600 40.7955
5 29.9933
10 29.9553
15 29.9431
20 29.969
25 29.9716
30 29.9932
35 30.0225
40 29.9604
45 29.9734
50 29.986
55 29.9962
60 29.9384
65 29.9931
70 29.9644
75 30.1358
80 29.805
85 30.004
90 29.9837
95 29.9696
100 30.2091
105 29.9385
110 29.9872
115 29.7944
120 29.959
125 29.9748
130 30.1729
135 29.7914
140 29.9744
145 29.9265
150 30.1965
155 30.0048
160 29.8218
165 30.0067
170 30.131
180 41.7984
185 39.7658
190 38.211
195 41.1266
200 38.2883
205 40.0149
210 38.1982
215 38.2358
220 39.7204
225 41.8866
230 41.9455
235 40.8362
240 40.8791
245 40.1092
250 38.3446
255 41.0172
260 41.3688
265 38.1604
270 38.6897
275 38.9178
280 41.503
285 38.2832
290 38.3253
295 39.0359
300 38.8279
305 39.8017
310 39.2972
315 38.1307
320 39.2961
325 40.2431
330 39.2401
335 40.9724
340 38.2793
345 41.9716
350 38.0035
355 41.5219
360 40.903
365 41.3965
370 40.8283
375 39.9198
380 38.5212
385 39.1344
390 40.7476
395 40.1902
400 41.71
405 40.3489
410 39.701
415 38.9687
420 39.7252
425 40.0396
430 40.1519
435 40.7112
440 38.4569
445 40.0393
450 38.3317
455 41.8904
460 41.5404
465 38.1226
470 38.7107
475 41.497
480 39.9463
485 41.4105
490 38.8075
495 41.4638
500 40.4846
505 40.1203
510 40.5371
515 39.6614
520 39.5819
525 41.8493
530 39.8711
535 38.397
540 40.8802
545 41.8463
550 40.8154
555 39.5898
560 38.4598
565 40.1302
570 38.8878
575 41.9218
580 41.0551
585 39.7823
590 38.7016
595 38.1001
600 40.6625
5 30.1301
10 29.9369
15 30.2143
20 29.8869
25 30.0369
30 30.1318
35 29.9497
40 30.0292
45 30.0215
50 30.0278
55 30.0072
60 30.0235
65 30.0413
70 30.0391
75 30.0182
80 30.0648
85 30.0231
90 29.9854
95 30.0087
100 30.0227
105 30.0067
110 30.0196
115 30.005
120 30.0083
125 30.0838
130 30.0124
135 30.0107
140 30.053
145 30.063
150 30.039
155 30.276
160 29.8357
165 30.0307
170 29.9873
180 41.1379
185 40.4677
190 40.7555
195 39.1081
200 38.0861
205 40.994
210 40.3521
215 38.7663
220 38.4563
225 38.8634
230 38.3157
235 40.6749
240 40.2149
245 38.986
250 38.9286
255 40.5362
260 40.6019
265 38.9658
270 40.0139
275 39.798
280 39.344
285 41.492
290 39.9812
295 41.8442
300 38.5156
305 41.6563
310 41.4297
315 38.124
320 39.3548
325 40.5275
330 39.8386
335 39.9731
340 40.6327
345 38.5081
350 39.7467
355 40.384
360 39.1853
365 40.1599
370 39.4728
375 38.5174
380 40.7046
385 38.9516
390 38.0547
395 40.6254
400 40.3781
405 39.057
410 40.3626
415 38.0574
420 38.4706
425 40.1877
430 41.1759
435 38.0347
440 38.896
445 38.7447
450 39.2275
455 39.5622
460 40.5447
465 38.6297
470 41.7831
475 39.5247
480 39.3711
485 39.5127
490 38.3516
495 38.7891
500 38.2239
505 39.5348
510 38.1143
515 39.7167
520 38.0527
525 38.1389
530 41.0665
535 41.3037
540 39.299
545 38.5218
550 39.3642
555 41.5578
560 39.5672
565 41.3114
570 38.0738
575 39.2786
580 38.746
585 40.7726
590 40.9484
595 40.8235
600 39.6915
5 30.0742
10 30.3001
20 30.3514
25 30.3319
30 30.7099
35 30.8631
40 30.5352
45 30.2551
55 30.665
60 30.6037
70 30.2875
75 30.5836
80 30.719
85 30.3487
95 30.0762
100 30.5638
105 30.7719
110 31.1004
115 30.2782
120 30.1286
125 30.0996
135 30.5227
140 30.8655
145 30.3583
150 30.0523
155 30.2705
165 30.8005
170 30.7369
180 41.9938
185 38.2831
190 41.6623
195 41.1627
200 38.5752
205 41.8097
210 38.0564
215 40.0977
220 39.9023
225 41.8759
230 41.9817
235 39.4687
240 39.8349
245 39.7149
250 40.6389
255 39.0264
260 41.3009
265 38.0929
270 39.9422
275 38.2862
280 38.1872
285 39.7934
290 41.8372
295 41.2576
300 41.0053
305 38.2628
310 41.8043
315 38.6499
320 38.564
325 38.2344
330 40.702
335 40.9879
340 39.8819
345 40.3439
350 38.3611
355 39.2218
360 41.6508
365 39.9841
370 38.8335
375 40.9752
380 38.9397
385 40.0502
390 38.0326
395 38.4503
400 39.1998
405 40.5092
410 39.2264
415 38.2648
420 38.7122
425 41.2364
430 39.3008
435 38.8513
440 39.6169
445 39.9848
450 39.6973
455 40.514
460 41.3195
465 41.3139
470 41.5366
475 41.4943
480 40.1917
485 40.123
490 40.8006
495 38.084
500 39.3445
505 40.2993
510 39.5854
515 41.6791
520 40.9362
525 40.1137
530 39.0936
535 40.1181
540 41.9694
545 41.7996
550 38.341
555 41.4423
560 39.0231
565 40.2359
570 38.6782
575 41.9259
580 39.451
585 41.0935
590 39.2241
595 38.8364
600 39.1064
5 30.116
10 30.0763
15 30.0885
20 30.1183
25 30.1023
30 30.0617
35 30.1098
40 30.0895
45 30.064
50 30.0825
55 30.1069
60 30.0601
65 30.2528
70 29.9415
75 30.0673
80 30.0987
85 30.076
90 30.1304
95 30.0651
100 30.0847
105 30.0675
110 30.0556
115 30.0852
120 30.0751
125 30.059
130 30.3003
135 29.8934
140 30.0886
145 30.0748
150 30.1038
155 30.1114
160 30.0431
165 30.0561
170 30.0863
180 39.9831
185 38.7863
190 38.7352
195 39.0544
200 41.4367
205 41.7371
210 38.0471
215 39.9325
220 41.0079
225 39.0068
230 41.7335
235 38.2849
240 40.5248
245 38.4195
250 40.6428
255 38.0364
260 39.1027
265 40.5429
270 38.4046
275 40.2789
280 40.4093
285 41.5709
290 41.2143
295 39.1351
300 41.2022
305 39.3537
310 40.2927
315 38.542
320 38.7947
325 38.6819
330 41.4018
335 39.2032
340 41.7253
345 39.6459
350 39.6596
355 39.2697
360 39.8422
365 41.4988
370 38.4622
375 40.7768
380 40.8722
385 38.7338
390 39.3454
395 38.1082
400 39.7745
405 39.3451
410 38.8405
415 39.0358
420 38.2775
425 38.721
430 40.5217
435 41.8027
440 41.0948
445 38.7813
450 40.0397
455 40.6689
460 39.909
465 39.0261
470 39.4281
475 40.6894
480 40.0081
485 40.7927
490 38.1498
495 41.4129
500 39.2364
505 40.243
510 38.6147
515 39.8826
520 39.594
525 41.2208
530 40.3722
535 39.8846
540 41.423
545 39.2694
550 41.6596
555 39.0624
560 41.4142
565 40.3064
570 39.1128
575 38.4847
580 41.5335
585 38.0416
590 40.509
595 38.5997
600 39.8951
5 30.1687
10 30.2081
20 30.1884
25 30.1877
30 30.2113
35 30.1591
40 30.2081
50 30.1734
55 30.1619
60 30.1747
65 30.1784
70 30.1957
75 30.2272
85 30.1811
90 30.2007
95 30.1895
100 30.2142
110 30.1772
115 30.1525
120 30.1947
125 30.1749
130 30.3188
140 30.1487
145 30.1623
150 30.1791
155 30.3097
160 30.0874
170 30.2178
180 39.0607
185 39.2447
190 41.7059
195 40.253
200 40.9195
205 40.7919
210 41.7578
215 40.7126
220 41.2682
225 40.8911
230 41.2366
235 39.7475
240 38.3194
245 40.465
250 38.1364
255 38.5534
260 38.646
265 38.4289
270 41.4156
275 40.9712
280 39.81
285 41.9128
290 39.8701
295 40.2208
300 38.6931
305 39.1728
310 39.6186
315 38.9497
320 41.2784
325 41.0885
330 40.3758
335 38.4491
340 38.5381
345 40.9004
350 38.1062
355 41.1531
360 40.7313
365 38.5841
370 39.6219
375 41.1729
380 40.8225
385 40.0157
390 39.5428
395 40.851
400 41.7472
405 41.6361
410 40.787
415 38.9377
420 41.0355
425 39.6292
430 39.0145
435 41.9669
440 40.8394
445 40.3809
450 39.8553
455 40.9253
460 38.49
465 38.7189
470 40.175
475 38.2477
480 41.5335
485 41.1159
490 40.7123
495 41.9628
500 38.7868
505 40.241
510 38.0093
515 40.7777
520 39.1285
525 41.227
530 39.8448
535 39.4789
540 41.3749
545 38.3185
550 38.9375
555 39.471
560 39.1834
565 40.2557
570 38.0161
575 38.7574
580 41.3921
585 40.6155
590 40.0337
595 39.1407
600 41.7234
5 32.1727
10 30.3348
15 29.8864
20 30.0884
25 30.1281
30 30.1782
35 29.9835
40 30.1084
45 30.0976
50 30.1381
55 30.237
60 30.0299
65 30.1136
70 30.085
75 30.0794
80 30.1843
85 29.994
90 30.1202
95 30.0881
100 30.1197
105 30.2399
110 29.998
115 30.1012
120 30.1288
125 30.122
130 30.0891
135 30.1203
140 30.1349
145 30.1208
150 30.1138
155 30.1487
160 30.0808
165 30.08
170 30.1102
180 41.4917
185 41.4703
190 40.2468
195 40.0521
200 38.927
205 39.2788
210 38.4033
215 41.4415
220 41.5376
225 40.5723
230 38.8247
235 38.9556
240 38.4781
245 40.7082
250 40.573
255 38.9753
260 38.1697
265 38.5942
270 39.6219
275 38.9951
280 40.9815
285 40.0853
290 40.1512
295 40.2296
300 38.0772
305 41.4106
310 39.409
315 40.0518
320 39.6769
325 40.6235
330 39.9406
335 39.3066
340 39.2739
345 38.7559
350 41.0929
355 39.5543
360 40.5803
365 40.0921
370 41.9367
375 38.9813
380 39.2126
385 38.9431
390 41.5685
395 38.9625
400 40.8771
405 38.6726
410 40.5079
415 39.4648
420 41.4169
425 40.0744
430 38.6743
435 38.5575
440 38.9935
445 39.5656
450 41.2071
455 38.931
460 40.7607
465 41.217
470 41.4612
475 40.8242
480 40.4682
485 38.429
490 40.7463
495 38.6813
500 41.0654
505 41.1204
510 41.6177
515 39.9456
520 38.7902
525 40.6897
530 41.3324
535 38.8828
540 41.5829
545 41.4823
550 41.9685
555 40.7616
560 40.9179
565 41.4487
570 41.7468
575 40.6631
580 39.7079
585 40.498
590 38.4204
595 39.4835
600 41.8309
5 30.0092
10 30.0546
15 30.0682
20 30.0403
25 30.0066
30 30.0316
35 30.0212
40 30.0217
45 30.0077
50 29.9856
55 30.0351
60 30.0481
65 29.9971
70 30.029
75 30.0592
80 29.9792
85 29.9903
90 30.0271
95 30.0231
100 30.0289
105 30.2517
110 29.7638
115 30.0296
120 30.0328
125 29.995
130 30.0187
135 30.0331
140 30.0219
145 30.0376
150 30.0274
155 30.0814
160 29.898
165 30.0124
170 29.9874
180 38.4216
185 39.8298
190 40.8404
195 39.7749
200 40.2516
205 41.503
210 41.0245
215 39.154
220 39.7787
225 40.3544
230 41.1068
235 39.3667
240 41.4994
245 38.0014
250 38.1487
255 38.599
260 39.9282
265 40.4679
270 40.2161
275 39.3573
280 40.9619
285 39.1749
290 39.6434
295 41.6971
300 38.6478
305 41.1122
310 38.5402
315 38.2844
320 38.5859
325 38.1378
330 40.2856
335 40.1796
340 39.4151
345 38.487
350 39.2758
355 39.3548
360 40.3765
365 38.9688
370 39.8361
375 40.9298
380 38.2252
385 39.1979
390 39.3593
395 38.895
400 40.4381
405 41.5079
410 38.2099
415 40.196
420 40.6599
425 38.1411
430 41.3496
435 40.0998
440 38.8494
445 38.0156
450 40.0269
455 41.3722
460 39.4196
465 40.2692
470 38.9756
475 38.6725
480 41.8129
485 40.9869
490 41.2513
495 41.9279
500 40.4622
505 38.4429
510 38.0486
515 39.6696
520 39.3887
525 38.0826
530 40.7977
535 41.383
540 40.2775
545 41.2475
550 41.8466
555 41.8913
560 38.575
565 40.8145
570 41.7043
575 38.9654
580 41.1791
585 38.1722
590 38.9636
595 41.399
600 38.7074
5 30.2585
10 29.8448
15 30.037
20 30.0186
25 30.058
30 30.2103
35 29.8231
40 30.0232
45 30.0047
50 29.9738
55 30.0624
60 30.0291
65 30.0063
70 30.0438
75 29.9962
80 29.9538
85 29.9865
90 30.1922
95 29.8173
100 29.9868
105 30.1288
110 29.9305
115 30.0106
120 30.0117
125 30.0132
130 29.9841
135 30.0487
140 30.0144
145 30.0181
150 29.9838
155 29.9989
160 30.0568
165 30.0055
170 29.9813
180 38.5425
185 39.0379
190 39.8399
195 38.0742
200 38.636
205 40.8945
210 40.9594
215 40.6382
220 41.7386
225 39.584
230 41.0886
235 39.6049
240 41.4438
245 38.5602
250 38.2655
255 40.7488
260 38.2549
265 41.3989
270 38.6914
275 38.6025
280 40.7953
285 39.8004
290 40.4166
295 40.8677
300 41.6545
305 41.4684
310 39.4213
315 40.8584
320 40.2461
325 38.9996
330 41.6627
335 41.6585
340 39.0802
345 41.5621
350 41.0043
355 38.7005
360 40.8578
365 41.3952
370 39.7133
375 41.8008
