5 30.0713
10 30.0381
15 30.0421
20 30.6226
25 29.6096
30 30.0485
35 30.0466
40 30.0909
45 30.0729
50 30.2589
55 30.0598
60 29.891
65 30.1172
70 30.0384
75 30.1013
80 30.0799
85 30.0088
90 30.0701
95 30.0633
100 30.061
105 30.0658
110 30.0402
115 30.0998
120 30.0521
125 30.0168
130 30.0813
135 30.0578
140 30.0391
145 30.1129
150 30.0662
155 30.2265
160 29.9012
165 30.0951
170 30.0287
175 30.0714
180 30.2803
185 29.8828
190 30.0617
195 30.0564
200 30.0566
205 30.1317
210 29.996
215 30.0493
220 30.0718
225 30.058
230 30.0899
235 30.0465
240 30.2494
245 29.849
250 30.0724
255 30.0771
260 30.0556
265 30.0552
270 30.202
275 29.9115
280 30.0342
285 30.2339
290 29.8952
295 30.0628
300 30.0596
305 30.0351
310 30.08
315 30.0596
320 30.0743
325 30.0788
330 30.022
335 30.256
340 30.0812
345 29.8886
350 30.0667
355 30.0506
360 29.9938
365 30.0592
370 30.0518
375 30.0955
380 30.0897
385 30.0737
390 30.2991
395 29.888
400 30.0841
405 30.0795
410 30.4263
415 29.7124
420 30.1175
425 30.0318
430 30.0896
435 30.0197
440 30.0813
445 30.0544
450 30.059
455 30.0964
460 29.9524
465 30.145
470 30.0864
475 30.0601
480 30.0694
485 30.1715
490 29.9648
495 30.0603
500 30.0707
505 30.1412
510 30.1908
515 30.0157
520 30.0316
525 29.9724
530 30.0289
535 30.388
540 29.9719
545 29.9135
550 30.0451
555 30.0711
560 30.1774
565 29.947
570 30.0313
575 30.0772
580 30.2236
585 29.8828
590 30.109
595 30.0366
600 30.0309
