5 23.7829555556
10 43.29258
15 44.49764
20 44.6217833333
25 44.5642538462
30 44.5727923077
35 44.7629153846
40 44.6549307692
45 44.5349916667
50 44.5799153846
55 44.3782461538
60 44.8686307692
65 44.5847538462
70 44.6702923077
75 44.473225
80 44.3578076923
85 45.0471166667
90 44.6250692308
95 44.615825
100 44.5432846154
105 44.3989416667
110 44.8076461538
115 44.8510923077
120 44.6526615385
125 44.5204384615
130 44.3953909091
135 44.7847
140 44.6547153846
145 44.6494928571
150 44.7092214286
155 44.4463461538
160 44.8324
165 44.7007428571
170 44.6327
175 44.6237357143
180 44.4139454545
185 29.4581125
190 29.3344
195 29.5825
200 27.8320166667
205 27.5591727273
210 29.6952222222
215 30.5123
220 30.3959
225 26.58895
230 27.6104583333
235 29.88047
240 29.7962
245 29.8892
250 23.8341
255 27.5839181818
260 28.92759
265 30.02875
270 29.8704
275 29.8704
280 27.85167
285 28.88236
290 30.4456333333
295 29.8722
300 29.1186
305 27.79535
310 28.9409916667
315 30.30505
320 29.3379
325 29.3379
330 27.87009
335 29.0561090909
340 30.3375666667
345 29.0104
350 29.0104
355 27.84165
360 28.96843
365 30.248525
370 29.874
375 29.874
380 28.97395
385 28.2336818182
390 30.8406
395 29.8622
400 29.8622
405 28.336225
410 29.05665
415 30.41475
420 29.878
425 29.878
430 28.7135333333
435 28.1470181818
440 30.46304
445 29.887
450 29.887
455 27.9505
460 28.4024636364
465 30.14164
470 30.6576
475 29.8859
480 29.165075
485 28.0502888889
490 29.2111714286
495 30.318775
500 29.8799
505 26.05425
510 28.0819555556
515 29.4334555556
520 30.05065
525 29.1912
530 28.505625
535 27.9430875
540 29.264075
545 29.4295
550 29.8707
555 29.8707
560 27.8586222222
565 27.9954666667
570 30.33035
575 30.33035
580 29.6898
585 27.4943
590 28.73954
595 30.53435
