5 43.8649
10 44.6252
15 43.9422
20 44.6256
25 44.6279
30 44.6278
35 44.6093
40 44.6415
45 44.6693
50 44.6144
55 43.6683
60 45.5895
65 43.9282
70 44.6414
75 44.6376
80 44.2701
85 44.9379
90 44.6169
95 43.9221
100 44.609
105 44.5732
110 44.6683
115 44.6678
120 43.9961
125 43.9651
130 43.2393
135 44.8495
140 44.3754
145 44.6312
150 44.6222
155 44.6646
160 44.6222
165 44.9519
170 44.6179
175 44.6166
180 44.6376
200 23.8454
205 23.0133
225 23.3703
230 23.7775
250 23.8341
255 23.2888
280 23.0132
285 24.7564
305 23.8591
310 24.0897
330 22.6518
335 24.6153
355 22.7423
360 24.3152
380 23.8218
385 23.7697
405 23.8448
410 23.2667
430 23.8604
435 23.2716
455 24.1597
460 23.2746
485 23.5144
510 23.8613
530 23.8537
535 23.7812
560 24.6775
565 23.6007
585 22.6451
590 24.6687
5 0
10 44.3766
15 44.6487
20 44.6778
25 44.6575
30 43.9843
35 45.2676
40 44.652
45 44.6171
50 44.6586
55 43.9475
60 44.6543
65 44.6709
70 44.6496
75 44.6272
80 44.6406
85 44.6591
90 44.6178
95 44.6505
100 44.6772
105 44.2856
110 44.401
115 45.2864
120 44.6291
125 44.6243
130 44.0033
135 45.2138
140 44.6334
145 44.6648
150 44.6476
155 44.3173
160 44.6266
165 44.6527
170 44.6632
175 44.6522
180 44.2739
185 30.4721
200 29.8162
205 28.9514
210 30.4726
225 29.8076
230 27.7979
235 31.5864
255 29.4972
260 30.4587
280 29.5
285 29.9317
300 29.1186
305 29.6796
310 30.5936
330 30.0686
335 30.5946
355 28.374
360 30.6064
380 29.523
385 30.6016
405 30.6004
410 30.221
430 29.6479
435 27.0172
455 28.2229
460 28.5965
465 31.4441
480 29.8133
485 28.7817
490 30.7264
505 29.8082
510 28.9452
515 30.6015
530 29.8158
535 28.9537
540 29.8141
560 29.5199
565 30.583
585 30.0607
590 30.3328
5 29.8013
10 40.4385
15 44.7073
20 44.7234
25 44.7095
30 43.9653
35 45.2837
40 44.7449
45 44.6616
50 44.6692
55 43.9296
60 45.2837
65 44.7401
70 44.7041
75 44.0302
80 43.9736
85 45.265
90 44.71
95 44.7286
100 44.6818
105 43.1672
110 45.7621
115 44.7232
120 44.7346
125 44.6957
130 44.6961
135 44.3242
140 44.9861
145 44.6873
150 44.7096
155 43.2062
160 45.2062
165 45.3563
170 44.6864
175 44.751
180 44.7141
185 29.3014
205 29.8444
210 28.9857
230 28.5879
235 30.2447
260 28.9847
285 28.9827
310 28.9716
335 28.8094
360 28.9756
365 30.5108
385 29.8509
390 30.5005
410 31.1244
415 30.6138
435 28.9799
440 30.7789
460 29.8568
465 28.8215
470 30.7713
490 27.5385
495 31.7975
515 29.3104
520 30.2269
530 30.4929
540 28.9796
545 28.9773
565 28.9663
570 30.6288
580 29.6898
590 29.2922
595 30.6315
5 37.9845
10 44.9728
15 44.6107
20 44.614
25 44.641
30 44.6404
35 44.6044
40 43.9332
50 44.6399
55 44.6115
60 44.6422
65 44.6423
70 44.6367
75 44.5949
80 44.6437
85 44.6122
90 44.6502
95 44.6233
100 44.6067
105 44.7168
110 44.6504
115 44.9751
120 44.9158
125 44.6107
130 44.6651
135 44.6411
140 44.6206
145 44.6283
150 44.6376
155 44.6293
160 44.943
165 44.6412
170 44.6451
175 44.5933
180 44.6319
185 29.6891
205 27.2178
210 31.4559
230 28.4087
235 29.5169
255 29.6697
260 28.9463
280 28.4102
285 30.3658
305 28.5707
310 30.0504
330 29.1354
335 30.3582
355 30.3442
360 28.975
385 28.9779
390 30.6024
410 28.9813
435 30.7379
440 30.6015
460 30.3626
465 29.3095
495 29.8312
510 29.6869
515 29.9877
535 29.8205
540 29.3035
560 29.8408
565 28.9549
590 28.0212
5 36.1996
10 43.9616
15 43.9381
20 44.623
25 44.6602
30 44.7118
35 43.9926
40 44.6571
45 44.6361
50 44.6436
55 44.6357
60 44.2713
65 44.6626
70 44.6532
75 44.683
80 44.6581
85 44.6653
90 44.6395
95 44.6529
100 44.7128
105 44.2784
110 44.3739
115 44.9328
120 44.6599
125 44.6829
130 44.6845
135 44.6609
140 44.668
145 43.9554
150 44.7081
155 45.0121
160 44.3664
165 44.6666
170 44.651
175 44.6412
180 43.9677
200 29.8023
205 29.8167
230 28.9526
255 29.3614
280 29.0973
305 27.7464
310 31.0657
330 28.2005
335 30.7253
355 28.202
360 31.2402
380 29.8172
385 29.8191
405 27.3838
410 31.6904
430 29.2812
435 29.523
455 28.7455
460 30.2108
480 27.1476
485 31.2933
510 28.9654
535 28.5611
560 30.0555
585 28.9486
590 29.9588
25 44.7181
30 44.7409
35 44.7649
40 44.7312
45 44.0313
50 44.7763
55 44.7477
60 44.7342
65 44.7108
70 44.7022
75 43.936
80 45.2884
90 44.7237
100 44.738
110 45.3636
115 44.7178
120 44.7753
125 44.7216
135 45.068
140 44.7715
145 44.746
150 44.7061
160 45.0369
165 44.7423
170 44.7657
175 44.7343
185 30.6807
190 29.3344
195 29.5825
210 29.5017
215 30.5123
220 30.3959
235 30.6683
240 29.8721
245 29.8892
255 29.007
260 30.6722
265 29.8803
270 29.8704
290 31.0581
295 29.8722
310 29.6315
315 30.3931
320 29.3379
340 29.8603
345 29.0104
370 29.874
395 29.8622
420 29.878
445 29.887
470 30.5439
475 29.8859
495 29.8547
500 29.8799
520 29.8744
525 29.1912
545 29.8817
550 29.8707
5 0
10 42.852
15 44.0332
20 44.692
25 44.6751
30 44.7378
35 44.6366
40 44.6721
45 45.0059
50 44.665
55 44.0589
60 45.328
65 44.6573
70 44.6696
75 44.9638
80 44.0213
85 45.0333
90 44.0052
95 44.6793
100 44.6572
105 44.0522
110 45.2328
115 44.7
120 44.6795
125 44.6933
130 44.7119
135 44.7005
140 44.6703
145 44.7018
150 44.6751
155 44.6866
160 44.6867
165 44.6753
170 44.6901
175 44.6442
180 44.6872
200 29.826
205 29.8292
230 29.8244
235 29.2788
255 29.8343
260 29.9972
280 26.985
285 32.0168
305 29.8149
310 29.1431
330 29.8391
335 29.425
355 28.4155
360 30.7485
380 29.2721
385 29.9665
405 28.4108
410 30.339
430 29.8331
435 28.967
455 29.8352
460 29.2757
480 29.838
485 29.1236
510 28.9512
10 44.112
15 44.1584
20 44.7259
25 45.0803
30 44.5956
35 44.7398
40 44.7043
45 44.7752
50 44.1036
55 44.0309
60 44.7749
65 44.7537
70 44.6917
75 44.7619
80 43.3516
85 46.1964
90 44.7819
95 44.7342
100 44.032
105 43.648
110 45.623
115 44.744
120 44.7044
125 44.0298
130 44.0007
135 45.258
140 44.7095
145 44.7114
150 44.6932
155 43.938
160 45.3875
165 44.7163
170 44.749
175 44.7035
180 43.9714
205 28.2175
210 31.2399
230 28.2302
235 31.2572
255 28.2336
260 30.7848
280 29.1455
285 31.1306
305 28.2416
310 31.2444
330 28.2462
335 30.7641
355 27.6063
360 31.7192
380 29.8411
385 29.3278
405 29.7156
410 29.1633
435 29.7054
460 30.5021
485 28.9877
510 28.985
515 30.6633
535 30.2309
540 30.6623
560 29.0001
565 30.1317
585 28.814
590 30.7894
145 44.6401
150 44.9997
155 44.6924
160 44.7056
165 44.6417
175 44.6713
185 30.5716
210 30.6126
235 31.095
240 29.6779
265 30.1772
290 30.5829
340 31.3348
365 30.5887
390 30.5915
410 28.9433
415 30.5782
440 30.5879
490 30.469
495 29.7917
515 29.6568
540 30.0883
570 30.0319
590 28.9383
595 30.4372
20 44.747
25 44.7434
30 44.7228
35 45.0785
40 44.7701
45 44.7294
50 44.8325
55 44.4782
60 45.003
65 44.7429
70 44.3984
75 44.4339
80 43.7601
85 45.7187
90 44.7081
95 44.7706
100 45.0479
105 45.042
110 44.4821
115 44.7122
120 44.713
125 44.7407
130 44.6121
135 44.8653
140 44.7535
145 44.7604
150 44.733
155 44.0753
160 45.3516
165 44.7176
170 44.7009
175 44.6739
180 44.7234
185 30.6503
205 30.2435
210 30.6324
230 29.0013
235 30.6477
255 28.3963
260 31.0123
280 29.7204
285 30.6485
305 28.2266
310 30.5108
330 29.8631
335 29.839
355 29.8622
360 29.3211
365 30.3706
380 29.8584
385 28.6086
390 31.0249
405 29.8523
410 29.4936
415 30.245
430 29.8531
435 29.3396
440 29.8563
455 28.7892
460 28.8108
465 30.7635
480 29.8614
485 29.1545
490 29.7373
510 29.7093
515 30.5384
530 29.8601
535 29.1824
540 30.5129
560 28.9994
565 30.6478
585 29.0028
590 30.6529
5 29.6605
10 42.53
15 44.7224
20 44.7291
25 44.6447
30 44.691
35 44.9797
40 44.7062
45 44.0377
50 44.0222
55 44.7038
60 44.7361
65 44.6928
70 44.7143
75 44.6891
80 44.315
85 44.7217
90 44.7006
95 44.6459
100 44.6892
105 44.6953
110 44.7383
115 44.9843
120 44.6977
125 44.6706
130 44.7013
135 44.6976
140 44.6796
145 44.6606
150 44.7587
155 44.7024
160 44.6515
165 44.6809
170 44.6755
175 44.7198
180 44.0167
185 23.9514
205 23.8538
210 23.8783
230 23.6192
235 23.8691
255 23.8793
260 23.3843
280 23.5477
285 23.0416
305 23.7774
310 22.4882
330 23.3685
335 24.3494
355 23.2219
360 24.1843
385 23.2983
410 23.9677
435 23.2946
460 23.3149
485 23.9333
490 24.4127
505 22.3003
510 24.6708
515 24.4108
535 23.8771
540 24.1248
560 23.8705
565 23.8673
585 23.8819
590 24.1109
5 36.5358
10 44.9943
15 44.7146
20 44.0132
25 44.7005
30 44.3435
35 44.7045
40 44.6832
45 43.9963
50 44.7056
55 44.9924
60 44.7099
65 43.9989
70 44.6832
75 44.0214
80 44.7368
85 44.6133
90 44.6694
95 44.6676
100 44.6678
105 44.6553
110 44.1268
115 45.299
120 44.6662
125 44.0075
130 45.0472
135 43.7098
140 44.0195
145 44.6684
150 44.7585
155 44.6234
160 44.7665
165 44.7212
170 44.7243
175 44.6987
180 44.6403
200 23.8657
205 23.0332
230 23.5386
255 23.296
260 24.3991
5 0
10 40.0628
15 45.5008
20 44.7058
25 44.7006
30 44.7103
35 44.6885
40 44.7049
45 44.656
50 44.5824
55 44.7415
60 44.6603
65 44.7599
70 44.6881
75 44.2997
80 44.3796
85 45.2927
90 44.7063
95 44.7125
100 43.3074
105 44.9542
110 45.0761
115 44.7055
120 44.7126
125 44.7115
130 43.9878
135 45.4277
140 45.0085
145 45.007
150 44.6572
155 44.3249
160 44.9873
165 44.7137
170 44.6804
175 44.7041
180 44.2892
185 30.3483
200 29.8365
205 29.1301
210 30.4779
230 28.9915
235 30.6406
240 29.8386
255 28.9595
260 30.6363
280 29.2956
285 30.3385
290 29.6959
305 28.2242
310 30.3896
315 30.217
330 28.2134
335 30.6298
340 29.8176
355 29.8463
360 29.5988
365 29.524
380 29.8388
385 27.9988
390 31.4837
405 28.1967
410 30.9119
415 30.222
435 28.9728
440 30.4906
460 29.295
465 30.3696
485 29.1238
490 30.4963
510 28.9625
515 30.4878
535 29.1378
540 30.6271
560 27.996
565 31.1257
585 29.107
590 30.6302
20 44.5846
25 42.7765
30 44.9748
35 44.5678
40 44.9134
45 44.604
50 44.6256
55 44.3712
60 44.9048
65 44.6414
70 44.8813
80 44.6126
85 44.8498
90 44.5963
95 44.6024
100 44.6357
105 44.7191
110 44.001
115 44.6161
120 44.6004
125 44.612
140 44.6154
145 44.6302
150 44.6225
155 44.93
160 44.3156
165 43.9327
170 43.9756
175 43.9282
230 30.5957
280 29.8018
285 27.611
305 29.813
310 29.1133
330 29.1143
335 29.5071
355 29.8018
380 29.8192
385 28.3513
405 28.6854
410 30.5772
430 29.8055
435 29.8082
460 28.9273
485 28.5403
490 31.098
515 29.2444
560 26.7679
565 24.0818
