5 31.8321076923
10 31.3967083333
15 31.3378916667
20 31.3281307692
25 31.4403846154
30 31.47543
35 31.3599
40 31.3265923077
45 31.3670538462
50 31.3709923077
55 31.4107
60 31.1995846154
65 31.4091636364
70 31.4126166667
75 31.3818923077
80 31.4541769231
85 31.3354
90 31.2734166667
95 31.3670769231
100 31.4570153846
105 31.3695
110 31.2669153846
115 31.3496230769
120 31.2897461538
125 31.3530923077
130 31.3476642857
135 31.2778076923
140 31.2893333333
145 31.2916307692
150 31.3210076923
155 31.3761142857
160 31.3030714286
165 31.4071416667
170 31.3350142857
175 31.3350142857
180 39.7866428571
185 40.0567857143
190 39.7440642857
195 40.5604
200 40.1432928571
205 40.39105
210 39.9168
215 40.3108928571
220 40.1272142857
225 40.0149142857
230 40.0565
235 40.10975
240 39.8864428571
245 40.3709285714
250 39.88275
255 40.0259428571
260 40.0356142857
265 39.5187642857
270 40.0448153846
275 40.1712615385
280 40.1829923077
285 39.6648153846
290 39.6888461538
295 39.6921538462
300 39.5925307692
305 39.8297384615
310 39.8293769231
315 40.0732
320 39.8463153846
325 39.7404692308
330 40.1517923077
335 40.3291538462
340 40.1671
345 38.9909
350 40.1570384615
355 40.3236692308
360 39.7857384615
365 40.0544846154
370 39.852
375 40.0059461538
380 40.2268076923
385 40.0312615385
390 39.6819461538
395 40.6645230769
400 39.3878615385
405 39.6825615385
410 39.9164692308
415 39.5359692308
420 39.0558923077
425 40.6893461538
430 39.6462923077
435 40.0340076923
440 39.9169846154
445 40.0914307692
450 39.7691615385
455 40.1148769231
460 40.0817615385
465 40.2606461538
470 39.7932538462
475 40.0242538462
480 40.0005230769
485 40.0024615385
490 40.5640230769
495 40.5517769231
500 39.4852
505 40.1074076923
510 39.7400769231
515 39.9617769231
520 39.64045
525 39.6527166667
530 39.7235666667
535 39.468825
540 40.763625
545 39.5044916667
550 39.388325
555 39.6398833333
560 39.5345583333
565 40.755425
570 40.1511333333
575 39.506925
580 39.7621916667
585 40.0646545455
590 39.6886363636
595 40.0387545455
600 40.6187181818
