5 31.8256722222
10 31.40140625
15 31.395325
20 31.3751
25 31.4202444444
30 31.48382
35 31.3208125
40 31.31105
45 31.3685388889
50 31.4054777778
55 31.40422
60 31.2657588235
65 31.4189133333
70 31.3635588235
75 31.3998
80 31.4666647059
85 31.2989666667
90 31.3201625
95 31.3810888889
100 31.4117058824
105 31.39694375
110 31.2882235294
115 31.3134529412
120 31.3305
125 31.3619833333
130 31.3460210526
135 31.2915529412
140 31.3452625
145 31.3448722222
150 31.3552
155 31.3447315789
160 31.2874157895
165 31.4025875
170 31.3349736842
175 31.3349736842
180 39.8893684211
185 40.3110105263
190 39.9099105263
195 40.4582578947
200 40.0655578947
205 40.1916526316
210 40.1511578947
215 40.2552736842
220 40.3785631579
225 40.0301842105
230 40.3178526316
235 40.2209736842
240 39.9602736842
245 40.1626052632
250 39.8262578947
255 39.9522894737
260 40.1282526316
265 39.6090105263
270 40.1015947368
275 40.0685368421
280 40.2509894737
285 39.5972947368
290 39.8896315789
295 39.7212666667
300 39.4934111111
305 39.9895444444
310 39.90735
315 40.09195
320 39.9739611111
325 39.6910388889
330 40.0479833333
335 40.3846888889
340 40.1692666667
345 39.0856666667
350 40.1304222222
355 40.3569888889
360 39.8544666667
365 40.2039777778
370 39.9322277778
375 39.8228777778
380 40.2046222222
385 39.9189388889
390 39.5573833333
395 40.5758722222
400 39.5511888889
405 39.6413666667
410 39.8486777778
415 39.4416333333
420 39.4940222222
425 40.6840888889
430 39.7558833333
435 40.1633222222
440 39.9568777778
445 39.7390222222
450 39.8599777778
455 40.067
460 40.1111777778
465 40.2832555556
470 39.8201
475 39.9611277778
480 40.1208222222
485 39.7970222222
490 40.2184666667
495 40.4560722222
500 39.4188055556
505 40.1291
510 39.8254333333
515 39.9539777778
520 39.7628166667
525 39.5938888889
530 39.7960111111
535 39.9172722222
540 40.5907555556
545 39.47365
550 39.5106666667
555 39.8322277778
560 39.4213529412
565 40.4966411765
570 39.9083352941
575 39.4193117647
580 39.8265176471
585 40.0468764706
590 39.7091294118
595 39.7650529412
600 40.3897647059
