5 43.8649
10 44.6252
15 43.9422
20 44.6256
25 44.6279
30 44.6278
35 44.6093
40 44.6415
45 44.6693
50 44.6144
55 43.6683
60 45.5895
65 43.9282
70 44.6414
75 44.6376
80 44.2701
85 44.9379
90 44.6169
95 43.9221
100 44.609
105 44.5732
110 44.6683
115 44.6678
120 43.9961
125 43.9651
130 43.2393
135 44.8495
140 44.3754
145 44.6312
150 44.6222
155 44.6646
160 44.6222
165 44.9519
170 44.6179
175 44.6166
180 44.6376
195 29.1582
200 29.1526
205 28.5538
220 29.1754
230 28.84
245 29.1268
250 29.121
255 29.1924
275 29.1674
280 29.1447
285 29.1613
305 29.1746
310 29.1599
330 29.1622
335 29.4247
355 29.1516
360 29.1507
380 29.1148
385 28.8485
405 29.1516
410 28.5433
425 28.6085
430 29.1767
435 28.5514
450 29.1518
455 29.165
460 28.8555
475 29.1814
480 29.1618
485 28.836
500 29.1845
505 29.1421
510 28.8748
535 29.1733
540 29.444
560 29.1676
565 29.4178
585 29.1449
590 29.1501
5 0
10 44.3766
15 44.6487
20 44.6778
25 44.6575
30 43.9843
35 45.2676
40 44.652
45 44.6171
50 44.6586
55 43.9475
60 44.6543
65 44.6709
70 44.6496
75 44.6272
80 44.6406
85 44.6591
90 44.6178
95 44.6505
100 44.6772
105 44.2856
110 44.401
115 45.2864
120 44.6291
125 44.6243
130 44.0033
135 45.2138
140 44.6334
145 44.6648
150 44.6476
155 44.3173
160 44.6266
165 44.6527
170 44.6632
175 44.6522
180 44.2739
185 37.8397
200 36.5365
205 36.4313
210 37.9228
225 37.2114
230 36.4341
235 37.8404
245 37.2062
250 35.8171
255 37.8253
260 37.9521
270 37.1879
275 37.2207
280 36.4107
285 37.8785
295 37.2343
305 36.4465
310 37.9031
320 37.829
330 37.9573
335 37.9046
345 37.8927
355 36.4162
360 37.9218
380 36.4481
385 37.9149
405 37.1087
410 35.8288
430 37.1947
435 36.6322
455 37.2132
460 36.1899
465 37.9989
480 37.2199
485 35.5599
490 38.0405
505 37.2124
510 36.5291
515 37.8359
535 36.3078
540 37.9173
555 36.5501
560 36.4283
565 37.8875
575 37.2014
585 36.4335
590 37.912
600 37.2178
5 29.8013
10 40.4385
15 44.7073
20 44.7234
25 44.7095
30 43.9653
35 45.2837
40 44.7449
45 44.6616
50 44.6692
55 43.9296
60 45.2837
65 44.7401
70 44.7041
75 44.0302
80 43.9736
85 45.265
90 44.71
95 44.7286
100 44.6818
105 43.1672
110 45.7621
115 44.7232
120 44.7346
125 44.6957
130 44.6961
135 44.3242
140 44.9861
145 44.6873
150 44.7096
155 43.2062
160 45.2062
165 45.3563
170 44.6864
175 44.751
180 44.7141
185 36.5876
205 37.1668
210 36.3611
235 38.6562
255 37.2373
260 36.4766
275 37.2552
285 36.4734
300 37.2652
310 36.4564
315 37.9626
325 36.5692
335 36.4559
340 37.9419
350 38.0278
360 37.1409
365 37.9748
375 37.256
385 36.4808
390 37.9607
400 37.9061
410 37.8517
415 37.9328
435 36.4701
440 37.9805
460 37.2852
465 36.5785
485 37.2653
490 36.4468
510 37.2454
515 36.488
535 37.2483
540 36.5901
5 37.9845
10 44.9728
15 44.6107
20 44.614
25 44.641
30 44.6404
35 44.6044
40 43.9332
50 44.6399
55 44.6115
60 44.6422
65 44.6423
70 44.6367
75 44.5949
80 44.6437
85 44.6122
90 44.6502
95 44.6233
100 44.6067
105 44.7168
110 44.6504
115 44.9751
120 44.9158
125 44.6107
130 44.6651
135 44.6411
140 44.6206
145 44.6283
150 44.6376
155 44.6293
160 44.943
165 44.6412
170 44.6451
175 44.5933
180 44.6319
185 37.0132
205 37.2532
210 35.5842
230 37.2443
235 36.5353
255 37.2279
260 36.5334
280 37.2449
285 36.3369
305 34.8154
310 38.6636
325 36.678
330 37.2404
335 36.4446
350 37.2471
360 36.4617
375 36.4526
385 36.3471
400 37.2635
410 36.456
425 36.4296
435 37.2553
440 37.3467
460 37.2584
465 37.2714
485 37.2261
490 37.0031
510 37.2525
515 37.2604
545 37.7665
560 37.2694
565 36.4281
585 37.2407
590 36.576
5 36.1996
10 43.9616
15 43.9381
20 44.623
25 44.6602
30 44.7118
35 43.9926
40 44.6571
45 44.6361
50 44.6436
55 44.6357
60 44.2713
65 44.6626
70 44.6532
75 44.683
80 44.6581
85 44.6653
90 44.6395
95 44.6529
100 44.7128
105 44.2784
110 44.3739
115 44.9328
120 44.6599
125 44.6829
130 44.6845
135 44.6609
140 44.668
145 43.9554
150 44.7081
155 45.0121
160 44.3664
165 44.6666
170 44.651
175 44.6412
180 43.9677
205 36.3171
220 37.2158
230 37.3144
245 37.2254
255 37.2275
270 37.2298
280 36.3996
295 37.2459
305 37.2503
320 37.2564
330 37.2343
335 37.2278
345 36.4398
355 37.216
360 37.2512
380 37.922
385 36.4367
405 37.2338
410 37.2514
430 36.7839
435 37.0148
455 36.5585
460 37.8997
480 37.2343
485 36.528
505 37.2181
510 36.5654
530 37.262
535 36.3234
550 37.2179
560 38.6007
575 37.224
585 37.9065
600 37.2373
25 44.7181
30 44.7409
35 44.7649
40 44.7312
45 44.0313
50 44.7763
55 44.7477
60 44.7342
65 44.7108
70 44.7022
75 43.936
80 45.2884
90 44.7237
100 44.738
110 45.3636
115 44.7178
120 44.7753
125 44.7216
135 45.068
140 44.7715
145 44.746
150 44.7061
160 45.0369
165 44.7423
170 44.7657
175 44.7343
185 37.6768
210 38.0115
235 38.0128
255 36.5107
260 38.0186
265 37.3205
290 37.4487
305 36.5084
310 37.9945
315 36.723
340 38.5909
355 37.3206
365 38.0867
370 37.311
380 37.2026
390 35.7968
395 37.9554
415 37.94
420 37.317
440 37.6006
465 38.7619
490 38.8166
495 37.2866
5 0
10 42.852
15 44.0332
20 44.692
25 44.6751
30 44.7378
35 44.6366
40 44.6721
45 45.0059
50 44.665
55 44.0589
60 45.328
65 44.6573
70 44.6696
75 44.9638
80 44.0213
85 45.0333
90 44.0052
95 44.6793
100 44.6572
105 44.0522
110 45.2328
115 44.7
120 44.6795
125 44.6933
130 44.7119
135 44.7005
140 44.6703
145 44.7018
150 44.6751
155 44.6866
160 44.6867
165 44.6753
170 44.6901
175 44.6442
180 44.6872
200 36.671
205 37.6088
210 37.9248
225 37.2344
230 37.2366
235 37.098
250 37.2581
255 37.1532
260 38.1012
275 37.2558
280 37.2085
285 36.5664
305 37.2223
310 37.2281
330 37.2586
335 37.4218
355 37.245
360 36.5467
370 37.2518
380 36.5407
385 37.1118
395 37.1352
405 37.1447
410 36.4318
420 37.2501
430 36.3359
435 37.4292
445 37.8928
455 37.2529
460 37.3214
480 35.8225
485 38.4002
505 37.2302
510 37.2245
515 37.232
530 37.2162
535 37.0512
540 37.2698
555 36.3211
560 38.0056
565 37.7722
585 37.1283
590 37.9962
10 44.112
15 44.1584
20 44.7259
25 45.0803
30 44.5956
35 44.7398
40 44.7043
45 44.7752
50 44.1036
55 44.0309
60 44.7749
65 44.7537
70 44.6917
75 44.7619
80 43.3516
85 46.1964
90 44.7819
95 44.7342
100 44.032
105 43.648
110 45.623
115 44.744
120 44.7044
125 44.0298
130 44.0007
135 45.258
140 44.7095
145 44.7114
150 44.6932
155 43.938
160 45.3875
165 44.7163
170 44.749
175 44.7035
180 43.9714
195 37.2614
205 35.2681
220 37.3025
230 35.4747
235 38.7297
245 37.9169
255 35.719
260 37.8069
270 37.2864
280 35.4787
285 38.66
305 35.5999
310 38.563
330 35.473
335 38.6439
355 35.8734
360 38.5396
380 37.2616
385 37.3927
410 38.22
430 35.8553
435 37.9787
450 37.2924
460 38.0047
475 37.2931
485 37.7258
500 37.2853
510 36.4769
525 37.9272
535 36.3726
540 37.3716
550 37.2897
560 36.5001
565 37.9695
585 36.4918
590 38.0586
145 44.6401
150 44.9997
155 44.6924
160 44.7056
165 44.6417
175 44.6713
195 37.2083
205 36.5453
230 36.4389
235 38.0446
260 36.5083
280 37.1994
305 37.1102
310 36.3255
355 37.1952
360 36.4287
380 37.199
400 37.2142
410 37.1348
425 37.2201
460 35.7967
475 37.1907
485 36.4051
490 37.915
500 37.9052
515 37.8169
535 36.4074
540 37.2824
565 36.5342
20 44.747
25 44.7434
30 44.7228
35 45.0785
40 44.7701
45 44.7294
50 44.8325
55 44.4782
60 45.003
65 44.7429
70 44.3984
75 44.4339
80 43.7601
85 45.7187
90 44.7081
95 44.7706
100 45.0479
105 45.042
110 44.4821
115 44.7122
120 44.713
125 44.7407
130 44.6121
135 44.8653
140 44.7535
145 44.7604
150 44.733
155 44.0753
160 45.3516
165 44.7176
170 44.7009
175 44.6739
180 44.7234
185 37.8736
195 37.287
205 37.2074
210 37.9601
220 37.1901
230 36.5021
235 37.8223
245 37.3362
255 38.4328
260 37.4242
270 37.9471
280 36.5019
285 37.9036
295 37.1874
305 36.494
310 37.4417
330 36.5028
335 37.9867
355 37.2933
360 36.6008
380 37.2876
385 37.469
390 37.0895
405 37.2822
410 36.6216
430 37.2796
435 36.6232
440 37.86
455 36.6293
460 37.1804
465 37.3713
480 37.2922
485 36.6003
490 37.9913
500 37.2733
510 36.6039
515 37.8336
525 37.2894
530 37.2934
535 36.5338
540 37.9794
550 37.266
555 37.2792
560 36.4991
565 37.354
575 37.2903
585 36.5042
590 37.9902
600 37.1958
5 29.6605
10 42.53
15 44.7224
20 44.7291
25 44.6447
30 44.691
35 44.9797
40 44.7062
45 44.0377
50 44.0222
55 44.7038
60 44.7361
65 44.6928
70 44.7143
75 44.6891
80 44.315
85 44.7217
90 44.7006
95 44.6459
100 44.6892
105 44.6953
110 44.7383
115 44.9843
120 44.6977
125 44.6706
130 44.7013
135 44.6976
140 44.6796
145 44.6606
150 44.7587
155 44.7024
160 44.6515
165 44.6809
170 44.6755
175 44.7198
180 44.0167
185 29.2169
205 29.1661
210 28.9245
230 29.1812
235 29.1906
255 29.2068
260 29.4841
280 29.192
285 29.4705
305 29.1628
310 28.6369
330 29.1865
335 28.5934
355 29.2044
360 28.905
375 29.2107
380 28.8769
385 28.9344
400 29.1926
410 28.6308
425 29.2155
435 28.5891
450 29.2098
460 28.6196
475 29.1899
485 28.8774
490 29.7422
510 29.1517
515 29.4786
535 30.2176
540 29.4992
560 29.1827
565 29.4697
585 29.2111
590 29.4703
5 36.5358
10 44.9943
15 44.7146
20 44.0132
25 44.7005
30 44.3435
35 44.7045
40 44.6832
45 43.9963
50 44.7056
55 44.9924
60 44.7099
65 43.9989
70 44.6832
75 44.0214
80 44.7368
85 44.6133
90 44.6694
95 44.6676
100 44.6678
105 44.6553
110 44.1268
115 45.299
120 44.6662
125 44.0075
130 45.0472
135 43.7098
140 44.0195
145 44.6684
150 44.7585
155 44.6234
160 44.7665
165 44.7212
170 44.7243
175 44.6987
180 44.6403
195 28.5559
205 28.5878
220 29.1892
230 28.5736
245 29.1739
255 28.5913
260 29.7194
270 29.1682
280 28.6202
285 29.7138
295 29.2365
5 0
10 40.0628
15 45.5008
20 44.7058
25 44.7006
30 44.7103
35 44.6885
40 44.7049
45 44.656
50 44.5824
55 44.7415
60 44.6603
65 44.7599
70 44.6881
75 44.2997
80 44.3796
85 45.2927
90 44.7063
95 44.7125
100 43.3074
105 44.9542
110 45.0761
115 44.7055
120 44.7126
125 44.7115
130 43.9878
135 45.4277
140 45.0085
145 45.007
150 44.6572
155 44.3249
160 44.9873
165 44.7137
170 44.6804
175 44.7041
180 44.2892
185 37.657
195 37.2353
205 36.4541
210 37.9186
220 37.2374
230 36.4869
235 37.9722
245 37.26
255 36.4379
260 37.5399
265 36.4761
270 37.9734
280 36.6899
285 37.9242
290 36.4728
305 36.7097
310 37.9969
315 34.7718
330 37.2612
335 37.4589
340 37.026
355 37.2695
360 36.7806
365 37.7231
380 37.7925
385 36.6874
390 37.8268
405 37.2526
410 36.4933
415 37.9994
430 37.1651
440 38.071
450 37.2407
460 36.5782
465 37.8076
475 37.2724
485 36.5574
490 37.8755
500 37.2838
510 37.9495
515 37.3174
525 37.2563
535 36.5787
540 37.9523
560 36.6876
565 37.9573
585 36.6449
590 38.0727
595 36.2369
20 44.5846
25 42.7765
30 44.9748
35 44.5678
40 44.9134
45 44.604
50 44.6256
55 44.3712
60 44.9048
65 44.6414
70 44.8813
80 44.6126
85 44.8498
90 44.5963
95 44.6024
100 44.6357
105 44.7191
110 44.001
115 44.6161
120 44.6004
125 44.612
140 44.6154
145 44.6302
150 44.6225
155 44.93
160 44.3156
165 43.9327
170 43.9756
175 43.9282
230 37.1996
235 37.3973
255 37.1873
260 37.8526
305 37.3422
330 37.2049
355 36.5175
360 36.507
375 37.2174
380 37.2289
385 35.5403
400 37.2142
405 37.1951
430 36.5251
435 37.1182
450 37.2368
455 36.54
460 36.5045
465 37.258
475 37.2906
480 37.1837
490 37.8384
510 37.0913
515 37.8527
540 29.4019
560 29.1424
590 28.5693
55 43.4306
60 45.9558
65 45.0133
70 44.6579
75 44.6471
80 44.619
85 44.64
90 44.6871
95 44.6446
100 44.6399
105 44.6549
110 44.6067
115 45.0047
120 44.675
125 44.6666
130 44.6487
135 44.6481
140 43.9882
145 44.6218
150 44.6534
155 43.9754
160 45.2829
165 44.6756
170 44.6862
175 44.7044
180 43.9736
195 29.2241
205 28.6107
220 29.1664
230 28.8901
235 29.1873
245 29.1864
260 29.5011
285 29.7173
310 29.7489
335 29.192
350 28.2857
360 29.1977
365 28.9056
380 29.2042
385 29.2112
390 28.9151
400 28.9043
405 29.4726
410 29.1843
425 29.1811
430 29.1937
435 28.8895
450 29.1881
455 29.1967
460 29.1673
465 28.5921
475 29.2205
485 29.2013
500 29.1622
510 28.5984
525 29.1922
535 28.6326
585 28.8966
590 29.7333
5 43.8761
10 44.6533
15 44.6664
20 44.6767
25 44.6459
30 44.6697
35 43.9628
40 44.6916
45 44.6907
50 44.6752
55 44.0364
60 44.6308
65 44.6561
70 43.9649
75 44.6424
80 44.6793
85 44.6594
90 44.651
95 44.6818
100 44.6531
105 44.6378
110 44.2302
115 45.0042
120 44.647
125 44.6647
130 44.6283
135 44.6464
140 44.6646
145 44.619
150 44.6599
155 44.6269
160 44.0228
165 44.6425
170 44.624
175 44.6821
180 44.0101
200 37.2475
205 36.6727
225 36.5723
230 37.2718
255 36.4289
270 37.246
275 36.432
280 37.2671
295 37.2215
305 37.9418
320 37.2392
330 38.6181
345 37.2356
355 37.9959
360 37.958
370 37.2402
380 38.1226
385 37.3073
405 37.8691
410 37.2691
430 37.2292
435 37.2545
455 36.3505
460 37.4234
480 37.2497
485 37.2123
505 37.0287
510 37.4565
530 37.2397
535 36.4495
550 37.2449
555 37.2332
560 36.6587
575 37.2511
580 34.6996
585 38.4891
600 37.2294
5 36.2406
10 43.9956
15 44.6915
20 44.7004
25 44.711
30 44.6979
35 44.761
40 44.7201
45 44.7169
50 44.7229
55 44.7214
60 44.7119
65 44.705
70 44.6967
75 44.7127
80 44.6728
85 44.7425
90 44.6782
95 44.7039
100 44.6684
105 44.6872
110 44.7352
115 44.7011
120 44.696
125 44.6572
130 43.4412
135 44.6838
140 44.9476
145 44.6766
150 44.7334
155 45.2532
160 44.6981
165 44.6917
170 44.6559
175 44.6933
180 44.7097
205 29.1798
210 28.9014
220 29.156
230 28.62
245 29.1476
255 28.5776
260 29.6729
270 28.8775
285 29.1752
305 29.176
310 29.1661
335 29.7287
360 29.7102
375 28.5663
385 29.6951
390 28.8738
400 28.8389
410 29.1793
415 29.1478
435 29.1813
450 29.1535
460 29.1322
475 29.1525
480 29.1771
485 28.8912
500 29.1534
510 29.1699
525 28.8824
535 28.5703
540 29.4555
550 29.1769
555 29.1787
560 28.5791
565 29.7211
575 28.9084
585 29.9649
590 29.7003
5 43.8818
10 43.9486
15 43.9496
25 44.622
30 44.0389
35 44.6299
40 44.6446
45 44.6359
50 44.6198
55 44.6067
60 44.6284
65 44.6312
70 44.6869
75 44.6104
80 44.6294
85 44.6701
90 44.6377
95 44.6704
100 44.6039
105 44.2901
110 44.5715
115 44.6328
120 44.6808
125 44.6445
130 43.0887
135 45.2927
140 44.5682
145 43.9431
150 44.9406
155 43.9187
160 45.3289
165 44.9881
170 43.7182
175 43.9604
180 44.1894
200 28.5432
205 28.86
220 29.134
230 29.4116
235 28.8478
245 29.1256
255 28.8159
270 29.1285
280 29.6555
285 29.1427
295 29.1166
305 29.1327
310 29.1375
330 29.1301
335 28.8634
355 28.8359
360 29.4208
380 29.1238
385 29.1404
405 29.1693
410 29.4361
430 29.1511
435 28.5281
455 28.8656
460 29.3972
485 29.3905
500 29.415
510 28.5878
525 29.1418
535 28.5727
540 29.6529
550 29.1373
560 28.5344
565 29.663
575 29.157
585 28.5372
590 29.6474
10 44.0842
15 44.6276
20 44.6956
25 44.7096
30 44.6723
35 44.6441
40 44.6257
45 44.6669
50 44.6777
55 44.739
60 44.6827
65 44.6904
70 44.6925
75 44.7029
80 44.6603
85 44.7141
90 44.7224
95 44.7062
100 44.6508
105 44.3387
110 45.2131
115 44.3335
120 44.7034
125 44.6914
130 44.3698
135 44.4348
140 45.3183
145 44.7095
150 44.6984
155 44.3494
160 44.6098
165 45.0937
170 44.6989
175 44.7021
180 44.6745
185 36.7904
205 36.5738
210 37.3772
230 37.3875
235 36.7688
255 36.6861
260 37.225
280 35.8042
285 37.8729
300 37.2268
310 37.5575
315 37.6852
325 37.2756
335 36.5872
340 37.8817
350 37.2789
360 37.2439
365 37.247
375 37.2372
385 36.4493
390 37.9519
400 37.9129
410 36.4574
415 37.9449
435 37.862
440 37.7797
460 37.2618
465 38.0708
485 37.2604
490 37.4866
510 37.2576
515 37.3539
535 37.279
540 37.4488
560 37.2635
565 37.3521
590 37.3548
