5 28.170425
10 43.5433928571
15 44.4936785714
20 44.6356066667
25 44.5896352941
30 44.5603
35 44.7009235294
40 44.6585941176
45 44.57064375
50 44.6020294118
55 44.3584055556
60 44.8834333333
65 44.6276555556
70 44.6340388889
75 44.5290705882
80 44.4395722222
85 44.9406764706
90 44.6390166667
95 44.6351058824
100 44.5710444444
105 44.4350588235
110 44.7697833333
115 44.8189166667
120 44.6603777778
125 44.5605611111
130 44.282875
135 44.7718941176
140 44.6665666667
145 44.6138368421
150 44.7165684211
155 44.4403388889
160 44.8208473684
165 44.7316842105
170 44.58935
175 44.6039263158
180 44.38191875
185 36.3319
195 33.7043142857
200 33.63016
205 33.9092235294
210 35.68862
220 32.7518666667
225 37.0060333333
230 34.0298470588
235 35.8645214286
245 33.2705
250 34.0654
255 34.6151705882
260 35.3210866667
265 36.8983
270 34.6716444444
275 35.46622
280 34.48695
285 33.9997642857
290 36.96075
295 34.5403666667
300 37.246
305 34.6724533333
310 34.79864
315 36.78565
320 37.4415333333
325 36.8409333333
330 35.1857833333
335 34.4238285714
340 37.860125
345 37.1893666667
350 35.209875
355 35.1949615385
360 34.8097235294
365 35.98744
370 37.2676666667
375 34.3233666667
380 34.9518071429
385 34.43543125
390 34.9163714286
395 37.5453
400 34.3058375
405 34.88797
410 34.43685625
415 36.19298
420 37.28355
425 32.13096
430 34.7173
435 34.3585066667
440 37.7730833333
445 37.8928
450 32.6390142857
455 34.1968555556
460 34.6985941176
465 36.6345
475 33.2238875
480 35.04265
485 34.496075
490 36.9156
495 37.2866
500 33.3328375
505 35.5663
510 34.5022
515 36.64694
525 33.28155
530 37.252825
535 34.1145466667
540 34.4050153846
545 37.7665
550 34.55545
555 35.31246
560 34.1799428571
565 34.793875
575 34.5053666667
580 34.6996
585 34.0456692308
590 33.8639384615
595 36.2369
600 37.220075
