5 30.0713
10 30.0381
15 30.0421
20 30.6226
25 29.6096
30 30.0485
35 30.0466
40 30.0909
45 30.0729
50 30.2589
55 30.0598
60 29.891
65 30.1172
70 30.0384
75 30.1013
80 30.0799
85 30.0088
90 30.0701
95 30.0633
100 30.061
105 30.0658
110 30.0402
115 30.0998
120 30.0521
125 30.0168
130 30.0813
135 30.0578
140 30.0391
145 30.1129
150 30.0662
155 30.2265
160 29.9012
165 30.0951
170 30.0287
175 30.0714
180 30.2803
185 29.8828
190 30.0617
195 30.0564
200 30.0566
205 30.2677
210 29.8755
215 30.0493
220 30.2418
225 29.8949
230 30.2018
235 29.9504
240 30.055
245 30.0274
250 30.0724
255 30.2957
260 30.0373
265 30.0555
270 29.8735
275 30.071
280 30.4398
285 29.7633
290 30.0747
295 30.0628
300 30.2038
305 29.8816
310 30.0758
315 30.0596
320 30.0743
325 30.0788
330 30.022
335 30.0864
340 30.0566
345 30.0716
350 30.0667
355 30.0298
360 30.0135
365 30.0353
370 30.0756
375 30.0955
380 30.0897
385 30.0737
390 30.1103
395 30.0604
400 30.1078
405 30.0569
410 30.0552
415 30.0406
420 30.094
425 30.2172
430 29.9105
435 30.2083
440 29.8976
445 30.0753
450 30.2508
455 29.918
460 30.2327
465 29.8862
470 30.0649
475 30.081
480 29.9682
485 30.2609
490 29.8743
495 30.0603
500 30.0707
505 30.0935
510 30.1331
515 29.9445
520 30.1137
525 30.2356
530 30.4321
535 29.6368
540 30.0035
545 30.0911
550 30.0451
555 30.0711
560 30.1774
565 29.947
570 30.0313
575 30.0772
580 30.0782
585 30.0377
590 30.0876
595 30.0587
600 30.0309
