5 43.6737
10 43.681
15 43.669
20 43.6816
25 43.6838
30 43.6837
35 43.6653
40 43.6644
45 43.725
50 42.9966
55 44.2831
60 43.7232
65 43.6554
70 43.6973
75 42.3182
80 44.3249
85 44.3297
90 43.6727
95 43.6512
100 43.6648
105 43.5714
110 43.4288
115 44.3703
120 43.7244
125 43.6904
130 43.6257
135 43.7051
140 43.7196
145 43.692
150 43.6782
155 43.7203
160 43.6781
165 43.7057
170 43.6738
175 43.6725
180 43.6935
185 26.7102
190 26.7029
195 26.6895
200 26.6818
205 26.6914
210 26.6427
215 26.6965
220 26.6925
225 26.713
230 27.0019
235 26.6964
240 26.6823
245 26.6663
250 26.673
255 26.7403
260 26.6859
265 26.6721
270 26.7028
275 26.7076
280 26.667
285 26.6835
290 26.6471
295 26.6803
300 26.6596
305 26.6991
310 26.6635
315 26.7342
320 26.6618
325 26.9893
330 26.6792
335 26.9185
340 26.3983
345 26.6893
350 26.6922
355 26.6817
360 26.0151
365 27.3281
370 26.6745
375 26.6858
380 26.6553
385 26.3763
390 26.9878
395 26.7175
400 26.6658
405 26.666
410 26.6585
415 26.6686
420 26.7047
425 26.7506
430 26.7029
435 26.6666
440 26.6782
445 26.7071
450 26.6742
455 26.6955
460 26.646
465 26.6691
470 26.682
475 26.7121
480 26.6772
485 26.6165
490 26.7111
495 26.7072
500 26.7043
505 26.6718
510 26.6571
515 26.7014
520 26.7253
525 26.6798
530 26.6886
535 27.0347
540 26.386
545 26.7101
550 26.6621
555 26.6733
560 27.0067
565 26.4019
570 26.6616
575 26.7088
580 26.6813
585 26.6664
590 26.3754
595 26.9437
600 26.6688
