10 39.8213769231
20 39.9613142857
30 39.9637387097
40 40.1871115385
50 39.5837129032
60 39.6158653846
70 39.5392774194
80 39.848556
90 40.1218125
100 39.9333058824
110 39.715608
120 39.562924
130 39.9424785714
140 39.4967
150 39.7772321429
160 39.609912
170 39.4563862069
180 39.9575566667
190 39.451908
200 39.817009375
210 31.3089925926
220 30.458152
230 30.5652285714
240 30.4698766667
250 30.4625172414
260 30.5215964286
270 30.52252
280 30.5230758621
290 30.5156230769
300 30.6336793103
310 30.4635928571
320 30.4947464286
330 30.488662069
340 30.4799034483
350 30.5467461538
360 30.4347964286
370 30.6067962963
380 30.45726
390 30.5128074074
400 30.5088538462
410 30.4543655172
420 30.5006185185
430 30.4070966667
440 30.50245
450 30.4191533333
460 30.5052344828
470 30.5455758621
480 30.5055285714
490 30.3983666667
500 30.528984
510 30.4548413793
520 30.4951851852
530 30.4267214286
540 30.4505821429
550 30.4641035714
560 30.4350928571
570 30.58896
580 30.4225724138
590 30.676425
600 30.6885733333
