10 0
20 34.57874
30 31.7379
40 30.7715733333
50 29.8754133333
60 29.6543333333
70 30.5280833333
80 30.1538966667
90 29.0196066667
100 30.345
110 30.4343233333
120 29.19541
130 27.93507
140 30.55586
150 29.25415
160 30.49166
170 29.02864
180 29.4568233333
190 30.75142
200 30.4754866667
210 29.2048033333
220 27.7690666667
230 26.4456866667
240 27.2443766667
250 27.2329233333
260 27.1676233333
270 27.3590533333
280 27.0771066667
290 25.9214566667
300 27.3666833333
310 26.1177366667
320 27.1716866667
330 27.2007266667
340 26.1589266667
350 27.5030533333
360 27.3929433333
370 27.2543166667
380 27.1802633333
390 27.1318533333
400 26.0275066667
410 25.3467733333
420 27.1863933333
430 25.9463766667
440 27.12705
450 27.1888366667
460 27.2457133333
470 27.1167433333
480 27.4110066667
490 27.0617433333
500 27.0169633333
510 25.08585
520 27.1073866667
530 26.9832666667
540 25.9753466667
550 27.33192
560 27.2304333333
570 25.1040066667
580 26.17136
590 27.2294466667
600 28.3925666667
