10 39.8213769231
20 39.9613142857
30 39.9637387097
40 40.1871115385
50 39.5837129032
60 39.6158653846
70 39.5392774194
80 39.848556
90 40.1218125
100 39.9333058824
110 39.715608
120 39.562924
130 39.9424785714
140 39.4967
150 39.7772321429
160 39.609912
170 39.4563862069
180 39.9575566667
190 39.451908
200 39.817009375
210 32.1749851852
220 31.306876
230 31.4320321429
240 31.3135633333
250 31.3031344828
260 31.3716392857
270 31.37724
280 31.3804827586
290 31.3606269231
300 31.521737931
310 31.3123285714
320 31.3420892857
330 31.3402827586
340 31.3229275862
350 31.4029115385
360 31.2666071429
370 31.4730148148
380 31.3104633333
390 31.3622962963
400 31.3564692308
410 31.2984
420 31.3549333333
430 31.2440366667
440 31.3565769231
450 31.2567733333
460 31.3622965517
470 31.4072
480 31.3597
490 31.23887
500 31.372152
510 31.3056724138
520 31.3463148148
530 31.2683285714
540 31.2963071429
550 31.3069214286
560 31.2778571429
570 31.45632
580 31.2691241379
590 31.5732607143
600 31.5778133333
