10 0
20 34.57874
30 31.7379
40 30.7715733333
50 29.8754133333
60 29.6543333333
70 30.5280833333
80 30.1538966667
90 29.0196066667
100 30.345
110 30.4343233333
120 29.19541
130 27.93507
140 30.55586
150 29.25415
160 30.49166
170 29.02864
180 29.4568233333
190 30.75142
200 30.4754866667
210 29.2048033333
220 28.0959433333
230 26.7004933333
240 27.5580633333
250 27.5417366667
260 27.4716133333
270 27.6693333333
280 27.3897166667
290 26.2282066667
300 27.6639333333
310 26.4458666667
320 27.4813266667
330 27.50771
340 26.4369233333
350 27.81523
360 27.69965
370 27.55996
380 27.4938233333
390 27.44225
400 26.33601
410 25.5800033333
420 27.4896666667
430 26.3049433333
440 27.43041
450 27.5004166667
460 27.55163
470 27.4298366667
480 27.7218666667
490 27.37297
500 27.3203
510 25.3359733333
520 27.40247
530 27.2936433333
540 26.2462866667
550 27.6141966667
560 27.5335566667
570 25.38201
580 26.4735966667
590 27.53553
600 28.71108
