10 39.8213769231
20 39.9613142857
30 39.9637387097
40 40.1871115385
50 39.5837129032
60 39.6158653846
70 39.5392774194
80 39.848556
90 40.1218125
100 39.9333058824
110 39.715608
120 39.562924
130 39.9424785714
140 39.4967
150 39.7772321429
160 39.609912
170 39.4563862069
180 39.9575566667
190 39.451908
200 39.817009375
210 33.5519037037
220 32.831788
230 32.978725
240 32.8179733333
250 32.8061862069
260 32.8813571429
270 32.9005766667
280 32.915037931
290 32.867
300 33.1016793103
310 32.8356321429
320 32.8483107143
330 32.8615655172
340 32.8205103448
350 32.9227346154
360 32.7503607143
370 33.0059703704
380 32.85133
390 32.878362963
400 32.8622230769
410 32.8092206897
420 32.8886666667
430 32.75425
440 32.8889884615
450 32.7636466667
460 32.8969931034
470 32.9451896552
480 32.8848142857
490 32.7581
500 32.867356
510 32.8387758621
520 32.8729592593
530 32.787275
540 32.8135392857
550 32.8118214286
560 32.7965535714
570 32.997256
580 32.8012068966
590 33.1673321429
600 33.1459833333
