10 0
20 34.57874
30 31.7379
40 30.7715733333
50 29.8754133333
60 29.6543333333
70 30.5280833333
80 30.1538966667
90 29.0196066667
100 30.345
110 30.4343233333
120 29.19541
130 27.93507
140 30.55586
150 29.25415
160 30.49166
170 29.02864
180 29.4568233333
190 30.75142
200 30.4754866667
210 29.2048033333
220 28.6151866667
230 27.1473633333
240 28.1160066667
250 28.0806266667
260 28.0128266667
270 28.2183033333
280 27.93997
290 26.7729333333
300 28.1927266667
310 27.0224566667
320 28.0337166667
330 28.05012
340 26.9274433333
350 28.3635833333
360 28.23983
370 28.0974966667
380 28.0419966667
390 27.9958333333
400 26.87922
410 25.98801
420 28.03166
430 26.9403366667
440 27.9696433333
450 28.05314
460 28.0961066667
470 27.98396
480 28.27352
490 27.92045
500 27.85833
510 25.77468
520 27.9269466667
530 27.84069
540 26.7305833333
550 28.1142966667
560 28.0700966667
570 25.8713466667
580 27.0059433333
590 28.0822466667
600 29.2734033333
