5 23.7829555556
10 43.29258
15 44.49764
20 44.6217833333
25 44.5642538462
30 44.5727923077
35 44.7629153846
40 44.6549307692
45 44.5349916667
50 44.5799153846
55 44.3782461538
60 44.8686307692
65 44.5847538462
70 44.6702923077
75 44.473225
80 44.3578076923
85 45.0471166667
90 44.6250692308
95 44.615825
100 44.5432846154
105 44.3989416667
110 44.8076461538
115 44.8510923077
120 44.6526615385
125 44.5204384615
130 44.3953909091
135 44.7847
140 44.6547153846
145 44.6494928571
150 44.7092214286
155 44.4463461538
160 44.8324
165 44.7007428571
170 44.6327
175 44.6777333333
180 44.3157909091
185 29.2009142857
190 29.8709
195 29.8852
200 26.7099
205 27.5261090909
210 28.7090111111
215 29.8509
220 29.7231
225 26.268675
230 28.2636666667
235 29.3396454545
240 29.3376
245 30.412
250 28.90745
255 28.1347846154
260 29.3658818182
265 30.0975
270 29.3241
275 30.4822
280 28.0736090909
285 28.3165363636
290 29.78925
295 29.1779
300 28.5717
305 27.9816916667
310 28.3348153846
315 29.950025
320 29.8829
325 29.8829
330 27.9122083333
335 28.2408333333
340 30.727175
345 29.41615
350 29.41615
355 27.9648
360 28.5070416667
365 30.0344166667
370 29.874
375 29.874
380 27.0731666667
385 28.3185583333
390 30.7177666667
395 29.8622
400 29.8622
405 27.7430888889
410 28.7425818182
415 30.1986
420 29.878
425 29.8632
430 28.3437833333
435 28.50268
440 30.215
445 29.887
450 29.8616
455 28.3875
460 28.5253181818
465 29.5520142857
470 30.26195
475 29.3482
480 28.42662
485 28.0933444444
490 30.1731166667
495 29.7808
500 30.0216
505 27.570775
510 27.5451
515 29.626075
520 29.7545
525 29.8858
530 28.28285
535 27.8660571429
540 28.84934
545 28.3856
550 29.8735
555 29.6123
560 27.9580285714
565 29.02702
570 30.0447333333
575 30.4059
580 29.40905
585 27.4963857143
590 28.6449625
595 30.2443
600 29.885
