5 31.8321076923
10 31.3967083333
15 31.3378916667
20 31.3281307692
25 31.4403846154
30 31.47543
35 31.3599
40 31.3265923077
45 31.3670538462
50 31.3709923077
55 31.4107
60 31.1995846154
65 31.4091636364
70 31.4126166667
75 31.3818923077
80 31.4541769231
85 31.3354
90 31.2734166667
95 31.3670769231
100 31.4570153846
105 31.3695
110 31.2669153846
115 31.3496230769
120 31.2897461538
125 31.3530923077
130 31.3476642857
135 31.2778076923
140 31.2893333333
145 31.2916307692
150 31.3210076923
155 31.3761142857
160 31.3030714286
165 31.4071416667
170 31.3350142857
175 31.4304083333
180 39.7866428571
185 40.0567857143
190 39.7440642857
195 40.5604
200 40.1432928571
205 40.39105
210 39.9168
215 40.3108928571
220 40.1272142857
225 40.0149142857
230 40.0565
235 40.10975
240 39.8864428571
245 40.3709285714
250 39.88275
255 40.0259428571
260 40.0356142857
265 39.5187642857
270 40.1755142857
275 40.2383428571
280 40.2992571429
285 39.7134357143
290 39.7081714286
295 39.7816785714
300 39.4840071429
305 39.7538714286
310 39.9437357143
315 40.0631571429
320 39.8301357143
325 39.67585
330 40.1759428571
335 40.2018
340 40.0967
345 38.9444142857
350 40.2685642857
355 40.3592857143
360 39.7740785714
365 39.9819357143
370 39.8818
375 40.0458642857
380 40.2360538462
385 40.1397076923
390 39.7548833333
395 40.5944
400 39.4231666667
405 39.4931666667
410 40.0047
415 39.4247
420 39.06015
425 40.817125
430 39.67655
435 40.1722
440 39.8977916667
445 40.1019583333
450 39.8896666667
455 40.0554916667
460 40.2411083333
465 40.1785083333
470 39.7071916667
475 39.938325
480 39.8490166667
485 39.9929916667
490 40.5732
495 40.434975
500 39.379975
505 40.2021583333
510 39.8123583333
515 39.82155
520 39.7469636364
525 39.4757
530 39.68261
535 39.3559
540 40.60203
545 39.27183
550 39.24903
555 39.54328
560 39.53121
565 40.67296
570 40.41288
575 39.6128
580 39.53913
585 39.96892
590 39.59623
595 39.94353
600 40.69979
