5 24.6417166667
10 43.6198142857
15 44.2912285714
20 44.6688142857
25 44.7212
30 44.5004875
35 44.7373625
40 44.5920375
45 44.6280714286
50 44.596325
55 44.2037625
60 44.9097625
65 44.5957375
70 44.6685625
75 44.529325
80 44.355925
85 45.0527428571
90 44.59315
95 44.5701285714
100 44.5893375
105 44.1030571429
110 45.0093875
115 44.8433875
120 44.6368375
125 44.502925
130 44.2858428571
135 44.8395
140 44.67935
145 44.5962555556
150 44.7110222222
155 44.3933125
160 44.8423444444
165 44.7827
170 44.68355
175 44.6670375
180 44.4443
185 29.3963
190 28.530625
195 28.4327142857
200 28.70516
205 28.5262
210 28.801925
215 28.3811166667
220 28.8072857143
225 28.6047285714
230 28.5275
235 28.7855333333
240 28.4001166667
245 28.53548
250 28.5884375
255 28.57495
260 28.660175
265 28.34684
270 28.559525
275 28.681
280 28.54835
285 28.544475
290 27.97904
295 28.5371285714
300 28.6678
305 28.9168333333
310 28.5342666667
315 28.7053166667
320 28.6563333333
325 28.5362666667
330 28.6441333333
335 29.00322
340 28.0306333333
345 28.58976
350 28.5953833333
355 28.4830666667
360 28.95136
365 28.4123666667
370 28.6188714286
375 28.64385
380 28.4206666667
385 28.9788
390 28.3504285714
395 28.6926333333
400 28.55445
405 28.68205
410 28.672925
415 28.3109666667
420 28.69884
425 28.70634
430 29.0454666667
435 28.80135
440 28.7768666667
445 28.5010428571
450 28.65876
455 28.9865833333
460 28.1957666667
465 28.72502
470 28.32952
475 28.7441833333
480 28.468575
485 28.9325333333
490 28.2781
495 28.6056
500 28.4848666667
505 28.4285
510 28.755
515 28.5750428571
520 28.48826
525 28.7542666667
530 28.5783666667
535 28.50368
540 28.8782
545 28.4113333333
550 28.6947
555 28.6589333333
560 28.6349333333
565 28.6967333333
570 28.35538
575 28.66278
580 28.645625
585 28.8061
590 28.27275
595 28.62464
600 28.2826333333
