5 43.8649
10 44.6252
15 43.9422
20 44.6256
25 44.6279
30 44.6278
35 44.6093
40 44.6415
45 44.6693
50 44.6144
55 43.6683
60 45.5895
65 43.9282
70 44.6414
75 44.6376
80 44.2701
85 44.9379
90 44.6169
95 43.9221
100 44.609
105 44.5732
110 44.6683
115 44.6678
120 43.9961
125 43.9651
130 43.2393
135 44.8495
140 44.3754
145 44.6312
150 44.6222
155 44.6646
160 44.6222
165 44.9519
170 44.6179
175 44.6166
180 44.6376
190 28.8188
195 28.6118
205 28.8007
210 28.7031
215 28.592
220 28.5929
225 28.6055
240 28.6046
245 28.6073
250 28.4512
280 28.4511
295 28.3779
300 28.9049
305 28.6087
315 29.0084
320 28.5807
325 28.6029
330 28.7649
335 28.6989
350 28.268
355 27.874
370 28.737
375 28.7926
380 28.7585
390 28.1209
400 27.9903
405 28.0383
415 28.1129
420 29.1451
435 28.7155
440 28.5839
445 28.4532
450 28.6064
455 28.7841
460 28.959
470 28.0724
475 28.5865
480 28.4096
485 28.755
500 28.7592
505 28.4176
510 28.928
515 27.615
520 28.8102
535 28.8277
540 28.7509
545 28.2695
550 28.7387
600 27.4873
5 0
10 44.3766
15 44.6487
20 44.6778
25 44.6575
30 43.9843
35 45.2676
40 44.652
45 44.6171
50 44.6586
55 43.9475
60 44.6543
65 44.6709
70 44.6496
75 44.6272
80 44.6406
85 44.6591
90 44.6178
95 44.6505
100 44.6772
105 44.2856
110 44.401
115 45.2864
120 44.6291
125 44.6243
130 44.0033
135 45.2138
140 44.6334
145 44.6648
150 44.6476
155 44.3173
160 44.6266
165 44.6527
170 44.6632
175 44.6522
180 44.6215
185 29.3891
195 27.9961
205 28.6353
220 28.607
225 29.4997
230 27.713
235 27.9847
240 28.6386
245 28.4501
250 28.6128
255 28.6289
275 28.8164
280 28.0068
285 28.1186
300 28.8227
315 28.3716
320 28.6571
340 28.712
345 28.6383
350 28.7837
360 28.7791
370 29.0166
375 28.6251
380 28.6618
390 28.3526
400 28.6511
420 28.8059
430 28.7969
435 28.6156
440 29.4232
445 28.3479
455 28.8201
475 28.8186
495 28.2642
500 27.5312
505 28.6212
515 28.7034
525 28.7067
545 28.8085
555 28.6994
560 28.6372
575 28.8049
580 28.6722
590 28.6825
595 28.8061
5 29.8013
10 40.4385
15 44.7073
20 44.7234
25 44.7095
30 43.9653
35 45.2837
40 44.7449
45 44.6616
50 44.6692
55 43.9296
60 45.2837
65 44.7401
70 44.7041
75 44.0302
80 43.9736
85 45.265
90 44.71
95 44.7286
100 44.6818
105 43.1672
110 45.7621
115 44.7232
120 44.7346
125 44.6957
130 44.6961
135 44.3242
140 44.9861
145 44.6873
150 44.7096
155 43.2062
160 45.2062
165 45.3563
170 44.6864
175 44.751
180 44.7464
5 37.9845
10 44.9728
15 44.6107
20 44.614
25 44.641
30 44.6404
35 44.6044
40 43.9332
50 44.6399
55 44.6115
60 44.6422
65 44.6423
70 44.6367
75 44.5949
80 44.6437
85 44.6122
90 44.6502
95 44.6233
100 44.6067
105 44.7168
110 44.6504
115 44.9751
120 44.9158
125 44.6107
130 44.6651
135 44.6411
140 44.6206
145 44.6283
150 44.6376
155 44.6293
160 44.943
165 44.6412
170 44.6451
175 44.5933
180 44.6319
185 28.1651
200 28.7396
215 28.5389
225 28.5426
235 28.8516
250 28.748
255 28.7328
260 28.5245
295 28.5274
300 28.511
305 28.5428
315 28.8534
330 28.5182
345 28.5873
350 28.5622
360 28.7303
365 28.1501
370 27.982
375 28.5473
380 28.0558
390 28.7053
405 28.5438
410 28.5369
425 28.7501
460 28.0098
465 28.7711
490 28.6963
515 29.2924
520 27.6712
525 28.5026
535 28.1684
550 28.6083
555 28.4748
565 28.6709
570 28.3842
575 28.5577
580 28.5745
5 36.1996
10 43.9616
15 43.9381
20 44.623
25 44.6602
30 44.7118
35 43.9926
40 44.6571
45 44.6361
50 44.6436
55 44.6357
60 44.2713
65 44.6626
70 44.6532
75 44.683
80 44.6581
85 44.6653
90 44.6395
95 44.6529
100 44.7128
105 44.2784
110 44.3739
115 44.9328
120 44.6599
125 44.6829
130 44.6845
135 44.6609
140 44.668
145 43.9554
150 44.7081
155 45.0121
160 44.3664
165 44.6666
170 44.651
175 44.6412
180 43.5796
185 29.526
190 28.8206
195 28.8088
200 28.8423
205 27.9594
215 28.6253
220 28.8345
225 28.5035
235 28.7564
240 28.6392
245 28.7799
250 28.0936
255 28.2763
265 28.6633
285 28.2667
290 27.9284
295 28.6627
310 28.6277
315 28.6417
325 28.0982
330 28.6495
350 28.5912
355 28.8096
365 28.4468
375 28.7001
380 27.7144
385 29.0228
390 28.1122
400 28.4938
405 28.6727
410 29.5723
425 28.6318
430 30.8568
440 28.5167
445 28.6657
450 28.6321
455 30.23
460 27.2669
465 28.6723
470 28.1074
475 28.8166
480 28.6542
485 29.1825
490 28.3357
495 28.6393
500 28.6001
505 28.5752
515 27.953
520 28.5831
525 29.0487
555 28.4761
565 28.5268
580 28.6462
585 28.6604
590 28.0919
595 28.6095
25 44.7181
30 44.7409
35 44.7649
40 44.7312
45 44.0313
50 44.7763
55 44.7477
60 44.7342
65 44.7108
70 44.7022
75 43.936
80 45.2884
90 44.7237
100 44.738
110 45.3636
115 44.7178
120 44.7753
125 44.7216
135 45.068
140 44.7715
145 44.746
150 44.7061
160 45.0369
165 44.7423
170 44.7657
175 44.7343
180 44.6784
185 29.9191
190 28.1694
195 28.6544
200 28.6679
210 29.3134
215 27.9214
220 28.6597
225 28.7096
230 28.6338
235 29.0274
240 28.3145
245 28.683
250 28.6742
255 28.6365
260 28.6688
265 28.4387
270 28.6666
275 28.5358
280 28.6589
285 29.9389
290 27.5374
295 28.5626
300 28.7084
320 28.5712
325 28.6622
330 28.6776
335 29.2843
340 27.7397
345 28.6812
350 28.6897
355 28.6515
360 29.811
370 28.6522
375 28.7032
380 28.6227
390 28.1931
395 28.6902
400 28.8215
405 28.6276
415 28.2679
420 28.6807
425 28.7627
430 28.6668
435 29.4113
440 28.0625
445 28.486
450 28.6411
455 28.661
460 28.4151
465 28.695
470 28.1317
480 28.0788
485 29.7438
490 27.9287
495 28.6981
500 28.6172
505 28.6509
510 28.7251
515 28.8583
520 28.6717
525 28.6874
530 29.0212
535 28.6228
545 28.8692
550 28.681
555 28.6817
565 28.5019
570 28.6433
575 28.6431
585 29.0411
590 28.0581
595 28.6621
600 28.7046
5 0
10 42.852
15 44.0332
20 44.692
25 44.6751
30 44.7378
35 44.6366
40 44.6721
45 45.0059
50 44.665
55 44.0589
60 45.328
65 44.6573
70 44.6696
75 44.9638
80 44.0213
85 45.0333
90 44.0052
95 44.6793
100 44.6572
105 44.0522
110 45.2328
115 44.7
120 44.6795
125 44.6933
130 44.7119
135 44.7005
140 44.6703
145 44.7018
150 44.6751
155 44.6866
160 44.6867
165 44.6753
170 44.6901
175 44.6442
180 44.6876
190 28.3137
195 28.1136
200 28.714
205 28.7094
215 27.9429
220 28.858
225 28.6995
230 28.6513
235 29.5748
240 27.7938
245 28.1571
250 28.5428
255 28.4935
260 29.1848
265 28.1894
270 28.7153
275 28.6908
280 28.6754
290 27.3328
295 28.7442
300 28.5419
305 29.599
310 28.2461
315 28.5192
320 28.8819
325 28.659
330 28.756
335 29.9654
340 27.6402
345 28.9111
350 28.6775
355 28.7245
360 28.7165
365 28.6402
370 28.7248
375 28.6702
380 28.7108
385 29.2415
390 28.2362
395 28.8855
400 28.7001
405 29.6485
410 27.8488
415 28.5521
420 28.19
425 28.713
430 28.7816
440 29.3628
445 28.2136
450 28.6591
455 28.7015
460 28.5087
465 28.9384
470 28.6276
475 28.6992
480 28.7317
485 28.5239
490 28.1517
495 28.8208
500 28.6966
505 28.3082
510 28.7147
515 28.8613
525 28.6833
530 28.6824
535 28.7365
540 29.0055
545 28.3176
550 28.7451
555 28.7172
560 28.708
565 29.2167
570 28.1559
575 28.6879
580 28.6896
585 29.4021
590 28.2585
595 28.4737
600 28.656
10 44.112
15 44.1584
20 44.7259
25 45.0803
30 44.5956
35 44.7398
40 44.7043
45 44.7752
50 44.1036
55 44.0309
60 44.7749
65 44.7537
70 44.6917
75 44.7619
80 43.3516
85 46.1964
90 44.7819
95 44.7342
100 44.032
105 43.648
110 45.623
115 44.744
120 44.7044
125 44.0298
130 44.0007
135 45.258
140 44.7095
145 44.7114
150 44.6932
155 43.938
160 45.3875
165 44.7163
170 44.749
175 44.7035
180 43.9714
185 29.9822
195 28.6473
200 28.562
210 28.6556
215 28.6662
220 28.6506
230 28.9249
235 28.5183
250 28.8115
255 28.6817
260 28.2626
265 28.5222
270 28.3219
280 28.9197
290 28.6753
295 28.1761
300 28.5179
315 28.8376
320 28.5256
325 28.5121
330 28.4986
335 29.0008
345 28.1309
355 28.5136
370 28.498
375 28.362
385 28.6721
400 28.6699
405 28.5614
420 28.6725
425 28.6741
430 28.2844
435 28.463
445 28.6684
470 28.7085
475 28.6762
485 28.6967
500 28.7049
510 28.6768
515 28.7419
520 28.7051
545 28.1447
550 28.7004
565 28.9818
570 28.5149
575 28.6203
585 28.1208
595 28.5718
145 44.6401
150 44.9997
155 44.6924
160 44.7056
165 44.6417
195 28.197
210 28.5356
220 29.4483
225 27.6727
230 28.7145
240 28.41
250 28.7734
265 27.9206
270 28.5343
280 28.5782
285 27.8537
290 28.4213
295 28.709
310 28.729
320 28.7215
325 28.6832
335 28.0667
355 28.3252
360 28.7199
370 28.7215
375 28.7503
390 28.7327
395 28.5022
410 28.7337
430 28.8863
440 28.7121
445 28.6725
450 28.7551
455 28.7228
460 28.0151
465 28.5483
475 28.868
485 28.6933
505 27.9979
510 28.7304
525 28.8969
530 28.0315
535 28.163
545 28.0585
555 28.9044
560 28.5596
565 28.2823
570 28.0786
