5 31.0082675676
10 43.1263744681
15 43.7272
20 43.714788
25 43.745572
30 43.5895857143
35 43.8616428571
40 43.721582
45 43.730938
50 43.763784
55 43.5343612245
60 43.89875
65 43.748214
70 43.715212
75 43.67736
80 43.492174
85 44.011128
90 43.731734
95 43.7374
100 43.668682
105 43.548086
110 43.9319897959
115 43.793794
120 43.733526
125 43.718536
130 43.421758
135 43.9467755102
140 43.80151
145 43.73092
150 43.744986
155 43.490514
160 43.885808
165 43.768336
170 43.766492
175 43.73795
180 43.405222449
185 30.0126809524
190 30.0594229167
195 30.0752242424
200 30.0838010101
205 30.151979798
210 30.0233105882
215 30.0463469388
220 30.0742848485
225 30.108730303
230 30.089908
235 30.0543
240 30.0871541667
245 30.0601734694
250 30.0548161616
255 30.122162
260 30.0466883117
265 30.0646
270 30.0776040404
275 30.0821707071
280 30.0915717172
285 30.0768168831
290 30.0387591837
295 30.0720752577
300 30.092104
305 30.0917525773
310 30.0753179487
315 30.0369608247
320 30.067062
325 30.059694
330 30.143789899
335 30.0899176471
340 30.044155102
345 30.0617262626
350 30.0706755102
355 30.1071333333
360 30.0752283951
365 30.06385625
370 30.0848154639
375 30.0719418367
380 30.101758
385 30.0945192771
390 30.007993617
395 30.0801421053
400 30.0573693878
405 30.0984622449
410 30.1833172414
415 29.9665826087
420 30.0848896907
425 30.0717666667
430 30.0960242424
435 30.1431434783
440 30.0439191489
445 30.064728866
450 30.076598
455 30.1123868687
460 30.105212766
465 30.0193035294
470 30.0686530612
475 30.0704383838
480 30.039238
485 30.1599744681
490 30.0247033708
495 30.0626808511
500 30.0726979798
505 30.0872424242
510 30.1593202128
515 30.0067211765
520 30.0570653061
525 30.0614808081
530 30.0734520833
535 30.1276442105
540 30.0590382716
545 30.0279210526
550 30.0800102041
555 30.084396
560 30.1332021053
565 30.0397
570 30.0468505155
575 30.0686040816
580 30.065759596
585 30.1347434343
590 30.0356222222
595 30.0547556701
600 30.058988
