5 26.755825
10 43.6514444444
15 44.3861777778
20 44.6171
25 44.7143818182
30 44.5237454545
35 44.7874181818
40 44.6268909091
45 44.51599
50 44.5755363636
55 44.3458636364
60 44.8842818182
65 44.5636818182
70 44.6494909091
75 44.489
80 44.3326636364
85 45.04229
90 44.6203
95 44.6075
100 44.6472363636
105 44.3114
110 44.8565727273
115 44.8856909091
120 44.6519636364
125 44.4947454545
130 44.43615
135 44.7262454545
140 44.6261272727
145 44.6213083333
150 44.7207833333
155 44.4134181818
160 44.8625583333
165 44.7636666667
170 44.6881
175 44.6753363636
180 44.4797454545
185 37.5470666667
190 36.5003666667
195 36.5470857143
200 36.5533166667
205 36.30588
210 36.5684
215 36.5087142857
220 36.636425
225 36.4069166667
230 36.26296
235 36.4388875
240 36.2511333333
245 36.502
250 36.62866
255 36.5005166667
260 36.3063333333
265 36.3855875
270 36.4104
275 36.42432
280 36.4592
285 36.6624333333
290 36.3589428571
295 36.5277571429
300 36.31719
305 36.5334
310 36.512325
315 36.38968
320 36.386975
325 36.6890333333
330 36.3316285714
335 36.20862
340 36.6774
345 36.3486857143
350 36.613775
355 36.4760285714
360 36.0815
365 37.00342
370 36.7123571429
375 36.4294
380 36.3798888889
385 36.0339666667
390 37.08832
395 36.5279666667
400 36.2415
405 35.79224
410 36.6256
415 37.0284
420 36.4393
425 36.47935
430 36.5072222222
435 36.584975
440 36.3782
445 36.4673
450 36.5405714286
455 36.5135333333
460 36.3578714286
465 36.2297857143
470 36.37078
475 36.4386285714
480 36.4371625
485 36.21225
490 36.6406
495 36.3755875
500 36.6300714286
505 36.3733181818
510 36.52865
515 36.622
520 36.3970666667
525 36.2827333333
530 36.63
535 36.4942571429
540 36.28444
545 36.4450714286
550 36.7533
555 36.2341125
560 36.7949166667
565 36.2457571429
570 36.5316
575 36.2750142857
580 36.4655714286
585 36.5017875
590 36.5068833333
595 36.55709
600 36.5434666667
