5 43.8649
10 44.6252
15 43.9422
20 44.6256
25 44.6279
30 44.6278
35 44.6093
40 44.6415
45 44.6693
50 44.6144
55 43.6683
60 45.5895
65 43.9282
70 44.6414
75 44.6376
80 44.2701
85 44.9379
90 44.6169
95 43.9221
100 44.609
105 44.5732
110 44.6683
115 44.6678
120 43.9961
125 43.9651
130 43.2393
135 44.8495
140 44.3754
145 44.6312
150 44.6222
155 44.6646
160 44.6222
165 44.9519
170 44.6179
175 44.6166
180 44.6376
190 9.6471
200 9.62584
215 9.94253
220 9.63666
225 9.65702
230 9.60473
240 9.65725
245 9.61062
250 9.61702
260 9.65757
270 9.64694
275 9.65174
280 9.61116
285 8.95359
290 10.2396
300 8.93296
310 9.90536
315 8.99452
320 9.6059
325 8.9639
345 9.63332
350 9.63638
355 9.6257
360 9.28872
365 9.30227
370 8.94822
375 8.95761
385 9.32283
395 9.96375
405 8.94341
410 9.60262
430 8.97675
450 8.94831
455 9.63956
470 8.94262
480 8.24829
485 9.89124
495 9.65122
500 9.6484
505 9.61574
515 9.35259
520 9.2947
525 9.92265
540 9.67854
545 9.655
550 9.60616
560 8.97447
575 9.68884
580 9.62538
590 8.26239
600 8.9412
5 0
10 44.3766
15 44.6487
20 44.6778
25 44.6575
30 43.9843
35 45.2676
40 44.652
45 44.6171
50 44.6586
55 43.9475
60 44.6543
65 44.6709
70 44.6496
75 44.6272
80 44.6406
85 44.6591
90 44.6178
95 44.6505
100 44.6772
105 44.2856
110 44.401
115 45.2864
120 44.6291
125 44.6243
130 44.0033
135 45.2138
140 44.6334
145 44.6648
150 44.6476
155 44.3173
160 44.6266
165 44.6527
170 44.6632
175 44.6522
180 44.6215
190 9.62234
195 9.97116
200 9.64324
215 9.59388
225 8.93394
240 9.94522
250 9.62012
255 9.95309
270 9.60914
275 9.64226
280 9.65584
295 8.99308
300 9.65338
305 8.92061
310 9.91054
315 9.01008
325 9.62042
330 9.66698
335 9.61745
340 9.68712
345 9.65078
350 9.61474
355 9.64656
365 9.63496
370 8.97278
375 9.62062
380 9.67416
390 9.64224
400 9.63896
410 9.64056
415 9.64536
420 9.63942
425 9.66788
430 9.60946
435 8.54776
445 10.2873
450 9.64622
455 9.93771
460 9.26227
475 9.656
480 9.94747
485 9.00455
490 10.493
505 9.93227
510 9.32539
515 9.93118
520 9.71633
525 9.66352
530 9.65572
535 9.63627
540 9.02865
545 8.97861
550 9.02108
555 10.2711
565 9.63952
570 9.94555
575 9.65453
590 9.65467
595 9.64438
600 9.6422
5 29.8013
10 40.4385
15 44.7073
20 44.7234
25 44.7095
30 43.9653
35 45.2837
40 44.7449
45 44.6616
50 44.6692
55 43.9296
60 45.2837
65 44.7401
70 44.7041
75 44.0302
80 43.9736
85 45.265
90 44.71
95 44.7286
100 44.6818
105 43.1672
110 45.7621
115 44.7232
120 44.7346
125 44.6957
130 44.6961
135 44.3242
140 44.9861
145 44.6873
150 44.7096
155 43.2062
160 45.2062
165 45.3563
170 44.6864
175 44.751
180 44.7464
460 9.74904
465 8.60868
475 8.99259
480 9.70758
485 9.71638
490 8.88647
495 9.10783
500 9.69558
515 9.72853
525 9.37623
535 10.0411
540 9.70911
550 9.7065
560 9.00333
570 9.08944
575 9.68666
580 9.7092
585 9.71574
5 37.9845
10 44.9728
15 44.6107
20 44.614
25 44.641
30 44.6404
35 44.6044
40 43.9332
50 44.6399
55 44.6115
60 44.6422
65 44.6423
70 44.6367
75 44.5949
80 44.6437
85 44.6122
90 44.6502
95 44.6233
100 44.6067
105 44.7168
110 44.6504
115 44.9751
120 44.9158
125 44.6107
130 44.6651
135 44.6411
140 44.6206
145 44.6283
150 44.6376
155 44.6293
160 44.943
165 44.6412
170 44.6451
175 44.5933
180 44.6319
190 8.97688
200 9.61306
210 8.96127
225 8.97602
230 9.97313
245 9.9439
255 9.92349
260 9.23685
270 8.89212
275 9.57396
295 9.61396
300 9.5825
305 8.94796
320 10.2619
325 9.63784
330 8.94394
335 9.62418
345 9.61667
350 9.69919
360 9.63742
370 9.6267
375 9.6329
395 9.60108
400 9.64538
405 9.65567
410 9.66673
415 8.99981
425 9.65476
430 9.65238
435 10.0275
440 9.00759
450 9.64292
460 9.64966
465 8.70206
470 10.5975
485 9.65169
495 9.97021
500 9.64354
505 9.647
510 9.62396
525 9.62533
530 9.60436
535 9.64967
545 9.90232
550 9.96818
555 9.5797
565 8.9624
580 9.64236
585 9.6123
5 36.1996
10 43.9616
15 43.9381
20 44.623
25 44.6602
30 44.7118
35 43.9926
40 44.6571
45 44.6361
50 44.6436
55 44.6357
60 44.2713
65 44.6626
70 44.6532
75 44.683
80 44.6581
85 44.6653
90 44.6395
95 44.6529
100 44.7128
105 44.2784
110 44.3739
115 44.9328
120 44.6599
125 44.6829
130 44.6845
135 44.6609
140 44.668
145 43.9554
150 44.7081
155 45.0121
160 44.3664
165 44.6666
170 44.651
175 44.6412
180 43.5796
185 9.95124
190 9.70692
195 9.64624
200 9.63508
210 10.23
225 8.97757
230 9.63693
235 9.61524
250 9.65038
255 9.6849
265 9.95125
270 8.97453
275 9.70024
285 9.03724
295 9.70796
300 9.001
310 9.63633
315 9.64552
320 9.01135
325 9.64812
335 8.96953
345 9.96188
350 9.64426
355 9.63564
360 9.00169
370 8.96665
375 9.71198
380 9.6536
395 9.00253
400 9.68576
420 9.6437
425 9.64118
430 8.98892
435 8.29083
440 10.2567
445 9.65498
455 9.70433
460 9.6691
465 9.74909
470 9.65324
475 9.67767
480 9.6604
495 9.9591
510 9.6
515 9.98617
520 8.9511
525 9.72184
530 9.693
550 8.97049
555 9.69249
565 9.96124
570 9.67838
575 9.98423
580 9.65036
585 9.64758
590 9.6456
595 8.95533
25 44.7181
30 44.7409
35 44.7649
40 44.7312
45 44.0313
50 44.7763
55 44.7477
60 44.7342
65 44.7108
70 44.7022
75 43.936
80 45.2884
90 44.7237
100 44.738
110 45.3636
115 44.7178
120 44.7753
125 44.7216
135 45.068
140 44.7715
145 44.746
150 44.7061
160 45.0369
165 44.7423
170 44.7657
175 44.7343
180 44.6784
185 9.77635
190 9.73682
195 9.75022
200 9.74426
205 9.77176
210 9.73507
215 9.71067
220 9.73326
225 9.726
230 9.747
235 9.75438
240 9.06114
245 9.76242
250 9.06271
255 9.72424
265 9.76453
270 9.73336
275 9.74882
280 9.726
285 9.43789
290 10.1073
295 9.75586
300 9.78684
305 9.7282
310 9.71536
315 9.74194
320 9.7798
325 9.72794
330 9.74473
335 10.0408
340 9.43888
350 9.07926
355 9.73384
360 8.81708
370 9.7333
375 9.13826
380 10.3312
385 8.83478
390 10.5754
395 9.05759
400 9.75346
405 9.03986
410 10.2358
415 9.78917
420 9.74934
425 9.75758
430 9.76536
435 9.69491
440 9.74054
445 9.75014
450 9.7115
455 9.73386
460 9.0033
465 10.3107
470 9.76572
475 9.75718
480 9.75218
485 8.96923
490 10.3324
495 9.72648
500 9.73112
505 9.72726
510 9.366
515 10.0537
520 9.74098
525 9.76298
530 9.07488
535 9.36424
540 9.96136
545 9.75868
550 9.739
555 9.38408
560 9.30188
565 10.0694
570 9.72888
580 9.76626
585 9.33586
590 10.0252
595 9.7153
600 9.76808
5 0
10 42.852
15 44.0332
20 44.692
25 44.6751
30 44.7378
35 44.6366
40 44.6721
45 45.0059
50 44.665
55 44.0589
60 45.328
65 44.6573
70 44.6696
75 44.9638
80 44.0213
85 45.0333
90 44.0052
95 44.6793
100 44.6572
105 44.0522
110 45.2328
115 44.7
120 44.6795
125 44.6933
130 44.7119
135 44.7005
140 44.6703
145 44.7018
150 44.6751
155 44.6866
160 44.6867
165 44.6753
170 44.6901
175 44.6442
180 44.6876
185 9.64724
195 9.67486
200 9.68652
205 9.6894
210 9.67692
220 9.67186
225 9.67686
230 9.66164
235 9.72894
245 9.69946
250 9.7008
255 9.6864
260 9.78153
265 9.62572
270 9.02012
275 9.69424
280 9.64332
290 9.99629
295 9.70292
300 9.68706
305 9.00521
310 9.74667
315 10.288
320 9.685
325 9.65396
330 9.72046
335 8.41685
340 11.0221
345 9.68874
350 9.65366
355 9.69606
360 8.73322
365 10.565
370 9.70268
375 9.679
380 9.6721
385 8.72912
390 10.6441
395 9.6769
400 9.67304
410 8.021
415 10.5348
425 9.67476
430 9.72112
435 9.61845
440 9.11992
450 9.69204
455 9.69528
460 9.02521
465 10.6199
470 9.28933
475 9.71612
480 9.71018
485 9.3133
490 9.98932
500 9.6864
505 9.66776
510 10.0565
515 9.68349
525 9.6809
530 9.65328
535 9.77602
540 9.57411
545 9.67274
550 9.71566
555 9.68216
560 9.67936
565 9.75132
570 9.62883
575 9.7101
580 9.64842
585 9.6619
590 9.69004
600 9.67527
10 44.112
15 44.1584
20 44.7259
25 45.0803
30 44.5956
35 44.7398
40 44.7043
45 44.7752
50 44.1036
55 44.0309
60 44.7749
65 44.7537
70 44.6917
75 44.7619
80 43.3516
85 46.1964
90 44.7819
95 44.7342
100 44.032
105 43.648
110 45.623
115 44.744
120 44.7044
125 44.0298
130 44.0007
135 45.258
140 44.7095
145 44.7114
150 44.6932
155 43.938
160 45.3875
165 44.7163
170 44.749
175 44.7035
180 43.9714
495 9.7305
505 9.36273
510 9.70322
520 10.0057
525 9.70468
540 9.74947
545 9.7454
550 9.76414
555 9.07
565 9.69213
570 9.06131
580 9.73376
585 9.72282
590 9.4354
600 9.74564
145 44.6401
150 44.9997
155 44.6924
160 44.7056
165 44.6417
180 9.63522
185 9.92467
195 8.99894
200 9.00073
205 9.68416
210 9.69544
215 9.68834
220 9.6506
225 8.96039
235 9.68033
245 9.68328
250 9.66346
275 9.62014
285 9.32398
300 9.61204
305 9.65126
310 9.346
315 9.96904
330 8.93261
345 8.29235
360 8.94581
370 9.65898
380 9.63622
390 9.66154
405 9.67856
415 9.6444
425 9.7118
430 9.61878
435 9.64153
450 9.02992
455 9.67062
475 8.97049
480 9.69994
485 9.67523
490 9.72496
500 9.32469
505 9.93651
515 10.268
520 9.65346
530 9.6504
540 9.95432
550 8.98612
555 10.3306
565 8.99198
570 9.98815
585 9.95494
595 9.65293
600 9.65954
20 44.747
25 44.7434
30 44.7228
35 45.0785
40 44.7701
45 44.7294
50 44.8325
55 44.4782
60 45.003
65 44.7429
70 44.3984
75 44.4339
80 43.7601
85 45.7187
90 44.7081
95 44.7706
100 45.0479
105 45.042
110 44.4821
115 44.7122
120 44.713
125 44.7407
130 44.6121
135 44.8653
140 44.7535
145 44.7604
150 44.733
155 44.0753
160 45.3516
165 44.7176
170 44.7009
175 44.6739
180 44.6888
225 9.70378
235 9.99148
245 9.40821
255 10.0478
265 9.71966
290 8.33781
295 10.0471
300 9.72562
305 9.72276
315 9.74514
335 9.66756
340 9.75392
345 9.07552
350 9.74468
375 9.74161
380 9.73058
390 10.39
395 9.67674
400 9.67207
405 9.76902
410 8.79347
415 10.7422
420 9.75876
425 10.0197
430 9.73071
435 8.35822
440 10.4188
445 9.74214
450 9.72728
455 9.74786
460 9.04867
475 9.04584
485 9.15793
495 9.77268
500 9.71852
515 9.79866
520 10.0965
525 9.73506
530 9.72776
535 9.78556
545 9.04651
550 9.70556
555 9.70698
570 9.71108
575 9.72994
590 9.80047
5 29.6605
10 42.53
15 44.7224
20 44.7291
25 44.6447
30 44.691
35 44.9797
40 44.7062
45 44.0377
50 44.0222
55 44.7038
60 44.7361
65 44.6928
70 44.7143
75 44.6891
80 44.315
85 44.7217
90 44.7006
95 44.6459
100 44.6892
105 44.6953
110 44.7383
115 44.9843
120 44.6977
125 44.6706
130 44.7013
135 44.6976
140 44.6796
145 44.6606
150 44.7587
155 44.7024
160 44.6515
165 44.6809
170 44.6755
175 44.7198
180 44.0167
185 8.33512
190 9.69692
195 9.66458
200 9.03604
205 8.99755
215 9.7363
220 9.7151
225 9.75541
235 9.99433
240 9.06883
245 9.67572
250 9.74124
255 9.75896
260 9.37602
270 9.99312
275 9.69162
280 8.99874
285 9.39198
295 9.68524
300 9.73831
305 9.00626
315 9.40898
320 8.99979
330 9.6874
340 9.97563
345 9.70532
350 9.6835
355 9.72724
360 9.67364
365 9.14985
375 9.05041
395 9.71498
400 10.0038
405 9.71822
410 9.73253
415 9.69698
420 9.08565
425 9.73342
440 9.12476
445 9.6775
450 9.70864
470 10.0124
475 9.70382
485 9.6172
490 9.10778
495 9.081
500 9.68148
505 9.67552
510 8.92122
520 9.04479
525 9.7075
530 10.0147
535 9.65461
540 9.98376
550 9.68492
555 9.04055
560 9.62568
565 9.64502
570 10.05
575 9.68044
590 9.0265
600 9.99206
5 36.5358
10 44.9943
15 44.7146
20 44.0132
25 44.7005
30 44.3435
35 44.7045
40 44.6832
45 43.9963
50 44.7056
55 44.9924
60 44.7099
65 43.9989
70 44.6832
75 44.0214
80 44.7368
85 44.6133
90 44.6694
95 44.6676
100 44.6678
105 44.6553
110 44.1268
115 45.299
120 44.6662
125 44.0075
130 45.0472
135 43.7098
140 44.0195
145 44.6684
150 44.7585
155 44.6234
160 44.7665
165 44.7212
170 44.7243
175 44.6987
180 45.0173
460 9.33679
470 9.03
475 9.70634
480 9.65356
485 8.90418
495 9.70224
510 10.0169
520 9.69031
525 9.67308
540 9.68947
550 9.70764
565 9.661
570 9.6775
575 9.72994
580 9.72059
585 9.70724
5 0
10 40.0628
15 45.5008
20 44.7058
25 44.7006
30 44.7103
35 44.6885
40 44.7049
45 44.656
50 44.5824
55 44.7415
60 44.6603
65 44.7599
70 44.6881
75 44.2997
80 44.3796
85 45.2927
90 44.7063
95 44.7125
100 43.3074
105 44.9542
110 45.0761
115 44.7055
120 44.7126
125 44.7115
130 43.9878
135 45.4277
140 45.0085
145 45.007
150 44.6572
155 44.3249
160 44.9873
165 44.7137
170 44.6804
175 44.7041
180 44.3091
190 9.69434
195 9.64008
200 9.00435
205 9.67302
210 9.717
215 9.70486
220 9.96225
225 9.73314
230 9.74391
235 9.68824
240 9.70171
245 9.72092
250 9.66762
255 9.6087
260 9.73387
275 10.0113
280 9.659
285 9.342
290 10.2965
295 9.9688
300 9.71464
305 9.34715
320 9.74178
325 9.67818
330 9.30577
335 9.36498
350 9.69714
355 9.68944
360 9.32681
365 10.0114
375 9.97371
380 9.70759
395 9.7521
400 9.6564
410 9.04902
420 9.68912
425 9.97782
430 9.66278
435 9.32281
440 9.36798
445 9.68688
450 9.6686
455 9.734
460 9.62876
475 10.0554
480 9.98153
490 9.70394
495 9.6814
510 9.62791
530 9.70843
545 9.71853
550 9.02647
555 9.69832
560 9.32394
570 9.71373
575 9.67934
580 8.9721
585 9.25469
590 8.46142
595 10.783
600 9.69046
20 44.5846
25 42.7765
30 44.9748
35 44.5678
40 44.9134
45 44.604
50 44.6256
55 44.3712
60 44.9048
65 44.6414
70 44.8813
80 44.6126
85 44.8498
90 44.5963
95 44.6024
100 44.6357
105 44.7191
110 44.001
115 44.6161
120 44.6004
125 44.612
140 44.6154
145 44.6302
150 44.6225
155 44.93
160 44.3156
165 43.9327
170 43.9756
180 8.81073
185 8.97098
190 8.92592
200 9.94178
210 8.67052
215 9.63266
220 9.60674
225 9.62688
245 8.9454
250 8.96151
255 10.0475
260 9.29877
265 9.65184
270 9.62957
280 9.92541
285 8.90771
290 10.2402
295 8.9551
300 9.64274
305 9.71694
315 9.31402
325 9.64271
330 9.63118
335 8.23458
340 10.2668
345 8.92253
355 9.64796
360 9.27459
370 9.63128
375 9.63856
380 9.69441
385 9.26293
390 9.88539
395 9.66234
400 9.63794
405 9.64786
410 9.64756
415 9.86469
420 9.62254
425 9.5974
450 9.90502
460 9.60387
465 9.63093
470 8.93931
475 9.62372
480 9.88516
485 9.6142
490 9.65171
495 10.0061
500 9.62684
510 9.58918
515 9.18125
520 9.6781
530 8.95996
535 10.2539
540 9.3029
545 10.2662
550 9.59924
555 9.66194
560 10.2245
565 10.2366
570 8.99215
575 9.62461
580 9.66443
590 9.31149
595 9.94033
600 8.913
55 43.4306
60 45.9558
65 45.0133
70 44.6579
75 44.6471
80 44.619
85 44.64
90 44.6871
95 44.6446
100 44.6399
105 44.6549
110 44.6067
115 45.0047
120 44.675
125 44.6666
130 44.6487
135 44.6481
140 43.9882
145 44.6218
150 44.6534
155 43.9754
160 45.2829
165 44.6756
170 44.6862
175 44.7044
180 43.9363
5 43.8761
10 44.6533
15 44.6664
20 44.6767
25 44.6459
30 44.6697
35 43.9628
40 44.6916
45 44.6907
50 44.6752
55 44.0364
60 44.6308
65 44.6561
70 43.9649
75 44.6424
80 44.6793
85 44.6594
90 44.651
95 44.6818
100 44.6531
105 44.6378
110 44.2302
115 45.0042
120 44.647
125 44.6647
130 44.6283
135 44.6464
140 44.6646
145 44.619
150 44.6599
155 44.6269
160 44.0228
165 44.6425
170 44.624
175 44.6821
180 44.0268
190 8.96359
195 9.65402
200 8.30732
215 9.97982
220 9.96071
225 9.7078
230 9.61546
240 8.97165
255 9.60891
260 9.05178
270 10.6168
275 8.96222
280 9.65058
290 9.63226
300 9.97265
305 9.98514
315 9.66322
320 9.64124
330 9.67189
335 9.08258
340 9.64952
345 8.97047
350 9.64846
355 9.65098
360 9.69276
365 9.6714
370 9.64156
375 9.67552
390 9.70063
395 9.66668
400 8.96545
405 9.71863
410 9.61312
415 8.94978
420 9.66038
425 9.93482
430 9.67245
435 10.2814
440 9.67288
445 9.66946
460 9.65044
465 9.65428
470 8.99071
485 8.93786
490 9.95437
505 8.94686
510 9.03677
515 10.277
520 9.63824
525 8.99786
530 9.69073
535 9.29677
540 9.94476
545 9.67752
550 9.66018
555 8.98278
560 9.29125
570 9.64266
575 9.65652
580 9.65692
595 8.96835
600 10.5945
5 36.2406
10 43.9956
15 44.6915
20 44.7004
25 44.711
30 44.6979
35 44.761
40 44.7201
45 44.7169
50 44.7229
55 44.7214
60 44.7119
65 44.705
70 44.6967
75 44.7127
80 44.6728
85 44.7425
90 44.6782
95 44.7039
100 44.6684
105 44.6872
110 44.7352
115 44.7011
120 44.696
125 44.6572
130 43.4412
135 44.6838
140 44.9476
145 44.6766
150 44.7334
155 45.2532
160 44.6981
165 44.6917
170 44.6559
175 44.6933
180 44.7097
220 9.58102
225 9.39953
230 8.944
245 9.31371
255 8.97982
270 9.68718
280 10.0163
290 9.72886
295 9.72456
305 8.12191
310 9.07963
315 9.70198
320 9.76314
325 9.70558
330 9.05396
335 9.71424
340 9.01296
345 9.67718
350 9.7172
365 9.69604
370 9.02445
375 9.70612
380 9.67664
390 8.99822
395 9.69006
400 9.6798
410 9.37302
415 10.0199
420 8.57272
425 9.66358
430 9.72054
435 9.72375
440 9.67458
450 9.67396
455 9.29681
460 9.02667
475 9.68906
480 9.75229
485 9.04765
495 9.68122
500 9.97029
515 10.013
520 9.69678
525 9.66902
530 8.99231
535 9.36185
540 9.96943
550 9.02629
555 9.72162
560 9.72569
575 9.04516
580 8.99537
585 8.94111
590 9.69524
595 8.99249
600 9.69408
5 43.8818
10 43.9486
15 43.9496
25 44.622
30 44.0389
35 44.6299
40 44.6446
45 44.6359
50 44.6198
55 44.6067
60 44.6284
65 44.6312
70 44.6869
75 44.6104
80 44.6294
85 44.6701
90 44.6377
95 44.6704
100 44.6039
105 44.2901
110 44.5715
115 44.6328
120 44.6808
125 44.6445
130 43.0887
135 45.2927
140 44.5682
145 43.9431
150 44.9406
155 43.9187
160 45.3289
165 44.9881
170 43.7182
175 43.9604
180 43.9278
190 9.61864
195 9.6207
200 8.94588
210 10.2689
215 9.6312
225 9.62182
235 9.26404
245 8.96357
