5 43.8649
10 44.6252
15 43.9422
20 44.6256
25 44.6279
30 44.6278
35 44.6093
40 44.6415
45 44.6693
50 44.6144
55 43.6683
60 45.5895
65 43.9282
70 44.6414
75 44.6376
80 44.2701
85 44.9379
90 44.6169
95 43.9221
100 44.609
105 44.5732
110 44.6683
115 44.6678
120 43.9961
125 43.9651
130 43.2393
135 44.8495
140 44.3754
145 44.6312
150 44.6222
155 44.6646
160 44.6222
165 44.9519
170 44.6179
175 44.6166
180 44.6376
185 44.6543
190 43.9753
195 44.6337
200 44.6258
205 43.8861
210 44.5869
215 43.971
220 44.6367
225 44.9984
230 43.6495
235 44.0307
240 44.6265
245 44.6106
250 44.617
255 44.6844
260 44.6003
265 44.6469
270 43.9737
275 44.6517
280 44.6112
285 44.8925
290 44.3265
295 43.9537
300 44.6037
305 44.6432
310 44.6004
315 44.6859
320 44.6059
325 44.6292
330 44.6235
335 44.1972
340 44.3434
345 44.316
350 44.9433
355 44.6257
360 43.9798
365 45.228
370 44.6187
375 44.6301
380 44.5994
385 44.6086
390 44.7182
395 44.6616
400 44.61
405 44.6102
410 44.6026
415 44.6127
420 44.6488
425 44.6947
430 44.6471
435 44.6107
440 44.6223
445 44.6512
450 44.6183
470 44.6268
475 44.6563
480 44.6212
485 44.5599
490 44.656
495 44.687
500 43.9769
505 44.6157
510 44.2603
515 44.3285
520 44.7037
525 44.6239
530 44.6973
535 44.2963
540 43.977
545 45.3134
550 44.6062
555 44.6174
560 44.6457
565 43.9204
570 45.3294
575 44.6528
580 43.955
585 44.6107
590 43.9917
595 45.2122
600 44.6128
5 0
10 44.3766
15 44.6487
20 44.6778
25 44.6575
30 43.9843
35 45.2676
40 44.652
45 44.6171
50 44.6586
55 43.9475
60 44.6543
65 44.6709
70 44.6496
75 44.6272
80 44.6406
85 44.6591
90 44.6178
95 44.6505
100 44.6772
105 44.2856
110 44.401
115 45.2864
120 44.6291
125 44.6243
130 44.0033
135 45.2138
140 44.6334
145 44.6648
150 44.6476
155 44.3173
160 44.6266
165 44.6527
170 44.6632
175 44.6522
180 44.3015
185 44.935
190 44.6223
195 44.6706
200 44.6432
205 44.643
210 44.688
215 44.5939
220 44.618
225 44.6063
230 44.6497
235 44.6467
240 43.994
245 44.6181
250 44.2868
255 44.8947
260 44.6316
265 44.6611
270 44.6091
275 44.6423
280 44.618
285 44.6005
290 44.6505
295 44.6641
300 44.6534
305 44.7
310 44.6378
315 44.6832
320 44.6429
325 44.6204
330 44.7034
335 44.6175
340 44.6871
345 44.6508
350 44.6147
355 44.6466
360 44.6387
365 44.5981
370 44.6419
375 44.6206
380 44.6742
385 44.6577
390 44.6422
395 44.9347
400 44.639
405 44.6234
410 43.9865
415 45.2489
420 44.6394
425 44.6679
430 44.9419
435 44.0108
440 43.73
445 45.2873
450 44.6462
455 44.9388
460 44.2623
465 44.9997
470 44.6547
475 44.621
480 44.6431
485 44.5999
490 44.6698
495 44.6424
500 44.6526
505 44.6321
510 44.6436
515 44.6599
520 44.6803
525 44.6635
530 44.6557
535 45.3286
540 44.6377
545 44.6485
550 44.2918
555 45.0212
560 44.6425
565 44.6105
570 44.9456
575 44.6193
580 43.9737
585 44.662
590 44.6547
595 44.6444
600 44.6422
5 29.8013
10 40.4385
15 44.7073
20 44.7234
25 44.7095
30 43.9653
35 45.2837
40 44.7449
45 44.6616
50 44.6692
55 43.9296
60 45.2837
65 44.7401
70 44.7041
75 44.0302
80 43.9736
85 45.265
90 44.71
95 44.7286
100 44.6818
105 43.1672
110 45.7621
115 44.7232
120 44.7346
125 44.6957
130 44.6961
135 44.3242
140 44.9861
145 44.6873
150 44.7096
155 43.2062
160 45.2062
165 45.3563
170 44.6864
175 44.751
180 44.7141
185 44.6653
190 44.7857
195 44.721
200 44.7011
205 45.0593
210 44.3703
215 45.0197
220 44.6768
225 44.6955
230 44.6979
235 44.7308
240 44.7076
245 44.7448
250 44.6686
255 43.9898
260 44.7034
265 44.75
270 44.7227
275 44.6949
280 44.7064
285 44.7324
290 44.7021
295 44.7387
300 44.7176
305 44.6734
310 44.6924
315 44.7086
320 44.7039
325 44.7149
330 44.7032
335 44.6814
340 44.6734
345 44.6745
350 44.7945
355 44.6428
360 44.4216
365 44.9804
370 44.7045
375 44.7117
380 44.6941
385 44.419
390 44.9878
395 44.6957
400 44.0161
405 45.4107
410 44.3527
415 44.6618
420 45.006
425 44.0588
430 44.6022
435 44.786
440 44.0512
445 44.7249
450 44.7052
455 44.7003
460 44.749
465 43.7527
470 45.6089
475 44.6649
480 44.7076
485 44.7164
490 44.589
495 44.447
500 45.001
505 44.694
510 44.6823
515 44.6947
520 44.7317
525 44.7298
530 44.6809
535 44.6916
540 44.7091
545 44.721
550 44.032
555 44.6862
560 44.6766
565 44.6722
570 44.7019
575 44.6867
580 44.7092
585 44.7157
590 44.6848
595 44.7116
600 44.0066
5 37.9845
10 44.9728
15 44.6107
20 44.614
25 44.641
30 44.6404
35 44.6044
40 43.9332
50 44.6399
55 44.6115
60 44.6422
65 44.6423
70 44.6367
75 44.5949
80 44.6437
85 44.6122
90 44.6502
95 44.6233
100 44.6067
105 44.7168
110 44.6504
115 44.9751
120 44.9158
125 44.6107
130 44.6651
135 44.6411
140 44.6206
145 44.6283
150 44.6376
155 44.6293
160 44.943
165 44.6412
170 44.6451
175 44.5933
180 44.6319
185 44.645
190 44.651
195 44.6285
200 44.6131
205 44.6446
210 43.2428
215 45.262
220 44.611
225 44.6461
230 43.9573
235 43.9334
240 45.271
245 44.6391
250 44.6619
255 44.6191
260 44.5511
265 44.6282
270 44.5664
275 44.574
280 44.6278
285 44.6305
290 44.6347
295 44.614
300 44.5825
305 43.948
310 43.8489
315 44.6357
320 43.9457
325 44.9392
330 44.6174
335 43.8722
340 44.613
345 44.6839
350 44.6396
355 44.6023
360 44.6374
365 44.5911
370 44.6267
375 44.6329
380 43.9479
385 44.6602
390 44.5981
395 44.9099
400 44.6454
405 44.6269
410 44.6329
415 44.6096
420 44.6399
425 44.6245
430 44.6524
435 45.0275
440 44.0076
445 44.9336
450 44.6429
455 44.6252
460 44.6497
465 44.3118
470 44.9495
475 44.6291
480 44.6685
485 44.6178
490 44.6024
495 44.6258
500 44.6435
505 44.6801
510 44.624
515 44.6488
520 44.6127
525 44.5956
530 44.6044
535 44.6175
540 43.7115
545 45.5949
550 44.6625
555 44.6117
560 44.675
565 44.2485
570 44.9166
575 44.6384
580 44.6424
585 44.6123
590 44.2895
595 44.9331
600 44.6193
5 36.1996
10 43.9616
15 43.9381
20 44.623
25 44.6602
30 44.7118
35 43.9926
40 44.6571
45 44.6361
50 44.6436
55 44.6357
60 44.2713
65 44.6626
70 44.6532
75 44.683
80 44.6581
85 44.6653
90 44.6395
95 44.6529
100 44.7128
105 44.2784
110 44.3739
115 44.9328
120 44.6599
125 44.6829
130 44.6845
135 44.6609
140 44.668
145 43.9554
150 44.7081
155 45.0121
160 44.3664
165 44.6666
170 44.651
175 44.6412
180 43.8698
185 44.7094
195 44.6462
200 44.6669
205 43.8944
210 44.7034
215 44.6456
220 44.6443
225 44.6463
230 44.6369
235 44.6152
240 44.6669
245 44.6336
250 44.9562
255 44.9916
260 44.6469
265 44.6518
270 44.6463
275 44.7002
280 44.6103
285 44.6433
290 44.6839
295 44.7062
300 44.7086
305 44.6897
310 44.6363
315 44.6455
320 44.6832
325 44.6481
330 44.6588
335 43.9869
340 44.6892
345 44.6582
350 44.6111
355 44.6356
360 44.6718
365 44.6542
370 44.6404
375 44.7426
380 44.9934
385 44.66
390 44.6285
395 44.0025
400 44.012
405 46.2836
410 43.8318
415 44.6521
420 44.6748
425 44.6412
430 44.6558
435 44.6563
440 44.6557
445 44.655
450 44.6536
455 44.2125
460 45.6701
465 44.6493
470 44.6532
475 44.6482
480 44.6604
485 44.9734
490 44.3597
495 43.9834
500 44.6388
505 44.6164
510 44.0357
515 44.5822
520 44.6087
525 44.6874
530 44.693
535 44.3666
540 44.94
545 44.6778
550 44.6385
555 44.6624
560 44.66
565 44.6877
570 44.6784
575 44.6439
580 44.6504
585 44.6476
590 44.6456
595 43.9553
600 44.691
25 44.7181
30 44.7409
35 44.7649
40 44.7312
45 44.0313
50 44.7763
55 44.7477
60 44.7342
65 44.7108
70 44.7022
75 43.936
80 45.2884
90 44.7237
100 44.738
110 45.3636
115 44.7178
120 44.7753
125 44.7216
135 45.068
140 44.7715
145 44.746
150 44.7061
160 45.0369
165 44.7423
170 44.7657
175 44.7343
190 44.7368
195 44.7502
200 44.7443
210 44.7351
220 44.7333
225 44.726
240 44.7377
245 44.7624
250 44.3573
260 44.1333
265 44.7286
270 44.7334
275 44.7488
285 43.5437
290 46.0328
295 44.7559
300 44.7521
310 44.7154
315 44.7419
320 44.7798
325 44.7279
335 44.1567
340 45.375
345 44.7303
350 44.7491
370 44.7333
375 44.777
385 43.4063
390 45.6625
395 44.7301
400 44.7535
410 43.6463
415 45.6674
420 44.7493
425 44.7576
435 44.3355
440 45.3035
445 44.4587
450 44.7115
460 44.3408
465 45.0438
470 44.7657
475 44.7572
485 44.2962
495 45.0243
500 44.4449
525 44.763
535 44.3649
540 44.9609
545 44.7587
550 44.739
560 45.6681
565 44.1933
570 44.7289
575 44.7386
580 44.7663
585 44.3359
590 45.0252
595 44.7153
600 44.7681
5 0
10 42.852
15 44.0332
20 44.692
25 44.6751
30 44.7378
35 44.6366
40 44.6721
45 45.0059
50 44.665
55 44.0589
60 45.328
65 44.6573
70 44.6696
75 44.9638
80 44.0213
85 45.0333
90 44.0052
95 44.6793
100 44.6572
105 44.0522
110 45.2328
115 44.7
120 44.6795
125 44.6933
130 44.7119
135 44.7005
140 44.6703
145 44.7018
150 44.6751
155 44.6866
160 44.6867
165 44.6753
170 44.6901
175 44.6442
180 44.6876
185 44.6472
190 44.6911
195 44.6749
200 44.6865
205 44.7697
210 44.6032
215 44.6842
220 44.7108
225 44.714
230 44.6616
235 44.94
240 44.3557
245 44.6995
250 44.7008
255 44.6864
260 44.7194
265 44.6947
270 44.6908
275 44.9957
280 43.9895
285 44.7012
290 45.9016
295 44.7029
300 44.6871
305 44.6567
310 44.7445
315 44.6382
320 44.7223
325 44.654
330 44.7205
335 43.6811
340 45.6939
345 44.6887
350 44.6537
355 44.6961
360 45.272
365 44.0125
370 44.7027
375 44.679
380 44.6721
385 44.3906
390 44.9947
395 44.6769
400 44.673
405 44.6709
410 43.7088
415 45.6384
420 44.7057
425 44.6748
430 44.7211
435 44.3675
440 45.223
445 44.3884
450 44.6544
455 44.6953
460 44.2867
465 45.0621
470 44.6716
475 44.6813
480 44.7102
485 43.8944
490 44.7088
495 44.6713
500 44.6864
505 44.6678
510 45.0565
515 44.3388
520 44.6698
525 44.6809
530 44.6533
535 44.776
540 44.6374
545 44.6049
550 44.7157
555 44.6822
560 44.7509
565 44.6863
570 44.6288
575 44.6745
580 44.6484
585 44.6619
590 44.7242
595 44.6483
600 43.965
10 44.112
15 44.1584
20 44.7259
25 45.0803
30 44.5956
35 44.7398
40 44.7043
45 44.7752
50 44.1036
55 44.0309
60 44.7749
65 44.7537
70 44.6917
75 44.7619
80 43.3516
85 46.1964
90 44.7819
95 44.7342
100 44.032
105 43.648
110 45.623
115 44.744
120 44.7044
125 44.0298
130 44.0007
135 45.258
140 44.7095
145 44.7114
150 44.6932
155 43.938
160 45.3875
165 44.7163
170 44.749
175 44.7035
180 44.6763
185 44.7263
190 44.7103
195 44.684
200 44.7639
205 44.3161
210 44.9794
215 44.6944
220 44.7247
225 44.7312
230 43.8499
235 44.7761
240 45.3523
245 44.6919
250 44.724
255 44.6833
260 44.8198
265 44.7011
270 44.7261
275 44.6979
280 44.3874
285 44.9826
290 44.6925
295 44.7584
300 44.7077
305 43.9949
310 45.234
315 44.7287
320 44.7581
325 44.7239
330 44.4036
335 44.9815
340 44.7182
345 44.7305
350 44.3003
355 44.3582
360 44.7381
365 45.0451
370 44.7011
375 44.7608
380 44.7005
385 43.7575
390 45.0739
395 44.7295
400 44.716
405 44.7334
410 44.9917
415 44.8169
420 44.6717
425 44.7246
430 44.7201
435 44.315
440 45.0604
445 44.6956
450 44.7702
455 45.01
460 44.3526
465 45.3695
470 44.7125
475 44.7248
480 44.7169
485 44.7126
490 44.7301
495 44.7305
500 44.7276
505 44.7432
510 44.7032
515 44.7916
520 44.7051
525 44.7487
530 44.7087
535 44.7232
540 44.7495
545 44.7454
550 44.7244
555 44.7428
560 44.7327
565 44.6921
570 44.7331
575 44.697
580 44.7395
585 44.7191
590 43.7796
595 45.1029
600 44.7456
145 44.6401
150 44.9997
155 44.6924
160 44.7056
165 44.6417
180 44.6352
190 44.6375
200 44.6726
205 45.017
215 44.988
225 44.635
235 44.0721
245 44.0151
250 44.6635
265 45.2936
270 43.9953
280 43.9847
285 44.3242
300 44.0194
305 44.6853
310 44.6641
320 44.97
325 43.9638
335 44.6441
340 44.6711
345 44.6586
350 44.635
365 44.0477
370 44.2373
385 44.658
390 44.9323
395 44.6197
400 44.6947
405 44.6786
415 44.6444
425 44.6774
430 44.6551
435 44.6415
440 44.6493
445 44.6425
450 44.0064
455 44.6706
465 44.646
470 44.6614
490 44.3571
495 44.9434
500 44.7398
505 44.6382
510 44.6682
525 43.9684
530 44.6504
535 44.9735
540 44.9809
550 44.6573
560 44.9721
565 43.9951
575 44.0058
580 44.0068
585 44.9951
20 44.747
25 44.7434
30 44.7228
35 45.0785
40 44.7701
45 44.7294
50 44.8325
55 44.4782
60 45.003
65 44.7429
70 44.3984
75 44.4339
80 43.7601
85 45.7187
90 44.7081
95 44.7706
100 45.0479
105 45.042
110 44.4821
115 44.7122
120 44.713
125 44.7407
130 44.6121
135 44.8653
140 44.7535
145 44.7604
150 44.733
155 44.0753
160 45.3516
165 44.7176
170 44.7009
175 44.6739
180 44.7244
185 44.7796
190 44.6929
195 44.7248
200 44.7466
205 44.7213
210 44.7066
215 44.7396
220 44.7103
225 44.7038
230 44.7523
235 44.9915
240 44.3702
245 45.0893
250 44.7469
255 44.7136
260 44.7332
265 44.7197
270 44.721
275 44.7091
280 44.7463
285 44.7122
290 44.7104
295 44.7435
300 44.7256
305 44.7228
310 44.7175
315 44.709
320 44.7608
325 44.753
330 44.7201
335 44.6676
340 44.7539
345 44.7309
350 44.7447
355 44.7299
360 44.0593
365 44.7028
370 44.7371
375 44.7081
380 44.7306
385 44.6861
390 45.0661
395 44.6767
400 44.7039
405 44.7083
410 44.4691
415 45.0453
420 44.7944
425 44.7163
430 44.6994
435 44.3243
440 44.472
445 44.7421
450 44.7273
455 44.7479
460 45.0226
465 44.4171
470 44.7184
475 44.7133
480 44.7379
485 44.0831
490 45.3808
495 44.7727
500 44.7185
505 44.7209
510 44.647
515 44.7987
520 44.755
525 44.7351
530 44.7278
535 44.7856
540 44.7115
545 44.0465
550 44.6665
555 44.7401
560 44.7348
565 44.7428
570 44.7111
575 44.7299
580 44.717
585 44.7448
590 44.7404
595 44.7066
600 44.7413
5 29.6605
10 42.53
15 44.7224
20 44.7291
25 44.6447
30 44.691
35 44.9797
40 44.7062
45 44.0377
50 44.0222
55 44.7038
60 44.7361
65 44.6928
70 44.7143
75 44.6891
80 44.315
85 44.7217
90 44.7006
95 44.6459
100 44.6892
105 44.6953
110 44.7383
115 44.9843
120 44.6977
125 44.6706
130 44.7013
135 44.6976
140 44.6796
145 44.6606
150 44.7587
155 44.7024
160 44.6515
165 44.6809
170 44.6755
175 44.7198
180 44.0167
185 44.698
190 44.6969
195 44.6646
200 44.7041
205 44.668
210 44.6997
215 44.7363
220 44.7151
225 44.7236
230 44.6878
235 44.6699
240 44.7443
245 44.6757
250 44.7089
255 44.7239
260 43.3592
265 44.7452
270 44.6901
275 44.6916
280 44.6671
285 45.0493
290 44.3974
295 44.6852
300 44.7043
305 44.6769
310 44.3052
315 45.0844
320 44.6527
325 44.6955
330 44.7143
335 45.004
340 44.7628
345 44.7053
350 44.6835
355 44.7272
360 44.6435
365 44.7671
370 44.697
375 44.718
380 44.6946
385 44.6997
390 44.6695
395 44.6839
400 44.7038
405 44.7182
410 44.7325
415 44.09
420 44.7383
425 44.7334
430 44.6932
435 44.7048
440 44.7319
445 44.6775
450 44.7086
455 44.0174
460 44.6758
470 45.0152
475 44.0515
480 44.7337
485 43.9183
490 44.7426
495 44.0445
500 44.6815
505 44.6755
510 44.651
515 44.7509
520 44.6944
525 44.7075
530 44.7145
535 44.6546
540 44.9887
545 44.7339
550 44.6849
555 44.7081
560 44.9993
565 43.7075
570 45.3992
575 44.6804
580 44.7133
585 44.0384
590 43.995
595 45.6592
600 44.7252
5 36.5358
10 44.9943
15 44.7146
20 44.0132
25 44.7005
30 44.3435
35 44.7045
40 44.6832
45 43.9963
50 44.7056
55 44.9924
60 44.7099
65 43.9989
70 44.6832
75 44.0214
80 44.7368
85 44.6133
90 44.6694
95 44.6676
100 44.6678
105 44.6553
110 44.1268
115 45.299
120 44.6662
125 44.0075
130 45.0472
135 43.7098
140 44.0195
145 44.6684
150 44.7585
155 44.6234
160 44.7665
165 44.7212
170 44.7243
175 44.6987
180 44.6781
185 44.7007
190 44.6707
195 44.6488
200 44.6963
205 44.6689
210 44.6946
215 44.6927
220 44.7093
225 44.6718
230 44.6781
235 44.6987
240 44.7033
245 44.6817
250 44.7094
255 44.6882
260 44.7041
265 44.6679
270 44.6572
275 44.6809
280 44.7319
285 43.4594
290 45.3939
295 44.746
300 44.6751
305 44.688
310 44.7217
315 44.6758
320 44.655
325 44.7221
330 44.6908
335 44.0713
340 44.0327
345 44.7068
350 44.6954
355 44.6833
360 44.7196
365 44.7349
370 44.6855
375 44.6967
380 44.6754
385 44.7061
390 44.7066
395 44.7014
400 44.6472
405 44.6913
410 44.3037
415 45.0268
420 44.6882
425 44.7442
430 44.6992
435 44.403
440 44.3738
445 45.3488
450 44.708
455 44.7167
460 44.6219
465 44.7762
470 44.7014
475 44.7063
480 44.6536
485 44.6315
490 44.7078
495 44.7022
500 44.7017
505 44.7073
510 44.6802
515 44.6978
520 44.658
525 44.6731
530 44.7698
535 44.696
540 44.6895
545 44.7145
550 44.7076
555 44.6707
560 44.7326
565 44.661
570 44.7127
575 44.7261
580 44.6926
585 44.7072
590 44.6771
595 44.7186
600 44.6912
5 0
10 40.0628
15 45.5008
20 44.7058
25 44.7006
30 44.7103
35 44.6885
40 44.7049
45 44.656
50 44.5824
55 44.7415
60 44.6603
65 44.7599
70 44.6881
75 44.2997
80 44.3796
85 45.2927
90 44.7063
95 44.7125
100 43.3074
105 44.9542
110 45.0761
115 44.7055
120 44.7126
125 44.7115
130 43.9878
135 45.4277
140 45.0085
145 45.007
150 44.6572
155 44.3249
160 44.9873
165 44.7137
170 44.6804
175 44.7041
180 44.3137
185 44.9852
190 44.6943
195 44.6401
200 44.6735
205 44.3504
210 44.9254
215 44.7049
220 44.6596
225 44.696
230 44.7068
235 44.6882
240 44.6995
245 44.6884
250 44.6676
255 44.6087
260 45.0105
265 44.0226
270 44.7593
275 44.7138
280 44.3163
285 44.9477
290 44.7269
295 44.667
300 44.7146
305 44.3471
310 44.9669
315 44.3818
320 45.018
325 44.7127
330 44.3058
335 44.7083
340 45.0279
345 44.6791
350 44.6971
355 44.6894
360 44.6053
365 44.6954
370 44.7284
375 44.6755
380 44.6716
385 45.2247
390 43.7611
395 45.0194
400 44.6564
405 44.6817
410 44.0689
415 45.2751
420 44.6891
425 44.6753
430 44.6628
435 44.3175
440 45
445 44.6869
450 44.6686
455 44.6995
460 44.6288
465 44.7447
470 44.7019
475 44.715
480 44.713
485 44.608
490 44.7039
495 44.6814
500 44.7186
505 44.3509
510 44.6279
515 44.6615
520 44.7399
525 44.6859
530 44.6778
535 44.6059
540 44.7204
545 44.7539
550 44.7294
555 44.2441
560 45.0188
565 44.9735
570 44.7137
575 44.6793
580 44.6447
585 44.9349
590 44.3444
595 44.7965
600 44.6905
20 44.5846
25 42.7765
30 44.9748
35 44.5678
40 44.9134
45 44.604
50 44.6256
55 44.3712
60 44.9048
65 44.6414
70 44.8813
80 44.6126
85 44.8498
90 44.5963
95 44.6024
100 44.6357
105 44.7191
110 44.001
115 44.6161
120 44.6004
125 44.612
140 44.6154
145 44.6302
150 44.6225
155 44.93
160 44.3156
165 43.9327
170 43.9756
180 43.8107
185 44.2417
195 44.6567
210 44.0273
215 43.5444
220 44.6067
225 44.6269
230 44.9754
235 45.1534
240 44.2788
245 44.597
255 44.2577
270 44.6012
275 44.6265
280 44.629
285 44.2299
290 44.9487
295 43.5407
300 44.6427
305 43.9926
310 43.9324
315 45.2962
325 44.6427
330 44.6312
340 45.2252
345 44.595
350 43.9833
355 44.955
360 44.2737
370 44.6313
375 44.6386
395 44.7033
400 44.6379
405 44.6479
410 44.6476
415 44.5885
425 44.6351
430 44.9599
435 44.6277
440 44.2513
455 44.6331
465 43.9924
470 44.665
480 45.1974
485 44.616
490 44.6245
500 44.6268
505 44.6318
510 44.245
515 44.5594
520 44.3186
525 44.6307
530 44.6288
540 44.3266
550 43.929
560 43.9631
565 44.5976
570 44.6826
575 44.8863
580 44.6519
585 44.6464
590 43.9462
595 44.6069
600 44.5863
55 43.4306
60 45.9558
65 45.0133
70 44.6579
75 44.6471
80 44.619
85 44.64
90 44.6871
95 44.6446
100 44.6399
105 44.6549
110 44.6067
115 45.0047
120 44.675
125 44.6666
130 44.6487
135 44.6481
140 43.9882
145 44.6218
150 44.6534
155 43.9754
160 45.2829
165 44.6756
170 44.6862
175 44.7044
180 44.5368
185 44.7326
190 44.6341
195 44.6981
200 44.6934
205 43.9789
210 45.2694
215 44.6827
220 44.6444
225 44.6501
230 44.3344
235 44.3079
240 44.9545
245 44.951
250 44.636
255 44.6304
260 44.7179
265 45.3066
270 44.6522
275 44.6687
280 44.703
285 44.6494
290 43.9657
295 44.6334
300 44.6464
305 44.6518
310 44.685
315 44.5631
320 44.7054
325 44.9906
330 44.6766
335 44.6716
340 44.6466
345 44.6456
350 44.6828
355 44.6863
360 44.6707
365 44.6499
370 45.0114
375 44.673
380 44.6548
385 44.687
390 44.6545
395 44.6617
400 44.6384
405 44.6686
410 44.6628
415 44.6547
420 44.6689
425 44.6389
430 44.6675
435 44.6461
440 44.6378
445 44.6788
450 44.651
455 44.6537
460 44.6346
465 44.6814
470 43.9655
475 44.6891
480 44.6576
485 43.7194
490 45.6807
495 44.645
500 44.609
505 44.6708
510 43.9722
515 45.3536
520 44.6524
525 44.6387
530 44.6694
535 44.3442
540 44.9903
545 44.6735
550 44.6499
555 44.6838
560 44.2975
565 44.9158
570 44.6131
575 44.6045
580 44.6788
585 44.6602
590 44.6448
595 44.6593
600 44.6362
5 43.8761
10 44.6533
15 44.6664
20 44.6767
25 44.6459
30 44.6697
35 43.9628
40 44.6916
45 44.6907
50 44.6752
55 44.0364
60 44.6308
65 44.6561
70 43.9649
75 44.6424
80 44.6793
85 44.6594
90 44.651
95 44.6818
100 44.6531
105 44.6378
110 44.2302
115 45.0042
120 44.647
125 44.6647
130 44.6283
135 44.6464
140 44.6646
145 44.619
150 44.6599
155 44.6269
160 44.0228
165 44.6425
170 44.624
175 44.6821
180 44.7167
185 44.6424
190 44.6703
195 44.654
200 44.6707
205 44.3116
210 44.9986
215 44.6777
220 44.6628
225 44.678
230 43.996
235 44.6223
240 44.6397
245 44.6594
250 44.6374
255 43.8618
260 44.6606
265 44.6503
270 43.9858
275 44.6334
280 44.6373
285 44.6263
290 44.6695
295 43.5463
300 44.3355
305 44.6454
310 44.6803
315 44.964
320 44.6412
325 44.7002
330 44.6722
335 44.9587
340 44.6838
345 44.9462
350 44.6485
355 44.651
360 44.6928
365 44.6714
370 44.6416
375 44.6755
380 44.6661
385 44.6651
390 44.6352
395 44.6667
400 44.6384
405 44.6488
410 44.6787
415 44.6191
420 44.6604
425 44.6332
430 44.6724
435 44.6677
440 43.9707
445 45.3148
450 44.638
455 44.715
460 44.6144
465 44.6543
470 44.6618
475 44.6609
480 44.6721
485 43.9388
490 45.2943
495 44.668
500 44.6301
505 44.6179
510 44.0142
515 45.3229
520 44.6382
525 44.6681
530 44.6536
535 43.9966
540 45.2343
545 44.6775
550 44.6602
555 44.6525
560 44.2712
565 44.9991
570 44.6427
575 44.6565
580 44.6964
585 44.3687
590 44.9242
595 43.9637
600 44.642
5 36.2406
10 43.9956
15 44.6915
20 44.7004
25 44.711
30 44.6979
35 44.761
40 44.7201
45 44.7169
50 44.7229
55 44.7214
60 44.7119
65 44.705
70 44.6967
75 44.7127
80 44.6728
85 44.7425
90 44.6782
95 44.7039
100 44.6684
105 44.6872
110 44.7352
115 44.7011
120 44.696
125 44.6572
130 43.4412
135 44.6838
140 44.9476
145 44.6766
150 44.7334
155 45.2532
160 44.6981
165 44.6917
170 44.6559
175 44.6933
180 44.7097
185 44.6825
190 44.018
195 44.7401
200 44.6676
205 44.0313
210 45.3499
215 44.7489
220 44.6535
225 44.6905
230 44.3922
235 44.9916
240 44.6956
245 44.6876
250 44.7078
255 44.1006
260 45.2117
265 44.7016
270 44.6872
275 44.7194
280 44.6826
285 44.6517
290 44.691
295 44.0526
300 44.7074
305 44.6988
310 44.6899
315 44.702
320 44.7283
325 44.7056
330 44.7232
335 44.1034
340 44.6819
345 44.6772
350 44.7172
355 44.658
360 44.7123
365 44.0199
370 44.6995
375 44.7061
380 44.3577
385 44.9181
390 44.6727
395 44.6901
400 44.7158
405 44.6495
410 44.6651
415 44.6762
420 44.7011
425 44.6636
430 44.7205
435 44.0373
440 45.5805
445 44.374
450 44.674
455 44.6752
460 44.6753
465 44.7263
470 44.7364
475 44.2786
480 44.7192
485 44.7613
490 44.6328
495 44.6812
500 44.7045
505 44.7025
510 44.0541
515 45.302
520 44.9982
525 44.669
530 44.6671
535 44.3344
540 45.0053
545 44.723
550 44.0206
555 45.4175
560 45.1074
565 44.6888
570 44.6984
575 44.7194
580 44.6686
585 44.6913
595 44.6672
600 44.6941
5 43.8818
10 43.9486
15 43.9496
25 44.622
30 44.0389
35 44.6299
40 44.6446
45 44.6359
50 44.6198
55 44.6067
60 44.6284
65 44.6312
70 44.6869
75 44.6104
80 44.6294
85 44.6701
90 44.6377
95 44.6704
100 44.6039
105 44.2901
110 44.5715
115 44.6328
120 44.6808
125 44.6445
130 43.0887
135 45.2927
140 44.5682
145 43.9431
150 44.9406
155 43.9187
160 45.3289
165 44.9881
170 43.7182
175 43.9604
180 44.1877
185 45.0256
190 44.6186
195 44.6207
200 44.5984
205 44.2277
210 44.9703
215 44.6662
220 44.663
225 44.6218
230 44.3063
235 44.9181
240 44.938
245 44.6365
250 44.6158
255 44.5952
260 44.6523
265 44.6721
270 44.6658
275 44.6072
280 44.6199
285 44.9381
290 44.6757
295 44.6248
300 44.6511
305 43.8715
310 44.0728
315 45.2142
320 44.6091
325 44.6055
330 44.6157
335 44.6499
340 44.65
345 44.608
350 44.6529
355 44.6451
360 44.6289
365 43.9583
370 44.6342
380 44.6306
385 44.6347
390 43.9703
395 44.6301
400 44.6323
405 44.659
410 44.6082
415 44.6624
420 44.5654
425 44.6014
430 43.421
435 45.2003
440 45.0167
445 44.6393
450 44.6485
455 44.6334
460 43.664
465 45.6251
470 44.6537
475 44.6226
480 44.6293
485 43.393
490 45.8365
495 43.9792
500 44.6149
505 44.917
510 44.927
515 44.3505
520 44.6412
525 44.6343
530 43.9776
535 43.868
540 44.6331
545 44.6686
550 44.6183
555 44.5956
560 44.6446
565 44.0011
570 44.6846
575 44.6341
580 44.6312
585 44.6374
590 44.5943
595 44.6289
600 44.6291
10 44.0842
15 44.6276
20 44.6956
25 44.7096
30 44.6723
35 44.6441
40 44.6257
45 44.6669
50 44.6777
55 44.739
60 44.6827
65 44.6904
70 44.6925
75 44.7029
80 44.6603
85 44.7141
90 44.7224
95 44.7062
100 44.6508
105 44.3387
110 45.2131
115 44.3335
120 44.7034
125 44.6914
130 44.3698
135 44.4348
140 45.3183
145 44.7095
150 44.6984
155 44.3494
160 44.6098
165 45.0937
170 44.6989
175 44.7021
180 44.6305
185 43.8214
190 45.6404
195 44.6732
200 44.6504
205 43.9822
210 44.421
215 45.6791
220 44.6713
225 44.674
230 44.6866
235 43.7024
240 45.0473
245 44.7015
250 44.0233
255 44.6978
260 45.0453
265 44.3956
270 44.652
275 44.665
280 44.6519
285 44.08
290 45.2321
295 44.6992
300 44.6663
310 44.3633
315 44.9486
320 44.6826
325 44.7005
330 44.6794
335 44.7557
340 44.7008
345 44.981
350 44.4142
355 44.6822
360 44.6834
365 44.6749
370 44.3591
375 44.9402
380 44.6499
385 44.6747
390 44.677
395 44.7301
400 44.6874
405 44.6766
410 44.6744
415 44.6747
420 44.6963
425 44.693
430 44.6732
435 44.6718
440 44.3426
445 45.0643
450 44.6609
455 44.6828
460 44.7004
465 44.9571
470 44.3577
475 44.7049
480 44.6799
485 44.6923
490 45.3097
495 44.0551
500 44.6763
505 44.6961
510 44.6771
515 44.9863
520 44.3196
525 44.7365
530 44.6598
535 44.7162
540 43.992
545 45.4195
550 44.7121
555 44.6647
560 44.0309
565 43.0574
570 45.6173
575 44.6617
580 44.705
585 44.6851
590 43.9885
595 45.403
600 44.6537
5 45.9102
10 44.3903
15 44.6401
20 44.6262
25 44.6476
30 44.6645
35 44.6939
40 43.9796
45 44.673
50 44.6496
55 44.6538
60 44.6636
65 44.6475
70 44.6617
75 44.6906
80 44.0328
85 45.2505
90 44.6748
95 44.6915
100 44.6806
105 44.3001
110 44.9737
115 44.6447
120 44.639
125 43.9834
130 43.3164
135 45.8575
140 44.6556
145 44.6394
150 44.6567
155 44.0506
160 45.2847
165 44.6813
170 44.6831
175 44.748
180 44.2335
185 44.9846
190 44.7136
195 44.6024
200 44.6503
205 43.6449
210 45.5094
215 44.6664
220 44.6717
225 44.6887
230 45.0515
235 44.6606
240 44.646
245 44.6845
250 44.7093
255 44.2166
260 44.4438
265 45.267
270 44.6754
275 44.6472
280 43.124
285 45.2566
290 44.7143
295 44.6447
300 44.7311
305 45.1003
310 44.3916
315 44.024
320 44.692
325 44.6645
330 44.2366
335 44.9386
340 44.6619
345 44.9736
350 44.6514
355 43.9128
360 44.6404
365 44.6565
370 44.6658
375 44.652
380 44.665
385 44.6733
390 44.6707
395 44.6614
400 44.6765
405 43.7918
410 45.9671
415 44.9855
420 44.6718
425 44.6982
430 43.9413
435 44.6963
440 45.2794
445 44.6768
450 44.6751
455 43.9784
460 44.2621
465 45.0646
470 44.6771
475 44.6482
480 44.5986
485 44.6496
490 44.6919
495 44.0029
500 44.6373
505 44.6603
510 44.298
515 44.9806
520 44.6652
525 44.6614
530 44.6393
535 44.2408
540 44.6731
545 44.6317
550 44.6403
555 44.6445
560 44.6584
565 44.6868
570 44.7056
575 44.6513
580 44.6805
585 44.6727
590 44.6686
595 45.0434
600 44.6958
5 36.4559
10 44.0307
15 44.6803
20 44.6951
25 44.685
30 44.6809
35 45.0486
40 44.7106
45 44.6582
50 44.6933
55 44.1146
60 44.0313
65 44.0272
70 44.668
75 44.6881
80 44.7073
85 44.732
90 43.3239
95 44.0143
100 44.6816
105 44.0599
110 44.0107
115 44.9666
120 44.6958
125 44.6939
130 44.0774
135 44.7185
140 44.6921
145 44.6805
150 44.6752
155 44.7065
160 45.0425
165 44.0055
170 44.2995
175 44.7027
180 43.5965
185 45.7225
190 44.7173
195 44.663
200 44.74
205 43.3058
210 45.3858
215 44.9994
225 44.7119
230 44.9912
235 44.4312
240 44.0039
245 44.712
250 44.6872
255 44.3594
260 45.0522
265 44.7076
270 44.7183
275 44.0097
280 44.6961
285 44.7039
290 44.7225
295 44.0624
300 44.0047
305 44.7141
310 44.7168
315 44.997
320 44.6974
325 44.7156
330 44.7227
335 44.6552
340 44.6939
345 44.728
350 44.7302
355 44.739
360 44.9711
365 44.7008
370 44.0097
375 44.6896
380 44.7383
385 44.7099
390 44.6884
395 45.0102
400 44.6827
405 44.737
410 44.7659
415 44.724
420 44.6657
425 44.667
430 44.6993
435 44.4183
440 45.0142
445 44.0546
450 44.7287
455 44.6772
460 44.3587
465 44.6176
470 45.0202
475 45.0055
480 44.6993
485 43.7233
490 45.6717
495 44.0491
500 44.0019
505 44.661
510 44.0141
520 44.7044
525 44.0379
530 44.0243
535 44.3527
540 44.9991
545 44.7311
550 44.7
555 44.72
560 44.6641
565 44.7097
570 44.6831
575 44.69
580 44.689
585 44.6888
590 45.0034
595 44.0179
600 44.7372
5 36.4433
10 44.0192
15 44.655
20 44.6452
25 44.6878
30 44.6417
35 44.6811
40 44.661
45 44.6465
50 44.6353
55 44.6341
60 44.6221
65 44.2695
70 44.6039
75 44.6283
80 44.6104
85 44.6621
90 44.614
95 43.9633
100 44.6247
105 44.6278
110 44.6339
115 44.6264
120 44.6373
125 44.6492
130 44.6229
135 43.9652
140 44.6277
145 44.6597
150 44.6481
155 43.9586
160 44.6887
165 45.1751
170 44.645
175 44.5955
180 44.312
185 44.9754
190 44.6056
195 44.666
200 44.6546
205 43.6302
210 45.5658
215 44.6667
220 44.646
225 43.9519
230 44.0152
235 45.3019
240 44.6695
245 44.6518
250 44.6515
255 43.9772
260 45.3194
265 44.6477
270 44.6433
275 43.2726
280 44.5411
285 44.7435
290 44.6634
295 44.6241
300 44.6493
305 44.6556
310 44.6711
315 44.635
320 44.6771
325 44.6584
330 44.9628
335 44.6379
340 44.6317
345 44.6411
350 44.6316
355 44.6068
360 44.5739
365 44.638
370 44.6101
375 44.9303
380 44.6496
385 44.6523
390 44.6708
395 44.6444
400 44.991
405 44.6348
410 44.6674
415 44.6781
420 44.6398
425 44.6459
430 44.6448
435 44.651
440 44.6446
445 44.6384
450 44.9535
455 44.6292
460 44.6302
465 44.6234
470 44.6455
475 44.6706
480 44.6297
485 44.979
490 44.3142
495 44.6528
500 44.9857
505 44.6224
510 44.9837
515 44.3287
520 44.6343
525 44.6193
530 43.9861
535 44.3582
540 44.9872
545 43.9639
550 44.6771
555 44.6293
560 44.0665
565 45.2622
570 44.6291
575 44.6413
580 44.6592
585 44.2447
590 45.3271
595 44.6059
600 44.6407
5 45.1233
10 44.6354
15 44.6818
20 44.6816
25 45.0113
30 44.617
35 44.6683
40 44.7019
45 44.6681
50 44.664
55 43.9829
60 45.3138
65 44.6869
70 44.661
75 44.6401
80 44.3129
85 44.6322
90 44.6495
95 44.6895
100 44.6776
105 44.6549
110 44.3027
115 44.6931
120 44.6541
125 44.6729
130 44.6365
135 44.0856
140 45.2822
145 44.6766
150 44.6594
155 44.661
160 44.6598
165 44.6598
170 44.6383
175 44.6371
180 44.6606
185 44.6435
190 44.6637
195 44.656
200 44.624
205 44.6461
210 44.6542
215 44.6425
220 44.6463
225 44.6421
230 44.6722
235 44.6285
240 44.6439
245 44.6312
250 44.6294
255 44.6217
260 44.6618
265 44.6766
270 44.6772
275 44.6664
280 44.6443
285 43.9733
290 45.2494
295 44.6818
300 44.9834
305 44.6634
310 43.9866
315 45.3125
320 44.6114
325 44.6773
330 44.6382
335 44.9352
340 44.3659
345 44.649
350 44.6655
355 44.6453
360 44.2651
365 45.0135
370 44.6909
375 43.8741
380 44.7084
385 44.3032
390 44.95
395 44.6383
400 44.6516
405 45.003
410 44.677
415 44.0624
420 44.6731
425 44.6518
430 44.0289
435 44.6532
440 44.7343
445 44.9094
450 44.6404
455 44.6819
460 45.0413
465 44.0538
470 44.6355
475 44.6657
480 44.6601
485 43.8892
490 44.6946
495 43.9494
500 45.2705
505 44.6504
510 44.6698
515 44.0481
520 44.6992
525 44.6759
530 44.6537
535 44.6263
540 44.7044
545 44.6615
550 44.6404
555 43.5768
560 44.9451
565 44.705
570 44.6814
575 44.6872
580 44.6586
585 44.6791
590 44.9867
595 44.6671
600 44.6133
15 44.4116
20 44.6914
25 44.6998
30 44.6945
35 44.6964
40 44.6741
45 44.7238
50 44.6886
55 44.734
60 44.7209
65 44.6558
70 44.6886
75 44.6749
80 44.714
85 44.0122
90 44.6792
95 44.6513
100 44.6742
105 44.6158
110 44.6885
115 44.6869
120 44.7134
125 44.6316
130 44.6986
135 44.0617
140 45.2854
145 44.6961
150 44.6937
155 44.6774
160 44.0367
165 44.6732
170 44.7069
175 44.7024
180 44.6909
185 44.0518
190 45.2153
195 44.7073
200 44.6714
205 44.7195
210 44.6703
215 44.9324
220 44.6954
225 44.6799
230 44.6972
235 44.6895
240 44.663
245 44.7327
250 44.6822
255 44.6931
260 44.7009
265 44.7337
270 44.666
275 44.6755
280 44.7123
285 44.6723
290 44.7047
295 44.6805
300 44.7103
305 44.6987
310 44.6838
315 44.6584
320 44.6488
325 44.7171
330 44.6915
335 44.6415
340 44.674
345 44.6821
350 44.6833
355 44.6589
360 44.666
365 44.6478
370 44.7016
375 44.6602
380 44.7117
385 43.9505
390 44.7198
395 44.6953
400 44.7006
405 44.7085
410 44.6316
415 44.715
420 44.6876
425 44.7069
430 44.6501
435 44.6771
440 44.1199
445 45.2651
450 44.6905
455 44.7218
460 44.7063
465 44.3495
470 44.9659
475 44.686
480 44.677
485 44.6973
490 44.4216
495 44.9689
500 44.6937
505 44.731
510 44.6538
515 44.6792
520 44.6774
525 44.6851
530 44.6808
535 44.7104
540 44.7124
545 44.6654
550 44.6893
555 44.627
560 44.9783
565 44.6658
570 44.7027
575 44.6983
580 44.6921
585 44.6761
590 44.6811
595 44.6534
600 44.6686
5 29.941
10 42.1003
15 44.6029
20 44.6144
25 44.618
30 44.6376
35 44.6564
40 44.5985
45 44.6313
50 44.643
55 44.6266
60 44.5925
65 44.6193
70 44.6272
75 44.634
80 44.5605
85 44.6468
90 44.6398
95 44.6181
100 44.6626
105 44.6371
110 44.6053
115 44.665
120 44.632
125 44.6448
130 44.6142
135 44.3203
140 44.9323
145 44.6143
150 44.5619
155 44.5995
160 44.6504
165 44.7067
170 44.6647
175 44.6134
180 44.6604
185 44.3318
190 44.9605
195 44.6359
200 44.6056
205 44.6347
210 44.2701
215 44.2676
220 44.6123
225 44.6291
230 44.6386
235 45.1661
240 44.1089
245 44.6239
250 44.6235
255 44.6463
260 43.9442
265 45.2347
270 44.6035
275 44.6503
280 44.6321
285 44.6368
290 44.6142
295 44.6579
300 44.6487
305 44.6209
310 44.6103
315 44.6163
320 44.6412
325 44.5814
330 44.65
335 44.3223
340 44.8776
345 44.6241
350 44.6056
355 44.6338
360 44.6096
365 44.6348
370 44.6484
375 44.6207
380 44.6315
385 44.6041
390 44.5992
395 44.6163
400 44.6167
405 41.1235
410 47.2965
415 44.6357
420 45.0064
425 44.6086
430 44.6313
435 44.6491
440 44.2736
445 44.949
450 44.6522
455 44.6369
460 44.6242
465 44.6049
470 44.6179
475 44.6293
480 44.623
485 44.6612
490 44.3404
495 44.9589
500 44.6382
505 44.625
510 43.9567
515 44.9368
520 45.2917
525 44.6291
530 44.6401
535 44.6349
540 44.0459
545 45.2075
550 44.6187
555 44.694
560 44.6565
565 44.3388
570 44.9132
575 44.6373
580 44.6279
585 44.9424
590 44.707
595 44.8571
600 44.6118
5 43.1447
10 44.6891
20 44.6726
25 44.7055
30 44.6734
35 44.0001
40 44.6456
45 44.6902
50 44.6977
55 44.359
60 45.0339
65 44.6834
70 44.7176
75 44.7382
80 44.6513
85 44.6869
90 44.7017
95 44.6673
100 44.6492
105 43.971
110 44.7148
115 44.724
120 44.6638
125 44.7338
130 44.6851
135 44.6777
140 44.6748
145 44.7013
150 44.6974
155 44.7301
160 44.7467
165 44.717
170 44.6714
175 44.6937
180 44.6847
185 44.7382
190 44.68
195 44.6802
200 44.6693
205 44.6482
210 44.083
215 44.693
220 44.6857
225 44.6952
230 44.735
235 44.7429
240 44.6982
245 44.708
250 44.7078
255 44.6619
260 44.0674
265 45.2825
270 44.6763
275 44.7302
280 44.6997
285 44.0343
290 45.3753
295 44.6981
300 44.7483
305 44.6961
310 43.9551
315 45.3805
320 44.6955
325 44.7138
330 44.0501
335 44.0299
340 44.7666
345 44.712
350 44.7175
355 44.7241
360 43.3337
365 45.3044
370 44.7062
375 45.0024
380 44.7296
385 44.6399
390 44.1064
395 44.6944
400 44.6948
405 44.6933
410 44.6895
415 44.7071
420 44.7478
425 44.6961
430 44.7135
435 44.6913
440 44.1231
445 45.2678
450 44.6954
455 44.6915
460 44.6926
465 44.4046
470 45.027
475 44.0343
480 44.7067
485 44.6937
490 44.6558
495 44.7313
500 44.6859
505 44.995
510 44.7018
515 44.1087
520 44.6956
525 44.7348
530 44.6717
535 44.6614
540 44.4587
545 45.0182
550 44.7063
555 44.7091
560 44.7594
565 44.4108
570 45.0345
575 44.6634
580 44.6897
585 43.9446
590 45.2249
595 44.753
600 44.7096
5 34.7346
10 44.6944
15 44.6417
20 44.6272
25 44.6506
30 44.7039
35 44.6273
40 44.5989
45 44.6534
50 44.6487
55 44.6518
60 44.6375
65 44.9736
70 44.7117
75 44.5778
80 44.3745
85 44.9958
90 44.5984
95 44.6175
100 44.5992
105 43.9885
110 44.6313
115 44.6866
120 44.6508
125 44.6073
130 44.358
135 44.2316
140 44.6256
145 44.6483
150 44.6495
155 43.6841
160 45.5267
165 44.5828
170 44.655
175 44.6253
180 43.9551
185 45.1352
190 44.6441
195 44.5786
200 44.6317
205 44.5235
210 44.9192
215 44.6181
220 44.6214
225 44.2207
230 44.6115
235 44.6147
240 44.6654
245 44.6258
250 44.6411
255 44.2873
260 44.9202
265 44.2464
270 44.9023
275 44.6176
280 44.5057
285 44.7178
290 44.6188
295 44.5975
300 44.5986
305 43.8966
310 45.2623
315 44.6291
320 44.649
325 44.6186
330 43.0993
335 45.2208
340 44.6302
345 44.5974
350 44.6297
355 43.1171
360 45.7911
365 44.6347
370 44.6499
375 44.6509
380 44.5904
385 44.5849
390 44.2296
395 44.5799
400 44.6298
405 43.8082
410 45.2627
415 44.6309
420 44.585
425 44.675
430 44.527
435 44.0522
440 44.6286
445 44.5989
450 44.6115
455 44.623
460 44.5624
465 44.6664
470 43.9734
475 44.6099
480 44.0755
485 43.8573
490 44.5921
495 44.6111
500 44.6202
505 44.2485
510 45.0003
515 44.6468
520 44.6258
525 44.6238
530 44.657
535 44.6446
540 44.6182
545 44.6101
550 44.6276
555 44.6665
560 43.9692
565 45.2387
570 44.6245
575 44.6372
580 42.8702
585 44.9294
590 44.9684
595 44.6286
600 44.608
10 43.7766
15 44.7077
20 44.6616
25 44.665
30 44.6725
35 44.6729
40 44.6794
45 44.708
50 44.6826
55 44.7145
60 44.66
65 44.6812
70 44.6627
75 44.6587
80 44.7011
85 44.6569
90 44.679
95 44.6488
100 43.9745
105 44.0351
110 45.2459
115 44.674
120 44.686
125 44.6511
130 44.6219
135 44.3699
140 44.6519
145 44.6768
150 44.6837
155 44.6321
160 44.6875
165 44.7112
170 44.6648
175 44.6622
180 44.6458
185 44.6499
190 44.6702
195 44.7106
200 44.6302
205 45.0175
210 44.628
215 44.662
220 44.6917
225 44.6661
230 44.6377
235 44.6459
240 44.6732
245 44.6585
250 43.3023
255 46.0685
260 44.677
265 44.6981
270 44.6953
275 44.6714
280 44.6604
285 44.6696
290 44.6775
295 44.6251
300 44.6841
305 45.3354
310 44.0225
315 44.6621
320 44.6677
325 44.7029
330 45.3082
335 44.0957
340 44.6752
350 44.6655
355 44.6721
360 44.6234
365 44.7025
370 44.6552
375 44.6903
385 44.0061
390 45.2657
395 44.6583
400 44.6484
405 44.6627
410 44.3423
415 44.3647
420 44.6745
425 44.6118
430 44.6737
435 44.3473
440 44.9392
445 44.6859
450 44.6785
455 44.6831
460 44.6437
465 44.6449
470 44.6438
475 44.6689
480 44.722
485 44.6973
490 44.6536
495 44.6995
500 44.6291
505 44.6669
510 44.6967
515 44.6782
520 44.6558
525 44.6655
530 44.6656
535 44.6544
540 44.6648
545 44.6672
550 44.6702
555 44.669
560 44.6328
565 44.6775
570 44.678
575 44.6297
580 44.0136
585 45.2971
590 44.6417
595 44.6768
600 44.6832
5 44.7601
10 44.7608
15 44.7633
20 44.7668
25 44.7984
30 44.1157
35 45.4011
40 44.7678
45 44.7717
50 44.7959
55 44.4808
60 45.0495
65 44.7769
70 45.0552
75 44.4894
80 44.7936
85 44.7401
90 45.0351
95 45.0469
100 44.7754
105 45.093
110 44.1302
115 44.1108
120 44.7706
125 45.0388
130 45.1372
135 44.7482
140 44.7767
145 44.7848
150 44.8017
155 44.8515
160 44.7917
165 44.7389
170 44.7984
175 44.754
180 44.7852
185 45.0595
190 44.7864
195 44.7694
200 44.7726
205 44.7501
210 44.763
215 44.7365
220 44.7509
225 44.7355
230 44.8034
235 44.2199
240 45.4638
245 44.7798
250 44.7794
255 44.7912
260 44.461
265 45.0869
270 44.7257
275 44.775
280 44.7572
285 44.4705
290 44.417
295 45.1035
300 44.8624
305 44.7671
310 44.1359
315 45.4196
320 44.7814
325 44.7594
330 45.1015
335 44.1003
340 45.3704
345 44.097
350 44.7629
355 44.8358
360 44.2173
365 45.3305
370 44.7421
375 44.7515
380 44.7519
385 44.8035
390 44.7501
395 44.7723
400 43.3836
405 45.3665
410 44.7422
415 44.7864
420 44.1048
425 44.7595
430 44.7905
435 44.7659
440 44.7517
445 45.0716
450 44.7572
455 44.7878
460 44.7944
465 44.7463
470 44.8243
475 44.7936
480 44.7865
485 44.7847
490 44.2371
495 45.3881
500 44.7628
505 44.7849
510 44.111
515 45.0834
520 45.373
525 44.7579
530 44.773
535 44.7351
540 44.4209
545 45.4077
550 44.7941
555 44.8099
560 44.7796
565 44.183
570 45.3607
575 44.7702
580 44.7417
585 44.7584
590 44.4976
595 45.363
600 44.7621
20 44.7826
30 44.0689
35 45.4235
45 44.7573
60 45.4806
65 44.8229
70 44.8087
75 44.7615
80 45.0914
90 45.0777
95 44.1276
105 44.6801
115 45.1147
130 44.4205
135 44.4399
140 44.7849
145 44.7799
150 44.7544
155 44.7405
160 45.7071
170 44.8371
175 44.7781
180 44.7711
190 44.8036
195 44.7631
225 44.8328
230 44.7776
235 44.7566
240 44.1123
245 44.1251
250 45.4327
255 44.7782
265 44.0471
275 44.0874
285 44.2062
290 44.8123
320 44.1077
325 44.7951
330 44.7874
335 44.1111
345 44.7567
350 44.7965
355 44.76
365 45.062
370 44.7819
385 44.7605
395 44.8089
410 44.4782
420 45.0808
430 45.1202
440 46.1739
445 44.8105
455 44.7161
470 44.7567
475 44.7399
480 44.8135
495 44.7693
500 44.7729
525 44.498
545 44.7994
555 44.7734
560 44.8465
570 45.0637
575 44.8051
580 44.7691
595 44.8413
600 44.3849
5 0
10 44.4081
15 44.6958
20 44.7013
25 44.6826
30 44.6891
35 44.0344
40 44.7523
45 44.6717
50 44.7633
55 44.9463
60 44.6773
65 44.005
70 44.6784
75 44.6755
80 44.7082
85 44.6704
90 44.6792
95 44.6903
100 44.6747
105 44.6955
110 44.6654
115 44.041
120 44.0175
125 44.6578
130 44.6985
135 44.7292
140 44.648
145 44.7035
150 44.7
155 44.3582
160 44.9857
165 44.6597
170 44.6592
175 44.7032
180 44.3056
185 45.0392
190 44.6931
195 44.7203
200 44.6951
205 44.362
210 44.9368
215 44.6823
220 44.0063
225 44.6935
230 44.634
235 44.779
240 44.7252
245 43.9807
250 44.6889
255 43.928
260 44.0766
265 44.6911
270 44.6715
275 44.6872
280 44.6966
285 44.6169
290 44.6868
300 44.6501
305 44.6754
310 44.6629
315 44.6808
320 44.6654
325 44.0052
330 44.6798
335 44.7239
340 44.023
345 43.9923
350 44.6864
355 44.7616
360 44.4509
365 45.0083
370 44.7417
375 44.6663
380 44.3639
385 44.9603
390 44.7218
395 44.7129
400 44.6919
405 44.6945
410 44.4373
415 45.0029
420 44.7053
425 44.6644
430 44.6807
435 43.7416
440 45.6516
445 44.7256
450 44.6943
455 44.6991
460 44.2938
465 44.9655
470 44.0478
475 44.7017
480 44.6805
485 44.7031
490 44.964
495 44.6956
500 44.7268
505 44.7006
510 44.5981
515 44.721
520 44.7043
525 44.6634
530 44.6765
535 44.4053
540 44.9579
545 43.9951
550 44.6671
555 44.6516
560 44.7038
565 44.7223
570 44.6643
575 44.0562
580 44.9888
585 44.659
590 44.7375
595 44.7317
600 44.701
125 44.9786
130 44.6589
135 44.1305
140 44.6999
145 44.6673
150 44.6861
155 44.6786
160 44.6889
165 44.7011
170 44.6671
175 44.6885
180 44.6873
185 44.9797
190 44.6712
195 44.3798
200 44.9933
205 44.6723
210 44.7125
215 44.6769
220 44.698
225 44.7327
230 44.6568
235 44.705
240 44.7123
245 44.7087
250 44.6893
255 44.6691
260 44.7256
265 44.6599
270 44.7071
275 44.6574
280 44.6786
285 44.3434
290 45.2825
295 44.7302
300 44.6787
305 44.6971
310 44.6871
315 44.6948
320 44.7024
325 44.6679
330 44.7037
335 44.3274
340 45.0528
345 44.685
350 44.6996
355 45.3667
360 43.4616
365 45.3606
370 44.6869
375 44.0345
380 44.7223
385 44.3656
390 44.9621
395 44.6842
400 44.721
405 44.6924
410 44.7604
415 44.7025
420 44.6722
425 44.7446
430 43.3239
435 44.6961
440 44.3432
445 44.9965
450 44.6742
455 44.6982
460 43.9022
465 44.7148
470 44.6731
475 44.7246
480 44.6901
485 44.7001
490 44.714
495 44.7105
500 44.6971
505 44.2946
510 43.9349
515 44.6813
520 44.6809
525 44.0223
530 44.7383
535 43.9671
540 44.7659
545 44.6791
550 44.6977
555 44.7139
560 44.699
565 44.6897
570 44.676
575 44.7007
580 44.7436
585 44.6523
590 44.0921
595 45.4071
600 44.0523
5 0
10 43.3461
15 44.6732
20 44.6964
25 44.6858
30 44.6645
35 44.666
40 44.6642
45 44.6759
50 44.6933
55 44.6986
60 44.6702
65 44.6971
70 44.6993
75 44.677
80 44.0018
85 45.313
90 44.7149
95 44.6854
100 44.6496
105 44.0691
110 45.3864
115 44.6879
120 44.272
125 44.6744
130 44.3551
135 45.0022
140 44.7163
145 44.6659
150 44.6805
155 44.0162
160 45.5718
165 44.6706
170 44.6299
175 44.666
180 44.0082
185 45.2956
190 44.7078
195 44.6586
200 44.6837
205 44.5868
210 45.0531
215 44.7081
220 44.6449
225 44.7116
230 44.3477
235 44.3178
240 44.6925
245 44.6481
250 44.6956
255 43.8688
260 44.6843
265 44.7235
270 44.6537
275 44.6387
280 44.6611
285 44.6596
290 44.6485
295 44.6312
300 44.6642
305 44.6942
310 44.6869
315 43.9539
320 44.658
325 44.7091
330 43.9449
335 44.6823
340 44.6393
345 44.6542
350 44.6442
355 44.7029
360 44.7184
365 44.0126
370 43.9894
375 44.6478
380 44.7192
385 44.6749
390 44.6582
395 44.6657
400 44.7359
405 44.6388
410 44.6631
415 44.6343
420 44.6965
425 44.7394
430 44.9923
435 44.3588
440 44.2874
445 44.9692
450 44.6642
455 44.7516
460 44.6809
465 44.6848
470 45.0388
475 43.9684
480 45.0562
485 43.6533
490 45.3116
495 44.659
500 44.6196
505 45.0142
510 43.0033
515 45.3117
520 44.6887
525 44.65
530 45.0495
535 43.7377
540 45.2307
545 44.6986
550 44.676
555 44.6549
560 44.3595
565 44.9298
570 44.6858
575 44.6939
580 44.3035
585 44.6488
590 44.6727
595 44.6722
600 44.6266
10 44.323
15 45.0809
20 44.7302
25 44.7533
30 44.7761
35 44.7569
40 44.7893
45 44.7657
50 44.732
55 44.7758
60 44.7105
65 44.7602
70 44.7972
75 44.1214
80 44.3869
85 45.1557
90 44.7773
95 44.7654
100 44.7542
105 45.0648
110 44.3778
115 44.7911
120 44.7674
125 44.7548
130 45.6287
135 43.8609
140 44.7989
145 44.7579
150 44.8036
155 44.6899
160 44.8401
165 44.786
170 45.0923
175 44.7353
180 44.4927
185 45.0311
190 44.7787
195 44.7772
200 44.7378
205 44.0832
210 45.5241
215 44.7347
220 44.1116
225 45.3527
230 44.0949
235 45.3659
240 44.7535
245 44.7743
250 44.7477
255 44.4216
260 45.0614
265 44.7639
270 44.7101
275 44.8399
280 44.7397
285 44.7937
290 45.1037
300 44.7998
305 44.7434
310 44.7322
315 44.7507
320 44.7725
325 44.7527
330 44.773
335 44.8061
340 44.7759
345 44.7689
350 44.7824
355 44.7313
360 44.3418
365 44.7741
370 44.7703
375 44.7405
380 44.7424
385 44.7588
390 44.7861
395 44.7132
400 44.7807
405 44.7985
410 44.7125
415 44.804
420 44.78
425 44.7207
430 44.7876
435 43.8204
440 45.1353
445 44.7746
450 44.8463
455 44.8037
460 44.1406
465 45.5022
470 44.7634
475 44.7756
480 44.0763
485 43.778
490 45.7918
495 44.8107
500 44.8092
505 44.7891
510 43.557
515 46.095
520 44.7724
525 44.7505
530 44.7797
535 44.7329
540 44.7752
545 44.7594
550 44.0831
555 44.7636
560 44.3687
565 45.1424
570 44.7503
575 44.758
580 44.7261
585 44.3637
590 45.1805
595 44.7688
600 44.7373
5 36.0367
10 44.6368
15 44.6481
20 43.9553
25 44.6933
30 44.6861
35 44.6339
40 44.6344
45 44.6291
50 44.6584
55 44.6546
60 44.6612
65 43.2438
70 44.6026
75 44.6078
80 44.0456
85 44.6567
90 44.6372
95 44.6315
100 43.998
105 44.6495
110 44.6542
115 44.633
120 44.6506
125 44.6569
130 44.6342
135 44.6199
140 44.6435
145 44.6576
150 44.66
155 44.6387
160 44.6256
165 44.6373
170 44.6079
175 44.2794
180 44.9236
185 44.6655
190 44.6663
195 44.6585
200 44.6664
205 44.2949
210 44.9723
215 44.6217
220 44.6213
225 44.6357
230 44.6587
235 44.6191
240 44.6279
245 44.6572
250 44.6591
255 43.9928
260 45.2334
265 44.6494
270 44.6824
275 44.6284
280 43.5713
285 45.6487
290 44.0247
295 44.6298
300 44.6279
305 43.5847
310 44.9939
315 44.6441
320 44.6504
325 44.9351
330 44.344
335 44.9416
340 44.6847
345 44.6737
350 44.626
355 44.3035
360 44.9103
365 44.661
370 44.6603
375 44.6947
380 44.6548
385 44.6408
390 44.6597
395 44.6078
400 44.658
405 44.6484
410 44.6573
415 44.6483
420 44.6774
425 44.6982
430 44.6581
435 44.2933
440 44.9301
445 44.0132
450 44.6125
455 44.676
460 44.6487
465 44.6727
470 44.6652
475 44.6642
480 45.0393
485 44.3371
490 44.6416
495 44.6179
500 44.6474
505 45.0519
510 44.371
515 44.6674
520 44.6375
525 44.6646
530 44.6698
535 45.1029
540 44.2844
545 44.6839
550 44.6599
555 44.6505
560 43.6682
565 45.6408
570 44.676
575 44.5978
580 44.7134
585 43.6856
590 45.5762
595 44.6554
600 44.6213
5 42.713
10 43.1358
15 41.7231
20 43.5566
25 44.6241
30 42.3856
35 45.4242
40 44.1529
45 42.6007
50 44.1337
55 43.4875
60 45.1008
65 44.8217
70 44.7723
75 44.772
80 43.5378
85 45.5917
90 44.7334
95 44.7526
100 44.7483
105 44.0334
110 45.5951
115 44.7122
120 44.746
125 44.7814
130 44.0381
135 45.2968
140 44.7184
145 44.7684
150 44.768
155 43.9468
160 45.3313
165 44.7451
170 44.741
175 44.7183
180 44.3836
185 44.9989
190 44.8202
200 44.7459
205 43.3752
210 45.0763
215 44.7538
220 44.0713
225 44.7519
230 44.7071
235 44.7885
240 44.7718
245 44.7219
250 44.7375
255 44.3717
260 44.8032
265 45.0608
270 44.7159
275 44.7885
280 44.7557
285 44.2215
290 45.0337
295 44.744
300 44.3418
305 45.0152
310 44.2339
315 45.3608
325 44.7527
330 43.965
335 45.5255
345 44.705
350 44.0905
355 44.7271
360 43.6619
365 45.0109
370 44.747
375 44.7759
380 44.7384
385 44.417
390 45.0673
395 44.7585
400 44.7463
405 44.7309
410 44.0187
415 44.7436
420 44.0528
425 44.7686
430 44.7617
435 44.7549
440 44.7368
445 44.7565
450 44.7066
455 44.7069
460 44.7518
465 44.7411
470 44.7324
475 44.7132
480 44.7409
485 44.6892
490 44.7264
495 44.7498
500 44.7249
505 44.7575
510 44.3299
515 44.7757
520 44.7554
525 44.7997
530 44.0562
535 44.7278
540 43.7983
545 45.0328
550 44.7792
555 44.7611
560 44.0646
565 44.1794
570 45.3456
575 44.7328
580 44.7268
585 44.0414
590 43.7787
595 45.0547
600 44.7222
5 44.3257
10 44.3611
15 43.9982
20 44.6938
25 44.6926
30 44.6682
35 44.0951
40 44.7031
45 44.7414
50 44.724
55 44.6981
60 44.7497
65 44.726
70 44.7268
75 44.7341
80 43.9829
85 44.6923
90 44.7073
95 44.7188
100 44.7474
105 43.9623
110 44.6902
115 44.7461
120 44.7028
125 45.0244
130 44.6721
135 44.7341
140 44.7201
145 44.6989
150 44.7514
155 44.7423
160 44.0568
165 44.0323
170 44.7323
175 44.0577
180 44.7116
185 44.7822
190 44.6859
195 44.0314
200 44.754
205 44.7364
210 44.7372
215 44.6425
220 44.0766
225 44.0259
230 45.4042
235 44.7335
240 44.6867
245 45.0702
250 44.7529
255 44.7325
260 44.3131
265 45.0257
270 44.7221
275 44.7633
280 44.6849
285 44.3962
290 45.0319
295 44.0069
300 44.6922
305 44.7567
310 44.3617
315 44.336
320 44.7113
325 44.6765
330 44.6787
335 44.7245
340 44.7535
345 44.7152
350 44.7082
355 44.726
360 44.7251
365 44.7221
370 44.7073
375 44.6967
380 44.024
385 44.7255
390 44.7074
395 44.7221
400 44.6971
405 44.7272
410 44.6883
415 44.6812
420 44.7387
425 44.7264
430 44.7241
435 44.7326
440 44.6888
445 44.7258
450 44.7347
455 44.6782
460 44.701
465 44.7328
470 44.6356
475 44.6914
480 44.6911
485 44.6964
490 44.7486
495 44.0648
500 44.7263
505 44.7191
510 44.7002
515 44.718
520 44.7411
525 44.6832
530 44.6731
535 44.0169
535 45.0402
545 44.4725
550 44.7351
555 44.9881
560 44.6998
560 44.0656
570 45.0285
575 44.7039
580 44.6836
585 45.0284
590 44.0421
595 44.9953
600 44.6739
5 44.6836
10 44.69
15 44.7183
20 44.6775
25 44.7102
30 44.7159
35 44.6669
40 44.7529
45 44.696
50 45.0553
55 44.7065
60 44.6736
65 44.6387
70 44.0063
75 44.3805
80 44.9916
85 44.7173
90 44.6667
95 44.6974
100 44.688
105 44.9359
110 43.6978
115 45.3032
120 44.6999
125 44.6864
130 44.6866
135 44.7063
140 45.0072
145 44.6554
150 44.3324
155 44.6296
160 44.974
165 44.736
170 44.6765
175 44.6759
180 44.3605
185 45.0896
190 44.701
195 44.6756
200 44.7102
205 44.3524
210 45.0151
215 44.7084
220 44.6578
225 44.6481
230 43.4371
235 46.0016
240 44.6921
245 44.6735
250 43.9993
255 44.2495
260 45.0971
265 44.6543
270 44.7266
275 44.6499
280 44.3906
285 44.322
290 45.2746
295 44.6401
300 44.7346
305 44.2943
310 45.0433
315 44.6596
320 44.1065
325 44.6864
330 44.0763
335 45.2671
340 44.6376
345 44.0032
350 44.6571
355 44.0516
360 45.2319
365 44.698
370 44.7365
375 44.6412
380 44.6511
385 44.7753
390 44.7132
395 44.6872
400 44.6643
405 44.613
410 44.9471
415 44.7171
420 44.7212
425 44.6646
430 44.6741
435 44.7516
440 45.0447
445 44.7173
450 44.6869
455 44.3194
460 44.6707
465 44.9646
470 44.6618
475 44.6651
480 44.3759
485 44.9622
490 44.6323
495 44.7497
500 44.6843
505 44.7095
510 44.4235
515 44.9627
520 44.7447
525 44.7085
530 44.6581
535 44.0992
540 45.3578
545 44.7417
550 44.6585
555 44.7095
560 44.0802
565 45.4166
570 44.6695
575 44.6748
580 44.6787
585 43.7309
590 45.0048
595 44.6954
600 44.7079
10 42.5971
15 44.6628
20 44.6325
25 44.6223
30 44.3115
35 44.9981
40 44.6197
45 44.6542
50 44.6388
55 44.2904
60 45.0111
65 44.641
70 44.6287
75 44.6428
80 44.3306
85 44.92
90 44.6526
95 44.6432
100 44.6743
105 43.8363
110 44.046
115 44.608
120 44.6207
125 44.6462
130 43.8474
135 45.3135
140 44.2185
145 44.6261
150 44.6306
155 43.5698
160 45.4761
165 44.6014
170 44.6305
175 44.6207
180 44.6371
185 44.6162
190 44.6364
195 44.9273
200 44.5865
205 44.2691
210 44.8613
215 44.6192
220 44.6454
225 44.6235
235 44.6536
240 44.6172
245 44.6086
250 44.6282
255 44.2083
260 44.979
265 44.6504
270 44.6547
275 44.6543
280 43.8496
285 44.082
290 45.9627
295 44.5777
300 44.619
305 44.6464
310 44.0472
315 45.3292
320 44.6307
325 44.6379
330 44.6031
335 44.0228
340 45.2647
345 44.6158
350 44.6177
355 44.6261
360 43.6634
365 44.949
370 44.6197
375 44.6108
380 44.6168
385 44.6124
390 44.697
395 44.6246
400 44.6126
405 44.6433
410 44.5241
415 44.696
420 44.6516
425 44.6057
430 44.6032
435 44.5984
440 44.6476
445 44.6313
450 44.6329
455 44.6212
460 44.6438
465 44.6406
470 44.5973
475 44.6367
480 44.6393
485 44.6144
490 44.6263
495 44.6284
500 44.6436
505 44.6281
510 44.6207
515 44.626
520 44.6127
525 44.5963
530 44.608
535 43.9859
540 45.221
545 44.5743
550 44.6131
555 44.626
560 44.6176
565 44.0226
570 45.3689
575 44.6732
580 44.6195
585 44.6036
590 43.9948
595 45.2512
600 44.6228
5 38.6737
10 41.7838
15 45.0287
20 44.7292
25 44.6802
30 44.9826
35 44.3324
40 44.7552
45 44.7488
50 44.685
55 44.1015
60 44.649
65 44.7173
70 44.699
75 45.0852
80 43.3269
85 45.5334
90 44.7107
95 44.6934
100 44.6975
105 43.6458
110 45.5904
115 44.7469
120 44.7277
125 44.6984
130 44.6918
135 45.0229
140 44.6853
145 44.6582
150 44.6949
155 43.7286
160 45.0086
165 44.6996
170 44.7421
175 44.679
180 43.74
185 45.3089
190 44.7069
195 44.7118
200 44.7067
205 44.0686
210 45.2632
215 44.6793
220 44.7012
225 44.6733
230 44.3101
235 44.4357
240 44.6805
245 44.7235
250 44.7262
255 43.3594
260 45.8508
265 44.724
270 44.7161
275 44.7025
280 43.1678
285 45.2547
290 44.7021
295 44.9659
300 44.6785
305 44.3306
310 44.3938
315 44.6886
320 44.6546
325 44.0223
330 44.3309
335 45.0386
340 44.6824
345 45.0781
350 44.4065
355 44.3031
360 44.9738
365 44.7261
370 44.7068
375 44.6942
380 43.9855
385 45.2821
390 44.693
395 44.705
400 44.6995
405 44.3485
410 45.4931
415 44.3275
420 44.7217
425 44.0259
430 44.6992
435 45.0754
440 43.6326
445 44.7259
450 44.7004
455 43.9697
460 44.9718
465 44.9977
470 44.6888
475 44.7114
480 44.6111
485 45.3371
490 44.3133
495 44.9854
500 44.7231
505 44.6847
510 44.6428
515 44.7398
520 44.6518
525 43.9956
530 44.6479
535 44.0565
540 45.3772
545 44.7122
550 44.701
555 44.7178
560 43.3277
565 45.248
570 44.6604
575 44.6652
580 44.6818
585 44.3711
590 45.0217
595 45.0612
600 44.7233
125 44.6454
130 44.7081
135 43.995
140 44.646
145 44.6788
150 44.6838
155 45.0239
160 44.6455
165 44.6493
170 44.6638
175 45.3372
180 44.0791
185 44.6849
190 44.6785
195 44.6774
200 44.67
205 44.7034
210 44.7033
215 44.6604
220 44.6895
225 44.3006
230 43.9714
235 44.6604
240 44.6936
245 44.6604
250 44.6908
255 44.334
260 44.9985
265 44.6532
270 44.6476
275 44.6735
280 44.0532
285 45.2933
290 44.6736
295 44.668
300 44.6354
305 44.0728
310 45.2156
315 44.6733
320 44.7059
325 44.9883
330 44.3509
335 44.9427
340 44.6631
345 44.7059
350 44.6912
355 44.6796
360 44.6936
365 44.6904
370 44.6636
375 44.6698
380 44.6672
385 44.6638
390 44.6574
395 44.0153
400 44.6463
405 45.2828
410 44.0506
415 44.6438
420 44.618
425 44.0357
430 45.2353
435 44.1099
440 44.641
445 44.6864
450 44.6627
455 45.2514
460 44.1228
465 44.6323
470 44.6606
475 44.6753
480 45.2896
485 44.0798
490 43.9886
495 44.6565
500 44.644
505 44.6615
510 44.5989
515 44.7527
520 44.6692
525 44.6307
530 44.6613
535 43.9022
540 45.3671
545 44.6459
550 44.673
555 44.6491
560 43.9693
565 45.3288
570 44.6278
575 44.6359
580 44.6812
585 44.2686
590 44.9835
595 44.6497
600 44.69
5 0
10 42.0083
15 45.5371
20 43.1126
25 44.5798
30 43.929
35 45.2936
40 44.5823
45 44.5629
50 45.2191
55 44.2291
60 44.8416
65 44.5699
70 44.6088
75 44.5696
80 43.2164
85 45.813
90 44.5765
95 44.6133
100 44.5882
105 44.6337
110 44.8365
115 44.6316
120 44.601
125 44.6054
130 44.8991
135 44.5886
140 44.6087
145 44.578
150 44.5281
155 43.0124
160 45.2557
165 44.5591
170 44.5493
175 44.5822
180 43.8549
185 45.1258
190 44.6164
195 43.8431
200 45.1947
205 44.5566
210 44.5724
215 44.7087
220 43.911
225 44.6266
230 43.843
235 45.1085
240 44.6506
245 44.5789
250 44.6363
255 44.5192
260 44.0679
265 45.2771
270 44.5991
275 44.6023
280 44.1745
285 44.8846
290 44.6182
295 44.6111
300 44.5453
305 44.171
310 44.6232
315 45.2612
320 44.5865
325 44.5564
330 44.55
335 44.3167
340 44.9332
345 44.5718
350 44.5553
355 44.5737
360 43.6122
365 45.2623
370 44.5272
375 44.552
380 44.592
385 43.385
390 45.9462
395 44.6109
400 44.647
405 44.6081
410 44.1913
415 45.2525
420 44.594
425 44.5997
430 44.5758
435 44.4865
440 44.5822
445 44.6013
450 44.6036
455 44.6265
460 44.5465
465 43.9032
470 45.1726
475 43.8996
480 44.582
485 44.5198
490 44.5659
495 44.6298
500 44.6024
505 44.5925
510 43.939
515 43.8842
520 44.6769
525 44.2542
530 44.8817
535 44.575
540 43.9439
545 45.3083
550 44.5805
555 44.5943
560 44.5894
565 44.5803
570 44.5648
575 44.5778
580 44.6041
585 44.5981
590 44.5766
595 44.5867
600 44.5887
10 44.7399
15 44.0982
20 44.0342
25 44.735
30 44.3675
35 44.3997
40 44.7182
45 44.7032
50 44.64
55 44.7598
60 43.9993
65 44.7415
70 44.7125
75 44.9844
80 44.4202
85 44.3719
90 44.047
95 44.6964
100 44.7095
105 44.3831
110 45.0103
115 44.69
120 44.6913
125 45.0348
130 44.2902
135 45.0973
140 44.7068
145 44.7398
150 44.0454
155 44.4231
160 44.9628
165 44.7391
170 44.7098
175 44.712
180 44.7227
185 44.1252
190 44.7224
195 44.7661
200 44.3143
205 44.7223
210 44.7011
215 44.7252
220 44.7642
225 44.0816
230 45.0736
235 44.9976
240 44.7151
245 44.7204
250 44.0332
255 44.7345
260 44.6811
265 44.7692
270 44.7197
275 44.6752
280 43.9929
285 44.6855
290 44.7565
295 44.7135
300 44.722
305 44.6973
310 44.7528
315 44.7085
320 44.006
325 44.6772
330 43.9485
335 44.7042
340 44.0236
345 44.7181
350 44.7319
355 44.6443
360 44.7362
365 44.7208
370 44.7131
375 44.7037
380 45.0172
385 44.6519
390 44.7617
395 44.7305
400 44.6939
405 44.7088
410 44.0386
415 44.7755
420 44.0688
425 44.6802
430 44.7075
435 44.3029
440 44.4931
445 45.3212
450 44.6861
455 44.6772
460 45.0433
465 44.7066
470 44.7332
475 44.7384
480 44.7338
485 44.2933
490 45.0768
495 44.7296
500 44.7382
505 45.0059
510 44.0586
515 45.2903
520 44.715
525 44.7074
530 44.713
535 44.6598
540 44.7302
545 44.7122
550 44.7031
555 44.6891
560 44.7495
565 44.6832
570 44.7004
575 44.7154
580 44.711
585 44.7098
590 44.7643
595 44.6898
600 44.7038
5 44.6848
10 44.6801
15 43.988
20 44.6343
25 44.6458
30 44.6291
35 44.6545
40 44.6463
45 44.6711
50 44.6648
55 44.6909
60 44.6499
65 44.6373
70 44.6785
75 44.64
80 43.7177
85 45.5746
90 44.6601
95 44.6645
100 44.6583
105 44.2604
110 44.99
115 44.6508
120 44.9588
125 44.662
130 44.354
135 44.9389
140 44.683
145 44.6812
150 44.6966
155 43.7148
160 44.9014
165 44.6555
170 44.6644
175 44.7228
180 44.0291
185 44.6323
190 43.9681
195 44.6581
200 44.6484
205 44.27
210 44.9345
215 44.5997
220 44.6758
225 44.6962
230 44.6735
235 44.6554
240 44.6155
245 43.9995
250 44.6277
255 44.2566
260 44.8814
265 44.6934
270 44.6797
275 44.007
280 44.6412
285 44.659
290 44.6546
295 44.6501
300 44.6606
305 44.6899
310 44.6783
315 44.6137
320 44.6044
325 44.6345
330 44.6663
335 44.6357
340 44.6243
345 44.6296
350 44.6463
355 44.6692
360 44.6841
365 44.6602
370 44.6438
375 44.6011
380 44.6975
385 44.6597
390 44.6379
395 44.6312
400 44.65
405 44.677
410 44.6682
415 44.7167
420 44.664
425 44.6713
430 44.6198
435 44.3416
440 44.9713
445 44.6382
450 44.6328
455 44.6608
460 44.3522
465 45.002
470 44.6987
475 44.6364
480 44.6609
485 44.2582
490 45.0277
495 44.6433
500 44.6665
505 44.6433
510 44.3153
515 44.9646
520 44.6409
525 43.9484
530 45.296
535 44.6376
540 44.6694
545 45.0088
550 44.6151
560 44.6152
565 44.6537
570 44.7188
575 44.6586
580 44.6546
585 44.6639
590 44.6438
595 44.6591
600 44.6728
25 45.7346
30 44.6774
35 45.3361
40 44.9633
45 44.7102
50 44.695
55 44.3493
60 45.0329
65 44.6899
70 44.7132
75 44.699
80 44.6418
85 44.6547
90 44.6687
95 43.9872
100 44.6671
105 44.0692
110 45.3112
115 44.6946
120 44.6739
125 44.6539
130 44.7065
135 44.6499
140 44.7012
145 44.6828
150 44.6829
155 44.2764
160 45.0379
165 44.6827
170 44.6847
175 44.6838
180 44.0125
185 44.6858
190 44.7166
195 44.9772
205 44.3224
210 44.3853
215 44.6605
220 44.6804
225 44.7036
230 44.6348
235 44.7236
240 44.6928
245 44.666
250 44.6893
255 44.7593
260 44.6866
265 44.6415
270 44.6559
275 44.6654
280 44.2869
285 45.0176
290 44.6371
295 44.6791
300 44.6702
305 43.9399
310 44.6905
315 44.6777
320 44.6618
325 44.685
330 44.7015
335 44.7444
340 44.6633
345 44.6976
350 44.6973
355 44.6692
360 44.0607
365 44.7104
370 44.3507
375 44.993
380 44.6603
385 44.6934
390 44.6828
395 44.6748
400 44.2655
405 44.998
410 44.6828
415 44.6926
420 44.684
425 44.6974
430 44.6638
435 44.0302
440 45.333
445 44.6861
450 44.6486
455 44.6332
460 43.6507
465 44.9857
470 44.0209
475 44.6566
480 44.6762
485 44.0686
490 45.2027
495 44.6635
500 44.6522
505 44.707
510 44.6498
515 44.6839
520 44.7134
525 44.6617
530 44.7006
535 44.6961
540 44.7106
545 44.7005
550 44.683
555 44.9825
560 44.6662
565 44.652
570 44.6872
575 44.6704
580 43.9695
585 45.3387
590 44.0962
595 44.6756
600 44.9735
20 36.3874
25 47.5408
30 44.6271
35 44.6702
40 44.6941
45 44.6778
50 44.6985
55 44.6288
60 43.9809
65 44.6856
70 44.6624
75 44.6759
80 44.9297
85 44.0002
90 44.6752
95 44.6549
100 44.6681
105 44.3617
110 44.934
115 43.9853
120 44.6409
125 44.64
130 44.6478
135 44.6634
140 44.6351
145 44.6765
150 44.7161
155 44.6833
160 44.9763
165 44.6618
170 44.697
175 44.6476
180 44.3691
185 44.9764
190 44.6582
195 44.6589
200 44.664
205 44.2646
210 45.0604
215 44.6802
220 44.6733
225 44.6305
230 44.7302
235 44.6332
240 44.6468
245 44.6458
250 44.6579
255 43.2898
260 45.2637
265 43.9754
270 44.6608
275 44.6583
280 44.6638
285 44.6775
290 44.6409
295 44.6452
300 44.6522
305 44.68
310 44.6289
315 44.6783
320 44.6749
325 44.6241
330 44.6516
335 44.6878
340 44.659
345 44.6187
350 44.6669
355 44.6448
365 44.9589
370 44.7019
375 44.6899
380 43.3185
385 45.2574
390 44.6822
395 44.645
400 44.6503
405 44.7396
410 44.3229
415 45.3111
420 44.6396
425 44.6194
430 44.7099
435 44.3248
440 44.992
445 44.6687
450 44.6699
455 44.6663
460 44.6086
465 44.7237
470 44.6468
475 44.7097
480 44.6354
485 44.1185
490 45.3007
495 44.677
500 44.6593
505 44.664
510 43.9207
515 45.4054
520 43.9748
525 44.652
530 44.6819
535 43.9914
540 45.6631
545 43.9992
550 44.6898
555 44.6504
560 44.2374
565 45.0007
570 44.6141
575 44.692
580 44.6678
585 44.6122
590 44.7656
595 44.0236
600 44.6352
10 30.06
15 44.4024
20 45.3897
25 44.7696
30 44.7698
35 43.4125
40 45.9111
45 44.7737
50 44.7798
55 44.8181
60 43.7268
65 45.6323
75 44.7941
80 44.4397
85 45.0465
90 44.7805
95 44.7961
100 44.8041
105 44.7681
110 44.7082
115 44.7945
120 44.7688
125 44.7481
130 44.7374
135 43.5374
140 45.9622
145 44.7698
150 44.7733
155 44.7654
160 44.7807
165 44.7675
170 44.0894
175 44.7672
180 44.7865
185 43.4961
190 45.8823
195 44.7618
200 44.7749
205 44.7826
210 45.6131
215 43.9082
220 44.7922
225 44.7567
230 44.7552
235 44.4439
240 45.0629
245 44.7931
250 44.773
255 44.7462
260 43.7957
265 45.6488
270 44.7703
275 44.7576
280 44.7536
285 43.8188
290 45.5793
295 44.7509
300 44.7337
305 44.802
310 44.203
315 45.409
320 44.7179
325 44.7419
330 44.4119
335 43.8097
340 45.9936
345 44.7328
350 44.7505
355 44.7578
360 43.3713
365 45.3345
370 44.7912
375 44.7747
380 44.1092
385 43.8292
390 45.6386
395 45.0527
400 44.7298
405 44.7453
410 43.9064
415 45.9448
420 44.742
425 44.7699
430 44.742
435 43.6757
440 45.0855
445 44.7611
450 44.7657
455 44.7613
460 44.3154
465 45.0936
470 44.7811
475 44.7473
480 44.7576
485 44.3071
490 45.3288
495 44.7306
500 44.7608
505 45.0145
510 44.768
515 44.7529
520 44.7506
525 44.3899
530 45.0451
535 44.3724
540 45.0076
545 44.8121
550 44.6838
555 44.7789
560 44.8005
565 44.7332
570 44.7482
575 44.7518
580 44.7479
585 44.012
590 45.3306
595 44.7555
600 44.7578
5 44.6073
10 44.6061
15 44.6149
20 44.629
25 44.6234
30 44.5997
35 44.5841
40 44.5682
45 43.9555
50 44.6222
55 44.6407
60 44.6479
65 43.9671
70 44.6065
75 44.602
80 43.9694
85 45.226
90 44.6362
95 44.6872
100 44.6227
105 43.5418
110 44.3175
115 44.636
120 44.6262
125 44.6204
130 44.2415
135 44.9485
140 44.6148
145 44.621
150 44.6191
155 44.0069
160 45.1882
165 44.6415
170 44.6314
175 44.6135
180 44.6505
185 44.6324
190 44.5964
195 44.6209
200 44.6201
205 44.6256
210 44.6382
215 44.6381
220 44.6242
225 44.6364
230 44.5777
235 44.6083
240 44.6143
245 44.604
250 44.6257
255 44.6266
260 44.6157
265 44.6214
270 44.6205
275 44.62
280 44.6267
285 44.6072
290 44.5859
295 44.6053
300 44.6076
305 44.611
310 44.6333
315 44.6296
320 44.6499
325 44.625
330 44.6509
335 44.6384
340 44.5976
345 44.613
350 44.5894
355 44.5841
360 44.6238
365 44.6165
370 44.6349
375 44.6336
385 44.6068
390 44.5926
395 44.6197
400 44.6601
405 44.6849
410 43.9427
415 45.2052
420 44.6172
425 44.6083
430 44.6367
435 44.2898
440 44.9096
445 44.6295
450 44.6098
455 44.6427
460 44.0048
465 45.1864
470 44.6395
475 44.6663
480 44.6308
485 44.5882
490 44.6759
495 44.624
500 44.9081
505 44.6241
510 44.5932
515 44.565
520 44.5823
525 44.6226
530 44.6103
535 44.6148
540 44.6262
545 44.6524
550 44.6219
555 44.6205
560 44.6413
565 44.6139
570 44.6793
575 44.6313
580 44.6211
585 44.6111
590 44.5922
595 44.6286
600 44.6106
125 44.7093
130 43.2583
135 45.2775
140 44.6434
145 44.6294
150 44.6634
155 44.2685
160 45.0242
165 44.6909
170 44.6398
175 44.6757
180 44.6014
185 45.0152
190 44.6626
195 44.6502
200 44.6387
205 44.3192
210 44.9634
215 44.6312
220 44.6998
225 44.6567
230 44.6063
235 44.7024
240 44.6579
245 44.6391
250 44.6528
255 44.6556
260 44.2909
265 44.6263
270 44.6584
275 44.6541
280 44.6477
285 44.6556
290 44.6124
295 43.9939
300 44.667
305 44.67
310 44.8951
315 44.6767
320 44.6909
325 44.6782
330 44.69
335 44.6865
340 44.6321
345 44.7106
350 44.6832
355 44.9393
360 44.0395
365 44.6528
370 43.9768
375 44.6727
380 44.6471
385 44.6973
390 44.7181
400 44.9583
405 44.6732
410 44.0882
415 45.2939
420 44.6348
425 44.6725
430 44.6984
435 44.6905
440 44.7191
445 44.6512
450 44.6156
455 44.6618
460 44.2955
465 45.0317
470 43.9858
475 44.6137
480 44.6216
485 44.3262
490 44.9895
495 44.6672
500 44.9679
505 44.6674
510 44.2541
515 45.073
520 44.6231
525 44.7037
530 44.6962
535 44.2885
540 44.9088
545 44.6857
550 44.6523
555 44.7049
560 44.6627
565 44.6491
570 44.6925
575 44.6579
580 44.6728
585 44.6531
590 44.6909
595 44.6514
600 44.6616
5 44.624
10 44.6203
15 44.6594
20 44.0356
25 43.9276
30 44.6696
35 44.6608
40 44.6365
45 44.6365
50 44.6611
55 44.6753
60 44.6752
65 44.674
70 44.9677
75 44.0113
80 45.3059
85 44.6656
90 44.6767
95 44.6376
100 44.6687
105 44.6283
110 44.677
115 44.6456
120 44.667
125 44.6643
130 44.3305
135 44.9771
140 44.6803
145 44.6415
150 44.6231
155 43.7169
160 45.6254
165 44.0221
170 44.6833
175 44.7367
180 44.3427
185 45.0528
190 44.6221
195 44.6018
200 44.6646
205 43.7022
210 45.939
215 44.6481
220 44.6609
225 44.642
230 44.2244
235 44.3793
240 44.6454
245 44.6765
250 44.6763
255 44.2938
260 45.0192
265 44.6585
270 44.6903
275 44.7185
280 43.9955
285 45.2704
290 44.62
295 44.656
300 44.6474
305 44.0241
310 45.4905
315 44.6525
320 44.6417
325 44.6647
330 44.6644
335 44.6516
340 44.7152
345 44.6767
350 44.7043
355 44.6575
360 44.6471
365 44.7028
370 44.6583
375 44.6693
380 44.6699
385 44.6507
390 44.6598
395 44.6288
400 44.6862
405 44.2854
410 44.5796
415 44.6874
420 44.6386
425 44.6733
430 43.9669
435 44.7131
440 45.3872
445 44.6236
450 44.9775
455 43.979
460 45.2698
465 44.7225
470 44.6823
475 44.679
480 44.0097
485 44.0399
490 45.3591
495 44.6462
500 44.6768
505 43.2916
510 44.6808
515 45.3068
520 44.6541
525 44.6477
530 44.7079
535 44.0911
540 45.3314
545 44.6485
550 44.727
555 44.6347
560 43.6735
565 45.6743
570 44.6841
575 44.6747
580 44.6876
585 43.751
590 45.5649
595 44.7184
600 43.9577
