5 34.379
10 31.5001
15 31.2743
20 31.0999
25 31.3334
35 31.2443
40 31.3189
45 31.3516
50 31.4854
60 31.221
65 31.1598
70 31.2884
75 31.3324
80 31.5204
85 31.7049
90 31.2751
95 31.4513
100 31.4571
110 31.7601
115 31.5676
120 31.6286
125 31.2472
130 31.6389
135 31.1019
140 31.4587
145 31.5387
150 31.4715
155 31.5296
160 31.0189
165 31.3338
170 31.5578
175 31.3006
180 31.8711
185 30.9346
190 31.5325
195 31.2268
200 31.8536
205 31.5844
210 31.2428
215 31.2285
220 31.4685
225 31.1233
230 31.0391
240 31.4472
245 31.2287
250 31.1378
255 31.2329
260 31.6192
265 31.2869
270 31.4339
275 31.4639
280 31.5457
285 31.2753
290 31.3346
295 31.3229
300 31.8025
305 31.6723
310 31.2379
315 31.3576
325 31.1634
330 31.663
335 31.0831
340 31.147
345 31.4685
350 31.7369
355 31.318
375 31.3546
380 31.784
390 31.5847
395 31.263
400 31.486
405 31.3685
410 31.6109
415 31.0814
420 31.351
430 31.1335
435 31.5565
440 31.5003
445 31.7151
450 31.4559
455 31.6371
460 31.3657
465 31.7435
470 31.2953
475 32.0362
480 31.2163
485 31.8032
495 31.3438
500 31.4352
505 31.319
510 31.208
515 31.149
520 31.37
525 31.6837
535 31.8666
540 31.3703
545 31.3903
550 31.1105
560 31.6118
565 31.0113
570 31.4316
575 31.4804
580 31.2862
585 31.3064
590 31.7796
595 31.3515
600 30.9916
5 31.5012
15 31.0526
20 31.0915
25 31.3612
35 31.2799
40 31.4543
45 31.5715
50 31.224
55 31.7756
60 30.997
65 31.7367
70 31.2358
75 31.5982
80 31.431
85 31.6132
90 30.8443
95 31.2346
100 31.4239
105 31.6411
110 31.154
115 31.0127
120 31.111
125 31.2756
130 31.3377
135 31.0252
140 31.4254
145 31.6644
150 31.225
155 31.0254
160 31.1789
165 31.3959
170 31.2345
175 31.0467
180 31.2493
185 31.7066
190 31.341
195 31.2273
200 31.2099
205 31.037
210 31.2403
215 31.5577
220 31.1901
225 31.0358
230 31.415
235 31.4069
240 31.5496
245 32.0677
250 31.6147
255 31.5882
260 31.32
265 30.9801
270 31.3968
280 31.1966
285 31.6371
290 31.193
295 31.1846
300 31.2722
305 31.1966
310 31.1475
315 31.1628
320 31.5742
330 31.3792
335 31.4998
340 30.7221
345 31.233
350 31.4531
355 31.3946
360 31.5525
365 31.0969
370 31.1909
375 31.4301
380 31.03
385 31.5263
390 30.9058
395 31.2465
405 31.5059
410 31.4251
415 30.9575
420 31.2266
425 31.2217
430 31.2024
435 31.3889
440 31.2323
445 31.2581
450 31.5393
455 31.0929
460 31.0693
465 31.3185
470 31.5256
475 31.048
480 31.3966
485 31.0021
490 31.3904
495 31.6743
500 31.2675
505 31.2517
510 31.1865
515 31.2365
520 31.0257
530 31.6073
535 31.7002
540 31.1492
545 31.3027
550 31.0374
555 31.4113
560 31.606
565 31.5668
570 31.0064
580 31.1472
585 31.5754
590 31.9234
595 30.9185
600 31.2512
5 32.069
10 31.2467
20 31.3865
25 31.337
30 31.3856
35 31.1703
40 31.392
45 31.2133
50 31.1934
55 31.3135
60 31.582
70 31.5395
75 31.3443
80 31.2158
95 31.2172
100 31.193
105 31.2008
120 30.7642
125 31.2353
130 31.183
135 31.3609
145 31.1932
150 31.3426
155 31.2505
160 31.4887
165 31.3836
170 31.1662
175 31.3515
180 31.1936
185 31.188
190 31.4336
195 30.9927
200 31.3658
205 31.4161
210 31.178
215 31.5995
220 31.1785
225 31.328
230 31.3532
235 31.222
240 31.3781
245 31.1544
250 31.1873
255 31.2074
260 31.1982
270 31.1155
280 31.5495
285 31.2198
290 31.4053
295 30.9611
300 31.2319
305 31.1998
310 31.2668
320 31.197
325 31.3722
330 31.1944
335 31.1987
340 31.0903
350 31.196
355 31.1134
360 31.3667
375 31.2058
380 31.4691
400 31.0294
405 31.3725
410 31.1826
425 31.1755
430 31.206
435 31.5432
440 31.3957
450 31.2648
455 31.2026
460 31.3288
465 31.3661
475 31.06
480 31.3544
485 31.1989
490 31.2184
500 31.3409
505 31.16
510 31.2349
515 31.1708
520 31.6413
525 30.9705
530 31.0519
535 31.2338
540 31.1586
545 31.4299
550 31.1613
555 31.2232
560 31.2378
565 31.2334
575 31.1361
580 31.2628
585 31.5082
590 31.2348
595 31.538
600 30.992
5 31.7396
10 31.2126
15 31.1247
20 31.273
25 31.1561
30 31.4906
35 30.9582
40 31.1213
45 31.1064
50 31.4463
55 31.2308
60 31.1537
65 31.1663
70 31.1467
75 31.1292
80 31.4485
85 31.0249
90 31.329
95 31.1177
100 31.424
105 30.9518
110 31.4321
115 30.9379
120 31.1085
125 31.266
130 31.2911
135 31.1133
140 31.0989
145 31.134
150 31.0448
155 31.1274
160 31.0153
165 31.2613
170 31.2309
180 31.4777
185 31.1201
190 31.2521
195 31.1522
200 31.1684
205 31.4267
210 30.9458
215 31.1235
220 31.356
225 30.8532
230 31.4666
235 31.2817
240 30.9787
245 31.0907
250 31.451
255 31.3356
260 31.1156
265 31.1518
270 31.3146
275 31.609
280 31.2848
285 31.1658
290 30.9313
295 31.4782
300 31.2772
305 31.4579
310 31.5396
320 31.1478
325 31.7968
330 31.1106
335 31.4029
345 31.1677
350 31.1387
360 31.3799
365 31.0189
370 31.1101
375 31.3217
380 31.3059
385 31.3486
390 31.4528
395 31.2066
400 31.1155
405 31.5733
410 30.8596
415 31.2698
420 31.4358
425 31.2362
430 31.1198
435 31.4369
440 31.3546
445 31.2931
450 31.6482
455 31.464
460 31.8415
465 31.1595
470 31.2721
475 31.1893
480 31.3961
485 31.1479
490 31.4277
495 31.1043
500 31.3415
505 31.1298
510 31.113
515 31.4466
520 31.815
525 31.2785
530 31.252
535 31.2798
540 31.2469
545 31.1456
550 31.155
555 31.3136
560 31.6951
565 31.6949
570 31.414
575 31.2705
580 31.2603
585 31.4205
590 31.5817
595 31.279
600 31.3483
5 31.3565
10 31.0964
15 31.2979
20 31.3021
25 31.4279
30 31.3327
35 31.1223
40 31.0844
45 31.1303
50 31.6192
55 31.1654
60 31.0885
65 31.0753
70 31.2761
75 31.3065
80 31.231
85 31.2493
90 31.3577
95 31.2819
100 31.144
105 31.3251
110 30.9844
115 31.1905
120 31.2749
125 31.0969
130 31.3311
140 30.9274
145 31.3017
150 31.1564
155 31.166
160 31.4047
165 31.0528
170 31.1392
180 32.4075
185 33.9971
190 34.1604
195 34.2134
200 34.1306
205 34.1655
215 30.8536
220 31.4631
225 31.181
240 30.7593
245 31.4754
250 30.9922
255 31.3414
270 31.0474
275 31.1171
280 31.2758
285 31.1584
290 31.1123
295 30.9992
300 31.3413
305 32.0821
315 34.2792
320 34.3319
325 34.5144
330 33.7403
335 34.4735
340 34.2796
350 34.2085
355 34.1485
360 34.7781
365 34.0388
375 34.2288
380 34.2842
390 34.1272
400 33.9039
405 34.3974
415 34.2468
420 34.0205
430 34.9308
435 34.1948
440 34.3822
450 33.8512
455 34.1865
460 34.2347
465 34.1579
475 34.0792
480 34.6675
485 34.2113
490 34.6985
495 34.5107
500 34.6597
510 34.25
525 34.5712
530 34.1805
535 33.9756
545 33.9795
550 34.1061
560 34.4218
565 34.4051
570 34.4917
575 33.9557
580 34.242
585 34.1973
595 34.14
5 33.3269
10 32.1361
15 31.3106
20 31.5882
25 31.5191
35 31.8045
40 31.1452
45 31.7078
50 31.7417
55 31.5493
60 31.3297
65 31.7628
70 31.8608
75 31.3127
80 31.588
85 31.2356
90 31.3494
95 31.6803
100 31.7442
105 31.3669
110 31.3719
115 31.3122
120 31.2911
125 31.5101
130 31.1923
135 31.5608
145 31.3907
150 31.3825
155 31.5091
160 31.6226
165 31.8265
170 31.3966
175 31.6499
180 31.223
185 31.7784
190 31.4998
195 31.2668
200 31.1377
205 31.9969
215 31.777
220 31.4753
225 31.2273
230 31.4024
235 31.5778
240 31.523
245 30.9078
250 31.7596
255 31.7121
260 31.1825
265 31.5993
270 31.5328
275 31.5569
280 31.7467
285 31.5618
290 31.4615
295 31.1587
305 31.751
310 31.8922
320 31.6316
325 31.3523
330 31.3754
335 31.3768
340 31.8923
345 31.0691
350 31.7855
355 31.3533
360 31.1672
365 32.2064
370 31.3445
375 31.5504
380 31.7595
385 31.2289
390 31.6188
395 31.4198
400 31.2147
405 31.6793
410 31.5563
415 31.3863
420 31.5903
425 31.4749
430 31.4199
435 31.3714
440 31.5486
445 31.2985
450 31.2479
455 31.5964
460 31.3452
465 31.3117
470 31.3936
475 31.7928
480 31.1838
485 31.3923
490 31.6029
495 31.495
500 31.2339
505 31.773
510 31.5546
515 31.4036
520 31.6706
525 31.1269
530 31.3901
535 31.355
545 31.9105
550 31.127
555 31.5888
560 31.9798
565 31.6226
570 31.9386
575 31.1092
585 31.2364
590 31.6168
595 31.8465
600 31.1261
5 31.4516
10 31.1907
15 31.2792
20 31.1382
25 31.3008
30 31.221
35 31.0385
40 31.3122
45 31.4002
50 30.972
55 31.158
60 31.1786
65 31.2816
70 31.475
75 31.1185
80 31.5623
85 30.7998
90 31.0927
95 31.4315
100 31.0774
105 30.9901
110 31.1235
115 31.2854
120 31.0637
125 31.1095
130 31.1165
135 31.3801
140 31.0265
145 31.0801
155 31.1719
160 31.2153
165 31.5724
170 31.0377
175 31.2556
180 31.0919
185 31.4937
190 31.2364
195 31.228
200 31.3332
205 30.9488
210 31.3191
215 30.8887
220 31.1161
225 31.3397
230 30.9378
235 31.2023
240 30.9835
245 31.1082
250 31.0954
255 31.2551
260 31.2013
265 30.919
270 31.1376
275 31.1382
285 31.2072
290 30.9389
295 31.08
300 31.1285
310 31.0826
315 31.1303
320 30.9545
325 31.0923
330 31.1428
335 31.2166
340 30.9746
345 31.3117
350 31.1078
355 31.2749
360 31.1967
365 30.9899
370 31.1095
375 31.1849
380 30.8854
385 31.1802
390 31.0773
395 31.1284
400 31.2609
405 31.1031
410 31.054
415 31.0879
420 31.0897
425 31.1054
430 31.2356
435 30.9937
440 31.2602
445 30.9353
450 31.082
460 31.1143
465 31.2232
470 31.231
475 31.4394
480 31.123
485 31.1009
490 31.306
495 30.9142
500 31.147
505 31.0921
510 31.0824
515 31.2157
520 31.0318
525 31.1864
530 30.9981
535 31.2733
540 31.4358
545 31.0699
550 31.2602
555 31.2136
560 31.0263
565 31.3743
570 30.9695
575 31.1021
585 31.0239
590 31.2501
595 30.9987
600 31.0939
5 31.1546
10 31.6606
15 30.995
20 31.7112
25 31.4611
30 31.7551
35 31.8376
40 31.6843
45 31.6621
50 31.3201
55 31.706
60 31.1254
70 31.6602
75 31.5609
80 32.2554
85 31.3148
90 31.1675
95 31.4733
100 31.8204
105 31.7401
110 31.7477
115 31.5931
130 31.2167
135 31.2369
140 31.3945
145 31.345
150 31.229
155 31.1965
160 31.3454
170 31.7298
175 31.5457
180 30.9405
185 32.1676
190 31.4786
195 31.6273
200 31.3634
205 31.3929
210 31.2977
215 31.7387
225 31.57
230 31.9442
235 31.4684
240 31.5556
245 31.5291
250 31.5797
255 31.5146
260 31.5454
265 31.7112
270 31.5328
275 31.3415
280 31.7944
285 31.2263
290 31.3252
295 31.3476
300 31.7616
305 31.3872
310 31.7303
315 31.361
320 31.525
325 31.6517
330 31.6053
335 31.7817
340 31.1959
345 31.3537
350 31.4825
360 31.6333
365 31.1591
370 31.701
375 31.9762
385 31.6891
390 31.0911
395 31.3455
405 31.1489
410 31.5625
415 30.9595
420 31.1643
425 31.1739
430 31.3556
435 31.4054
440 31.4469
445 31.3941
450 31.4746
455 31.7481
465 31.1242
470 31.5073
475 31.661
480 31.9358
490 31.3024
495 31.7871
500 31.5658
505 31.2842
510 31.4122
515 31.2945
520 32.1724
525 31.4649
530 31.3359
535 31.5231
540 31.6603
545 31.3836
550 31.1671
555 31.5057
560 31.5338
565 31.2992
570 31.5387
575 31.1788
580 31.364
585 31.1555
590 31.7551
595 30.9665
600 31.4813
5 31.6401
10 31.1715
15 31.7522
20 31.3059
25 31.3623
30 31.9093
35 31.4117
40 31.1708
45 31.7547
50 31.2018
55 31.5602
60 30.7381
65 32.2059
70 31.7609
75 31.5292
80 31.0527
85 31.301
90 31.0371
95 31.3741
100 31.1931
105 31.6852
110 30.8481
115 31.4189
120 31.3065
125 31.5833
130 31.2477
135 31.4161
140 30.8617
145 30.9292
150 31.4559
155 31.3565
160 31.6155
165 31.0388
170 31.4004
175 31.3573
180 31.3751
185 31.3098
190 31.199
195 31.1798
205 31.3063
210 31.6726
215 31.5137
220 31.3497
225 31.7308
230 31.4678
235 31.4163
240 31.2061
245 31.0798
250 31.0382
255 31.3374
260 31.3333
265 31.5946
270 30.9951
275 31.2828
280 31.324
285 31.1593
290 31.0851
295 31.5652
305 31.7238
310 31.3131
315 31.477
320 31.4453
325 30.9133
330 31.3833
335 31.727
340 32.2046
345 31.2997
355 31.3271
360 31.6762
365 31.3737
370 31.3057
375 31.7062
380 31.3551
385 31.886
390 30.994
395 31.2916
400 31.3256
405 31.3143
410 31.4997
415 31.4859
425 31.384
430 31.3962
435 32.0247
440 31.2595
445 31.2767
450 31.4602
455 31.0896
460 31.2736
465 31.151
470 31.3606
475 31.4202
480 31.3564
485 31.5505
490 31.6723
495 31.0167
500 31.0405
505 31.2161
515 31.1917
520 31.0845
525 31.2257
530 31.4794
535 31.3433
540 31.1604
545 30.9397
550 31.0944
555 31.1444
560 31.5695
565 31.255
570 31.4036
575 31.495
580 31.5484
585 31.1506
590 31.165
595 31.7648
600 31.3853
5 31.3651
10 31.4441
15 31.702
20 31.4554
25 31.8514
30 31.4545
35 30.9487
40 31.6077
45 30.9632
50 31.2553
60 31.3265
65 31.1559
75 31.4729
80 31.4002
85 31.4296
90 31.6119
95 31.0954
100 31.4323
105 31.2186
110 31.1622
115 31.1245
120 31.2532
125 31.6215
130 31.7861
135 30.9348
140 31.1039
145 31.4924
150 31.2474
155 31.4924
160 31.1621
165 31.1317
170 31.2726
175 31.6846
185 31.2722
190 31.2287
195 31.3045
200 31.1274
205 31.3114
210 31.3257
215 31.1159
220 31.3956
225 31.6415
230 31.6451
235 31.3964
240 31.3818
245 31.6994
250 31.0526
255 31.0506
260 31.6529
265 31.2046
270 31.4789
280 31.1155
285 31.5082
290 30.9176
295 31.8513
300 31.4418
305 31.5246
310 32.0963
315 31.5549
320 31.7865
325 31.298
330 31.273
335 31.4163
340 31.0086
345 31.1051
350 31.3788
355 31.3172
360 31.449
365 31.629
370 31.4044
375 31.2364
380 31.2825
385 31.2413
390 31.5221
395 30.9901
400 31.2518
405 31.4947
410 31.4598
415 31.1342
420 31.2861
425 31.4191
430 31.2896
440 31.4524
445 31.443
450 31.26
455 31.2797
460 31.0868
465 31.4475
470 31.0648
475 31.2515
480 31.1559
485 31.2725
490 31.6194
495 31.2936
500 31.134
505 31.4882
510 31.2911
515 31.4559
520 31.2529
530 31.4608
535 31.4553
540 31.5119
545 31.1446
550 31.2846
555 31.3692
560 31.2864
565 31.6021
570 31.4548
575 31.4504
580 31.5857
585 31.3009
5 31.2273
10 31.1225
15 31.2288
20 31.3837
25 31.1858
30 31.3457
35 31.6983
40 31.4001
45 31.3793
50 31.2651
55 31.5128
60 31.1484
65 31.3445
70 31.0684
75 31.2041
80 31.5224
85 31.3559
90 31.6901
95 31.5335
100 31.4457
105 31.3822
110 31.0033
115 31.3268
120 31.9251
125 31.3627
130 31.3696
135 31.1879
140 31.357
145 31.1993
150 31.3314
155 31.361
160 31.1783
165 31.2018
170 31.3478
175 31.5175
180 31.1919
185 31.2376
190 31.5749
195 31.5219
200 31.1762
205 31.2671
210 31.131
215 31.2234
220 31.0798
225 31.2954
230 31.3716
235 31.1967
240 31.4008
245 31.4763
250 31.1894
255 31.2776
260 31.0079
265 31.4727
270 31.128
275 31.3643
280 31.5038
285 31.1271
290 31.2283
295 31.7476
300 31.4861
305 31.5816
310 31.0413
315 31.3381
320 31.3601
325 31.5461
330 31.3579
335 31.4738
340 31.353
345 31.3465
350 31.3307
355 31.4173
360 31.3402
365 31.3475
370 31.6864
375 31.531
380 31.308
385 31.2474
390 31.3545
395 31.4834
400 31.1928
405 31.3525
410 31.4457
415 31.0917
420 31.3809
425 31.2106
430 31.5154
435 31.7248
440 31.2124
445 31.1671
450 31.1515
455 31.3917
460 31.2805
465 31.1787
470 31.3249
475 31.3453
480 31.5511
485 30.9428
490 31.2726
495 31.4101
500 31.4108
505 31.5407
515 31.2937
520 31.3472
525 31.5523
530 31.3622
535 31.4988
540 31.245
545 31.1972
550 30.9927
555 31.2972
560 31.4972
565 31.7474
570 31.2125
575 31.6025
580 31.5972
585 30.9952
590 31.4519
595 31.3811
600 31.2048
110 31.2406
115 31.9859
120 31.5046
125 31.9226
130 31.2291
135 31.7497
140 31.5401
145 31.33
150 31.5006
155 32.0732
160 31.0698
165 32.4692
170 31.692
175 31.9501
180 31.7223
185 31.5002
190 31.2797
195 31.1512
205 31.5114
210 31.3612
215 31.2356
220 31.3359
225 31.6955
230 31.1308
240 31.6941
245 31.83
250 31.7175
255 31.4868
260 31.8661
265 32.1034
270 31.7957
275 31.3413
280 31.7919
285 31.9944
290 31.3957
295 31.3155
300 31.1831
305 31.099
310 31.8636
320 31.315
325 31.3088
335 31.5452
340 31.5029
345 31.3249
350 31.4684
355 31.3318
360 31.1861
370 31.1519
375 31.349
380 31.8602
385 31.4903
390 31.4598
395 31.3518
400 31.7403
405 31.1069
410 31.7012
415 31.4701
420 31.3149
425 31.1574
430 31.5443
435 31.7252
445 31.6002
455 30.8481
460 31.7513
465 31.4603
470 31.7072
475 31.5613
480 31.559
485 31.1574
490 31.2348
495 32.1082
500 31.5644
505 31.4034
510 31.5113
515 31.8066
520 31.3181
525 31.3737
530 31.3089
535 31.3936
540 31.2739
545 31.6133
550 31.3587
555 31.6106
560 31.5465
565 31.9004
570 31.1281
575 31.3444
585 31.469
590 31.2646
600 32.1029
5 31.3898
10 31.1471
15 31.1684
20 31.2078
25 31.1444
30 31.1407
35 31.3057
40 31.1708
45 31.0508
50 31.3001
55 31.1386
60 31.0718
65 31.3312
70 31.4903
75 31.1452
80 31.2126
85 31.2273
90 31.185
95 31.188
100 31.2923
105 31.0615
110 31.3833
115 31.1201
120 31.1638
125 31.183
130 31.1638
135 31.1708
140 31.1629
145 31.1925
150 31.1552
155 31.1674
160 31.2971
165 31.2179
170 31.1602
175 31.1945
180 31.191
185 31.1445
190 31.2539
195 31.0844
200 31.1585
205 31.2017
210 31.1988
215 31.1792
220 31.3056
225 31.0888
230 31.2553
235 31.0838
245 31.2076
255 31.2247
260 31.1353
265 31.2895
270 31.0749
275 31.1364
280 31.1588
285 31.184
290 31.1763
295 31.1906
300 31.0948
305 31.2053
310 31.3532
320 31.1848
325 31.1473
330 31.1478
335 31.1649
340 31.1714
345 31.326
350 31.1763
355 31.1599
360 31.1533
365 31.3882
370 31.2974
375 31.1621
380 31.3251
385 31.1283
390 31.3747
395 30.9851
400 31.2259
405 31.2265
410 31.3988
415 31.4004
420 30.9726
425 31.1514
430 31.2059
435 31.335
440 31.3454
445 30.9987
450 31.1301
455 31.1739
460 31.1551
465 31.1981
470 31.1949
475 31.4075
480 31.2857
485 31.1926
490 31.3175
495 31.0894
500 31.1663
505 31.1346
510 31.101
515 31.1395
520 31.1868
525 31.1626
530 31.1638
535 31.1541
545 31.1962
550 31.1611
555 31.2072
560 31.1806
565 31.362
570 31.1817
575 31.189
580 31.151
585 31.1647
590 31.1566
600 31.3634
5 31.2167
10 31.8321
15 31.869
20 31.3223
25 32.2845
30 31.7191
35 31.8587
40 31.3837
45 31.4805
50 31.7985
55 31.4075
60 31.6339
65 31.2808
70 31.1493
75 31.9105
80 31.464
85 31.7685
90 31.3412
95 31.6932
100 32.2938
105 31.8706
110 31.2587
115 31.6695
120 31.3715
125 31.1765
130 31.7637
135 31.3731
140 32.115
150 31.6308
155 31.8387
160 31.6304
170 31.3245
175 31.3109
180 31.815
185 31.2556
190 31.7429
195 31.2041
200 31.6674
205 32.0459
210 31.6555
215 31.444
220 31.5428
225 31.765
230 32.112
235 31.5792
245 31.4376
250 31.7092
260 31.349
265 31.3411
270 31.3231
275 31.6914
285 31.7315
290 31.2393
295 31.6626
300 31.6957
305 31.4974
310 31.3339
315 31.4962
320 31.3256
325 31.7236
330 31.5508
335 31.2676
340 31.7505
345 31.1451
350 31.6821
355 31.3742
360 31.4152
365 31.3655
370 31.1672
375 31.3907
380 31.6769
385 31.5629
390 31.5078
395 31.5133
400 31.1605
405 31.5151
410 31.7066
415 31.0828
420 31.2917
425 31.3932
430 31.6829
435 31.4053
440 31.0593
445 31.5007
450 31.1795
455 31.4917
460 31.9843
465 30.9608
470 31.8262
475 31.7017
480 31.3707
485 31.9661
490 31.3274
495 31.1807
500 31.7204
505 31.6415
510 31.6665
515 31.6987
520 31.5217
525 31.7626
530 31.6944
540 31.0102
545 31.3619
550 31.3401
555 31.2215
560 31.8283
565 31.8695
570 31.3449
575 31.3703
580 31.6961
585 31.328
590 31.2063
595 31.6206
600 31.5255
5 33.1076
10 31.4095
15 31.4657
20 31.673
25 31.2668
30 31.5148
45 31.4444
50 31.308
55 31.4032
60 31.1627
70 31.1125
75 31.1147
80 31.4938
85 31.0727
95 31.4492
100 31.0764
110 31.7137
125 31.5223
130 31.3142
135 31.3519
145 32.0931
150 31.8556
155 31.1514
160 31.3007
170 31.226
175 31.3963
180 31.4176
185 31.3047
200 31.6721
205 31.3164
210 31.5589
220 31.8511
225 31.092
230 31.1345
235 31.6571
240 31.4908
250 30.9316
255 31.2551
270 31.2732
275 31.3678
280 30.9361
295 31.1019
300 31.5127
305 31.217
315 31.372
325 31.0615
330 31.175
335 31.5209
340 31.1138
345 31.3508
350 31.3039
355 31.4753
360 31.6558
365 31.3093
375 31.2279
380 31.2719
385 31.6531
390 31.0627
400 31.3235
405 31.2958
410 31.3408
425 31.8042
430 30.9186
435 31.5283
455 30.8364
460 31.2405
470 31.3272
485 31.0437
490 31.0911
500 31.561
505 31.1176
510 31.8455
530 31.1753
535 31.1976
545 31.1758
555 31.2049
560 31.4925
565 31.9645
580 31.1398
585 31.1542
600 31.1382
5 31.3535
10 31.3408
15 31.5713
20 31.7163
25 31.0807
30 31.5709
35 31.0917
45 31.2383
50 31.1244
55 31.7825
60 31.6399
65 31.4222
70 31.4425
75 31.7801
80 31.4813
90 31.8257
95 31.2444
100 31.2487
105 31.7398
110 31.0191
115 31.4428
120 31.6675
125 31.5663
130 31.6371
135 31.3698
140 32.2264
145 31.5968
150 31.4828
155 31.309
160 31.1338
165 31.8158
170 31.245
180 31.5694
185 31.4751
190 31.2428
195 31.4305
200 31.7358
205 31.2654
210 31.3455
215 31.2238
220 31.2449
225 32.0007
230 31.1984
235 31.3478
250 31.4232
255 31.863
260 31.4786
265 31.2587
270 31.118
275 31.2429
280 31.7077
285 31.9377
290 31.8317
295 31.0892
300 31.2906
305 31.903
310 31.289
315 31.4476
320 31.3034
325 31.7678
330 31.5542
335 31.0746
345 31.1329
350 31.5043
355 31.4375
360 31.6072
365 31.6951
370 31.6402
375 31.5541
380 31.0941
385 31.7005
390 31.5698
395 31.2225
400 31.6076
405 31.2503
410 31.4624
415 31.2666
420 31.2841
425 31.3131
430 32.0314
435 31.9842
440 31.6212
445 31.2959
450 31.7175
455 31.4757
460 32.1129
465 31.1873
470 31.4867
475 31.8399
480 31.655
485 31.2795
490 31.1155
495 32.2059
500 31.4343
505 32.094
515 31.0638
520 31.4481
525 31.9382
530 31.2293
535 31.7158
540 31.2896
545 31.281
550 31.5603
555 31.3645
565 31.3156
570 31.1501
575 31.7441
580 31.4437
590 31.2538
595 31.3447
600 31.5479
5 31.7805
10 31.4015
20 31.4921
25 31.3205
30 31.7274
35 31.4122
40 31.4696
45 31.5126
50 32.1559
55 31.3032
60 31.8727
65 31.4402
70 31.2977
75 31.7954
80 31.6369
85 31.1307
90 31.4958
95 31.6606
105 31.3274
110 31.7898
115 31.0152
120 31.3413
125 31.289
130 31.1359
135 31.1258
140 31.6629
145 31.2111
150 31.5153
155 31.3234
160 31.3301
165 31.3574
170 31.6055
175 31.3107
180 31.278
185 31.3746
190 31.5471
195 31.3839
200 31.2147
205 31.177
210 31.5478
215 31.1475
220 31.8873
225 31.6586
230 31.5921
235 31.394
240 31.2258
245 31.3342
250 31.2959
255 31.2677
260 31.3763
265 31.1059
270 31.1826
275 31.1506
280 31.4278
285 31.2628
290 31.2081
295 31.2798
300 31.3328
305 31.4
310 31.3753
315 31.1575
320 31.1263
325 31.1581
330 31.445
335 31.569
340 30.9374
345 31.2821
350 31.0585
355 31.5527
360 30.9721
365 31.4373
370 31.1333
375 31.385
380 31.1496
385 31.5316
390 31.3215
395 31.4884
400 31.1605
405 31.1579
410 31.3752
415 31.2359
420 31.349
425 31.3675
430 31.4453
435 31.3324
440 31.0243
445 31.3548
450 31.5006
455 31.0456
460 31.2747
465 31.3727
470 31.2035
475 31.1009
480 31.1632
485 31.1912
490 31.5561
500 31.1303
505 31.1575
520 31.0063
525 31.3894
530 31.2465
535 31.3506
540 31.3384
545 30.9915
550 31.5294
555 31.8486
560 30.6674
565 31.3826
570 30.9679
575 31.2865
580 31.5496
585 30.9596
590 31.1757
595 31.1594
600 31.4536
5 31.5564
10 31.5102
15 31.451
20 31.0451
25 31.5263
30 31.303
40 31.1196
45 31.2678
50 31.5008
65 30.9621
70 31.1473
75 31.4596
90 30.9504
95 31.2977
100 31.4818
105 31.4469
115 31.0782
120 31.5167
125 31.112
130 31.1155
135 31.4974
140 30.9438
145 31.0869
150 31.2912
155 31.0224
160 31.2618
165 31.0925
170 31.1688
175 31.464
180 31.1518
190 30.9433
195 31.3171
200 31.2657
205 31.8555
215 31.1331
220 31.1224
225 31.1461
230 31.1463
240 31.1586
245 31.1349
250 31.267
255 31.1484
265 30.959
270 31.4251
275 31.2654
280 31.3054
290 31.6162
295 31.1573
300 31.4682
305 31.15
310 31.2761
315 31.4337
320 30.9805
325 31.2915
330 31.5123
345 31.3797
350 31.2865
355 31.1488
370 31.2473
375 31.2557
380 31.1183
385 31.3059
390 31.3774
395 30.9055
400 31.1183
405 31.3318
410 31.101
415 31.3336
420 30.9574
425 31.1188
430 31.2663
435 31.2856
440 31.4763
445 31.1223
450 31.1263
455 31.3125
465 31.1144
470 31.1267
475 31.1443
480 31.4182
485 31.6317
490 31.1447
495 30.943
500 31.0456
505 31.2868
510 31.3027
515 31.3138
520 30.9953
525 31.1391
530 31.0483
535 31.1287
545 31.1735
550 31.4714
555 31.4616
560 31.1228
565 31.2758
570 31.2782
575 31.3863
580 31.2794
585 31.194
590 31.1027
595 31.294
600 31.2514
5 31.2467
15 31.7825
20 31.5596
25 31.6451
30 31.3869
35 30.9504
40 31.1419
45 31.3989
50 31.3866
55 31.0567
60 31.248
65 31.9584
70 31.2291
75 31.082
80 31.417
85 31.2563
90 31.5697
95 31.4357
100 31.2509
105 31.403
110 30.9073
115 31.2474
120 31.3263
125 31.4359
130 31.5044
140 31.2191
145 31.4286
150 31.0756
155 31.4781
160 31.1915
165 31.29
170 31.429
175 31.48
180 31.5435
185 31.3559
190 31.634
195 31.6376
200 31.1262
205 31.5426
210 31.1553
215 31.3716
220 31.6027
225 31.5561
230 31.4872
240 31.4466
245 31.4864
250 31.3604
255 31.2842
260 31.5433
265 31.4015
270 31.2147
275 31.5625
280 31.3326
285 31.2468
290 31.3974
295 31.3038
305 31.6191
310 31.4004
315 31.7583
320 31.1885
325 31.2569
330 31.5829
335 31.336
340 31.6344
345 31.3743
350 31.3658
355 32.2784
360 31.4098
365 31.4622
370 31.0446
375 31.7131
385 31.6849
390 30.9772
395 31.9489
400 31.2544
405 31.2666
415 31.3962
420 31.245
425 31.2655
430 31.0372
435 31.6074
440 31.05
445 31.6094
455 31.7322
460 31.8508
465 31.3158
470 31.4448
475 31.4122
480 31.6303
485 31.4617
490 31.0201
495 31.0231
500 31.297
505 31.3883
510 31.6151
515 31.2748
520 31.5212
525 31.7994
530 31.411
535 31.4918
540 31.5322
545 31.6103
555 31.6885
560 30.8443
565 31.6448
570 31.8609
580 31.2735
585 31.8375
590 31.2013
595 31.4811
600 31.5786
5 30.6687
10 31.9118
15 31.7221
25 30.8191
30 31.0969
35 31.1494
40 31.7284
45 31.5302
50 31.3139
55 31.7708
60 31.3973
65 31.1245
70 31.5661
75 31.3178
80 31.8396
85 31.0428
90 31.381
95 31.5102
100 31.8067
105 31.5237
110 31.6257
120 31.3189
125 31.3536
130 31.1873
135 31.5024
140 31.3498
145 31.4919
150 31.4724
160 31.2623
165 31.2573
170 31.6276
175 31.6653
180 31.6143
185 31.7002
190 31.0927
195 31.8316
200 31.7033
205 31.5414
210 31.203
215 31.5453
220 31.3799
225 31.6908
230 31.1417
235 31.4368
245 31.7519
250 31.258
255 31.3614
265 31.6811
270 31.3278
275 31.1516
285 31.2148
295 31.6117
300 31.2999
305 31.1738
315 31.5154
320 31.7239
325 31.2917
330 31.3738
335 31.4859
340 31.53
345 31.3358
350 31.1426
360 31.305
365 31.4865
370 31.3383
375 31.5478
385 31.8566
390 31.1999
395 31.5157
405 31.5047
410 31.9327
415 31.4911
425 31.5053
435 31.8342
440 31.132
445 31.3251
450 31.3052
455 31.5159
465 31.4272
470 31.2683
475 31.3158
480 31.3374
485 31.5453
490 31.6516
495 31.7634
500 31.0051
505 31.5455
510 31.8619
515 31.1161
520 31.3385
525 31.5571
530 31.67
535 31.1676
540 31.3161
545 31.5842
550 31.7391
555 31.5499
560 31.3447
565 31.6293
570 31.5321
575 31.3653
580 31.1736
585 31.5248
590 31.3517
595 31.9671
600 31.6671
5 34.292
10 31.8165
15 31.5386
20 31.2385
25 31.3951
30 31.3131
35 31.4628
40 31.3637
45 31.787
55 31.2103
60 31.3641
65 31.3766
70 31.7928
75 31.3661
80 31.4077
85 31.2505
90 31.5397
95 31.51
100 31.2053
105 31.7472
110 31.2678
115 31.7872
120 31.6612
125 31.39
130 31.2386
135 31.5754
140 31.4383
145 31.2247
155 31.4024
160 31.3668
165 31.4489
170 31.3894
175 31.3855
180 31.9523
185 31.1371
195 31.3779
200 31.2307
210 31.3007
215 31.5519
220 31.3992
225 31.241
230 31.4288
235 31.5078
240 31.7471
245 31.4408
250 31.2296
255 31.781
260 31.4728
265 31.383
270 31.3858
275 31.5416
280 31.5994
285 31.1837
290 31.5322
295 31.3934
300 31.2259
305 31.4313
315 31.2322
320 31.2794
325 31.3811
335 31.2352
340 31.5526
350 31.3853
355 31.568
360 31.7328
365 31.9474
370 31.7754
375 31.251
380 31.5778
385 31.4273
390 31.3995
395 31.5757
400 31.8354
405 31.8526
410 31.7829
415 31.1916
420 31.5611
425 31.4803
430 31.1767
435 31.9584
445 31.847
450 31.498
460 31.4057
465 31.3774
470 31.3609
475 31.3733
480 31.4194
485 32.0025
490 31.5578
495 31.3842
500 31.3807
505 31.7285
510 31.4704
515 31.3893
520 32.3519
525 31.222
530 31.3818
535 31.418
540 31.7303
545 31.2156
550 31.3543
555 31.7471
560 31.607
565 31.7333
570 31.4162
580 31.5471
585 31.4005
590 31.3533
600 31.606
5 33.1372
10 31.7748
15 31.4246
20 31.5515
25 31.4684
35 31.4885
40 31.719
45 31.3028
50 31.6562
55 31.9177
60 31.1147
65 31.5598
70 31.7653
80 31.2652
85 31.6598
95 31.2649
100 31.4276
105 31.3323
110 31.3498
115 31.2055
120 31.5766
125 31.3471
130 31.0821
135 31.0233
140 31.6817
145 31.57
150 31.3249
155 32.1541
160 31.1784
165 31.4217
170 31.3495
175 31.6764
180 31.4715
185 30.984
190 31.4931
200 31.3193
205 31.3748
210 31.7551
215 31.1044
220 31.3881
225 31.6589
230 31.3123
235 31.5556
240 31.308
245 31.2736
250 31.879
255 31.4187
260 31.0821
265 30.9522
270 31.5373
275 31.0962
280 31.0203
290 31.1701
295 31.2037
300 31.2346
305 31.1589
310 31.6213
315 31.0556
320 30.9446
325 31.2948
330 31.2042
335 31.6608
340 31.3795
345 31.8272
350 31.526
355 32.1915
360 31.2572
365 31.6664
370 31.279
375 31.9335
380 31.203
385 31.6847
390 31.903
395 31.5905
400 31.7076
405 31.2734
410 31.4385
415 31.6966
420 31.5413
425 31.6891
430 31.835
435 31.545
440 32.1958
445 31.6575
450 31.6325
455 31.4842
460 32.2181
465 31.3793
470 31.888
475 31.7789
480 31.2906
485 32.0405
490 31.4407
495 31.3547
500 31.5343
505 31.4851
510 32.2448
515 31.6368
520 31.8226
525 31.4185
530 31.7572
535 31.8273
540 31.5995
545 31.385
550 31.7384
555 31.6641
560 31.6326
565 31.8608
570 31.5454
575 31.7445
580 32.0815
585 32.2863
590 31.5909
595 31.9186
600 31.8613
5 33.2026
10 31.8192
15 31.114
20 31.5167
25 31.698
30 31.3441
35 31.3119
40 31.2656
45 31.3037
50 31.3351
55 31.1491
60 31.9632
65 31.1776
70 31.1928
75 31.2021
90 31.4557
95 31.51
100 31.5335
105 31.4811
110 31.3455
115 31.3112
120 31.4
125 31.611
130 31.5463
135 31.0779
140 31.3663
145 31.3673
150 31.5519
155 31.789
160 31.3391
165 31.3277
170 31.5859
175 31.519
185 31.8274
190 31.4588
195 31.2626
200 31.854
205 31.3519
210 31.2028
215 31.4418
220 31.0774
225 31.6759
230 31.2462
235 31.3062
240 31.2806
245 31.4269
250 31.1829
255 31.5077
260 31.4059
265 31.9658
270 31.2734
275 31.382
280 31.3789
285 31.7637
290 31.3183
295 31.4087
300 31.5583
305 31.2312
310 31.4826
315 31.503
320 31.2994
325 31.6727
330 31.5166
335 31.3728
340 31.613
345 31.679
355 32.124
360 31.7284
365 31.4508
370 31.5645
375 31.5
380 31.3614
385 32.0276
390 31.2048
395 31.6137
405 31.2573
410 31.025
415 31.3432
425 31.1573
435 31.798
440 31.5627
445 31.4941
455 31.4945
460 31.4874
465 31.1945
470 31.3293
475 31.269
480 31.8967
485 31.3258
490 31.4197
500 31.6036
505 31.2131
510 31.2938
515 32.3983
520 31.0091
525 31.7437
530 31.6861
535 31.4357
540 31.1555
545 32.3703
550 31.666
555 30.9204
565 31.3766
570 31.4478
580 31.5811
585 31.1308
595 31.8402
600 31.6826
5 33.8153
10 31.771
15 31.6461
20 31.3362
25 31.4725
30 31.4647
35 31.5374
45 31.65
50 32.2204
55 31.3025
60 31.4269
65 32.072
70 30.9518
75 31.4427
80 31.7619
85 31.3949
90 31.5643
95 31.9065
100 31.135
105 31.8296
110 31.3676
115 31.6434
120 31.8871
125 31.6869
130 32.1978
135 31.4598
140 31.7404
145 31.7179
150 31.287
155 31.6745
160 30.9923
165 31.553
170 31.3573
175 31.3644
180 31.515
185 31.3358
190 31.2098
195 31.5432
200 31.5539
205 31.8123
210 30.7418
220 31.297
225 31.799
230 31.3262
235 31.2693
240 31.3053
245 31.1239
250 31.4995
255 31.7983
260 31.1525
265 31.1463
270 31.5621
275 31.196
280 32.1165
285 31.2528
290 31.2124
295 31.9515
300 31.1687
305 31.499
310 31.1525
315 31.3858
320 31.6586
325 31.3148
330 31.8242
335 31.2916
340 31.4494
345 31.1631
350 31.2225
355 31.985
360 31.4584
370 31.1145
375 31.8015
380 31.2751
390 31.3037
395 31.3401
400 31.4686
405 31.6261
415 30.8082
420 31.5888
425 31.6216
430 31.1531
435 31.7268
440 31.3164
445 31.5286
450 31.5529
455 31.3319
460 31.7386
465 31.1385
470 31.1272
485 31.5769
490 31.6587
495 31.3447
500 31.4794
505 31.2763
510 32.1543
515 31.1654
520 31.5279
525 31.1433
530 31.0331
535 31.5575
540 31.1964
545 31.1272
550 31.1368
555 31.5189
560 31.8886
565 30.9687
570 31.4263
575 31.4923
580 31.3431
590 31.0208
595 31.4049
600 31.8679
10 31.8687
15 30.9082
20 30.983
25 31.3527
30 31.1167
40 30.8588
45 31.0178
50 31.0149
65 31.0545
70 31.1478
75 31.2786
80 30.8139
90 30.8834
95 31.2035
100 31.0204
105 30.923
115 30.928
120 31.1086
125 31.2169
130 31.4937
135 30.9787
140 31.0345
145 30.8321
150 30.8484
155 30.9645
165 30.983
170 30.8698
175 30.8075
180 31.2169
185 31.2332
190 31.0049
195 31.1133
200 31.533
205 30.9338
210 30.9299
215 30.9643
220 30.8555
225 31.2952
230 31.2799
235 30.8395
240 30.9294
245 31.101
250 31.1263
255 31.1944
260 31.0077
270 31.281
275 30.9036
280 30.7596
295 30.9251
300 31.1787
305 30.8536
310 31.05
320 31.1187
325 30.9978
330 30.4829
335 30.8042
345 30.9887
350 31.1908
355 30.7599
360 31.0846
365 30.8177
370 30.9373
375 31.0581
380 30.9194
385 30.953
390 31.0264
395 30.8872
400 31.1183
405 30.8775
410 30.8359
420 31.1156
425 31.1202
430 30.9708
435 31.2848
445 31.261
450 31.4226
455 31.2843
460 31.3025
465 31.1208
470 31.1199
475 31.2528
480 31.0409
485 31.2753
490 31.2714
495 31.1273
500 31.3123
505 31.2804
510 31.4617
515 30.9766
520 31.1384
525 31.4904
530 31.3106
535 31.1417
540 31.3163
545 31.3136
550 31.2894
555 31.1623
560 31.2954
565 31.123
575 31.0909
580 31.1511
585 31.2617
590 31.1176
600 31.1076
5 33.2143
10 31.5776
15 31.9302
20 31.3896
25 31.8028
30 31.2883
35 31.2915
40 31.5011
45 31.4104
50 31.7028
60 31.4934
65 31.3427
70 32.0604
75 31.5857
80 32.4474
85 31.2121
90 31.5755
100 31.3716
105 31.6414
110 31.0176
115 31.7826
120 31.5349
125 31.3623
130 31.5909
135 32.0023
145 31.3354
160 31.2348
165 31.5739
170 31.5236
175 31.5642
180 31.7397
190 31.3516
195 31.6901
200 31.7053
205 31.8099
210 31.3354
215 31.7832
220 31.1314
225 31.4974
230 31.6845
235 31.7382
240 31.3539
245 31.5947
250 31.3411
255 31.8049
260 31.5738
265 31.5299
270 31.5807
275 31.5508
280 31.5041
285 31.8924
290 31.4832
295 31.4454
300 31.3338
310 31.4427
320 31.5215
325 31.5172
335 31.4082
340 31.6557
345 31.3407
350 31.6761
355 32.0562
360 32.7132
365 31.3086
370 31.6965
375 32.2315
380 31.1603
385 32.1393
390 31.1716
395 31.894
400 31.568
405 31.5153
415 31.4711
420 31.4026
425 31.648
430 31.3783
435 31.515
440 31.3991
445 31.3546
450 31.3879
455 31.3866
460 31.5548
465 31.4888
475 31.5822
480 31.8388
485 31.7546
490 31.616
495 31.3441
500 31.5321
505 31.2993
510 31.5582
515 31.4977
520 31.5918
525 31.4116
530 31.9811
535 31.5166
540 31.5211
545 32.1094
550 31.676
555 31.7031
560 31.7675
565 31.5783
570 31.5062
575 31.6052
580 31.2878
585 31.7618
590 31.2069
595 31.6797
600 31.3178
5 31.9929
10 31.5356
20 31.5234
25 31.3646
30 31.3219
35 31.9414
40 31.5101
45 31.715
50 31.6676
55 30.9599
60 31.6708
65 32.11
70 31.5722
75 31.5837
80 31.2747
85 31.6348
90 31.5338
95 31.5923
100 31.3797
105 32.0854
110 31.3024
115 32.3539
120 31.8811
125 31.7065
135 31.1462
140 31.5748
145 31.8996
150 31.3712
155 32.1143
170 31.8752
175 31.7713
180 31.9857
185 31.7557
190 31.3389
195 31.6929
205 31.587
210 31.4019
215 31.5277
220 31.8911
225 31.9147
230 31.3038
235 31.3294
240 31.3802
245 31.3353
250 32.1102
260 31.4539
265 31.3979
270 31.8669
275 31.3312
280 31.513
290 31.3363
295 31.8415
300 31.5925
310 31.5329
315 31.5152
320 31.6922
325 31.7045
330 31.5077
335 31.9406
340 31.4068
350 31.4863
355 32.0859
360 31.5989
365 31.1609
375 32.2515
380 31.5527
385 31.5841
390 31.7474
395 31.6807
400 31.3466
405 31.3253
410 31.2798
415 31.7625
420 31.6288
425 31.1726
430 32.0224
435 31.4793
440 31.0018
445 31.3532
450 31.7326
455 32.236
460 31.3782
465 31.2934
470 31.5545
485 31.3831
490 31.3573
495 31.3346
500 31.1657
505 31.6654
510 31.7544
515 31.3695
520 31.374
525 31.6903
530 32.1604
535 31.8819
540 31.3591
545 31.5222
555 31.4827
560 31.5217
570 31.3878
575 31.3255
580 31.5654
585 31.8681
590 31.5194
595 31.9328
600 31.1505
5 31.2133
10 31.1827
15 31.7654
20 31.2219
30 31.3563
35 31.808
40 30.9438
45 31.0955
50 31.6528
55 31.386
60 31.3271
65 31.5967
70 31.9355
75 31.4244
80 31.676
85 31.3606
90 31.4422
95 31.1952
100 31.3839
105 31.5826
110 31.3432
115 31.022
120 31.2528
130 31.3392
135 30.8969
140 31.0652
145 31.1791
150 31.3984
155 31.6101
160 31.1982
165 31.4008
170 31.1908
175 31.3832
180 31.4048
185 31.3127
190 31.4225
195 31.368
200 31.6143
205 31.817
210 31.3216
215 31.2132
220 31.6614
225 31.5351
230 31.0688
235 31.3371
240 31.3628
245 31.1064
250 31.3946
255 31.5216
260 31.0189
265 31.5915
270 31.4152
280 31.8203
285 31.834
290 31.013
295 31.7473
305 31.2521
310 31.6694
315 31.7046
325 31.4012
330 31.4164
335 31.3437
340 31.5978
345 31.3517
350 31.6492
355 31.0415
360 30.9991
365 31.1061
370 31.3282
375 31.5476
380 31.7094
385 31.3681
390 31.413
395 31.1766
400 31.1527
405 31.3726
410 31.2124
415 31.0313
420 31.196
425 31.3413
430 31.419
435 31.5628
440 31.5361
445 31.4771
450 31.1974
460 31.4107
465 31.0592
470 31.5602
475 31.038
480 31.1909
485 31.2993
490 31.5059
495 31.0539
500 32.0528
505 31.0524
510 31.1597
515 31.1227
520 31.7365
525 31.3706
530 31.3794
535 31.5963
540 31.2479
545 31.3663
550 31.5707
560 30.7643
565 31.3268
570 31.1812
575 31.3582
580 31.0302
585 31.2479
590 31.7169
595 31.046
600 31.114
5 31.5277
10 31.2386
20 31.7892
25 31.3598
30 31.224
35 31.1963
40 31.0976
45 31.227
50 31.2561
55 31.6871
60 31.213
70 31.6545
75 31.3815
80 31.8466
85 31.5162
90 31.3851
95 31.475
100 31.8729
110 31.7657
120 31.6281
125 31.1492
130 31.4496
135 31.741
140 31.4563
145 31.8086
150 31.6955
155 31.185
160 31.4576
165 31.6512
170 31.4221
175 31.05
180 31.6626
185 31.9063
190 31.5199
195 31.6609
200 31.0213
205 31.2584
210 31.525
215 31.4537
220 31.0366
235 31.8263
240 31.47
245 31.2815
250 31.6741
255 31.5626
260 31.6117
265 31.2387
270 31.3104
275 31.5043
285 31.2007
290 31.1638
300 31.2673
305 31.2678
310 31.637
315 31.4005
320 31.456
325 31.2633
330 31.4844
335 31.8178
340 31.782
345 32.0488
350 31.2165
355 31.8526
360 31.6482
365 30.6654
370 31.5345
375 31.6642
380 31.6165
385 31.5722
390 31.2932
395 32.0132
400 31.6187
405 31.648
410 31.0922
415 31.3577
425 31.7784
430 31.4906
435 31.5869
440 31.442
445 32.2999
450 31.299
455 31.5836
460 31.1191
465 31.527
470 31.2233
475 31.8497
480 31.2634
485 31.8048
490 31.435
495 31.6903
500 31.2791
510 31.2982
515 31.5978
520 31.2771
525 31.493
535 32.6106
540 31.2448
545 31.2433
555 31.602
560 31.6715
565 31.6212
570 31.4007
575 31.246
580 31.2994
585 32.1458
590 31.4912
595 31.6291
600 31.4547
5 31.3209
10 31.2027
15 31.8889
20 31.2155
30 31.0646
35 31.5473
40 31.1597
45 31.5975
50 31.6536
60 31.2156
70 31.4576
80 31.6134
85 31.4061
95 31.7615
105 31.9148
110 32.1521
120 31.1718
125 31.329
130 30.9435
135 31.6284
145 31.4151
150 31.3933
155 31.4678
160 31.1594
165 31.6704
170 31.1206
175 31.679
180 31.7735
185 31.0704
195 31.3565
200 31.3789
210 31.6861
215 31.2351
220 31.3396
225 31.1813
230 31.8584
240 31.6794
245 31.0857
250 30.838
255 31.1051
270 31.3613
275 31.3204
280 31.3145
290 31.173
300 30.923
305 31.5342
325 31.0453
330 30.8493
340 31.2804
345 31.207
350 31.3057
355 31.1021
365 31.128
375 31.2191
380 30.8874
385 31.5631
390 31.1599
400 30.9642
405 31.3265
410 31.2272
415 31.1953
425 30.8811
430 30.9558
435 31.3052
450 31.373
455 31.5593
460 31.0191
465 31.319
475 30.8797
480 31.1496
485 31.8145
500 31.1316
505 31.2046
520 31.2917
525 31.0784
530 31.4877
535 31.1332
555 30.676
560 31.3208
570 31.6973
580 30.5461
585 31.3021
595 31.4034
5 30.8191
10 31.6483
15 31.269
20 31.5151
25 31.3782
30 31.3447
40 31.4813
45 31.3211
50 31.5567
55 31.4725
60 31.2875
65 31.6872
70 31.3599
75 31.5376
80 31.4875
90 31.422
95 31.6815
100 31.7659
105 31.3015
110 31.4873
115 31.3924
120 31.356
125 31.826
135 31.718
140 31.6109
150 31.3642
160 31.6737
170 31.7041
175 31.7188
180 31.7154
185 31.3505
190 31.115
195 31.1601
200 31.519
205 31.412
210 31.1233
215 31.2767
220 31.7286
230 31.4787
235 31.7096
240 31.6361
245 31.4614
250 31.6891
255 31.9613
260 31.3777
265 31.3702
270 31.4656
275 31.5048
280 31.3973
285 31.7851
290 31.4992
295 31.7204
300 31.6578
305 31.6488
310 31.5562
315 31.626
320 31.3052
325 31.1968
330 31.2082
335 31.5307
340 31.1758
345 31.0801
350 31.4921
355 31.3844
365 31.3216
370 31.5076
375 31.7045
380 31.2188
385 31.383
390 31.4929
395 31.3703
400 31.0679
405 31.5241
410 31.2984
415 31.3603
420 31.1296
430 31.2518
435 31.4117
440 31.636
445 31.2779
450 31.3552
460 31.6063
465 31.5794
470 31.9026
475 31.0713
480 32.5755
485 31.3981
490 31.4472
495 31.6292
500 32.1386
505 31.3885
510 31.3654
515 31.3991
525 31.2301
530 31.1263
535 31.2831
550 31.7069
560 31.9492
565 31.4858
570 31.3553
575 31.3555
580 31.3681
585 31.1656
595 31.4935
600 32.1902
5 31.4094
10 31.4342
20 31.2537
25 31.2818
30 31.2595
35 31.4038
40 31.7752
50 31.2389
55 31.3973
60 31.4303
65 31.4045
70 31.2611
80 31.2923
85 31.4049
90 31.4262
95 31.5866
100 31.2795
105 31.6741
110 31.1432
115 31.3817
120 31.5682
125 31.4222
130 31.3144
140 31.2317
145 31.2277
150 31.2446
155 31.4455
160 31.2724
170 31.443
175 31.4119
180 31.4513
185 31.1368
190 31.2693
200 31.593
205 31.5469
210 31.1284
215 31.2594
220 31.2505
230 31.5663
235 31.4242
240 31.2115
245 31.2381
250 31.2788
255 31.7043
260 31.2842
265 31.5535
270 31.4048
275 31.164
280 31.3651
290 31.4792
295 31.4193
300 31.0554
305 31.789
310 31.0957
320 31.4107
325 31.2805
335 31.3373
340 31.43
350 31.2613
355 31.5027
360 31.0367
365 31.2371
370 31.2473
380 31.4687
385 31.1078
390 31.4118
395 31.4208
400 31.4136
405 31.3592
410 31.2076
415 31.4756
420 31.2557
425 31.4485
430 31.164
435 31.3605
440 31.1741
445 31.2509
450 31.2411
455 31.2549
460 31.5598
465 31.5007
470 31.4039
475 31.4515
485 31.725
490 31.1368
495 31.4175
500 31.1436
505 31.3798
510 31.6081
515 30.9525
520 31.2633
525 31.3196
530 31.4071
535 31.4592
540 30.9914
545 31.2376
550 31.2392
560 31.6963
565 30.9901
570 31.3057
575 31.2496
580 31.4337
585 31.7414
590 30.8887
595 31.3886
600 31.2774
5 33.2781
10 31.3157
15 31.3043
20 31.3137
25 31.3553
30 31.8725
35 31.3884
40 31.3323
45 31.3889
50 31.6291
55 30.939
60 31.4328
65 31.3664
70 31.1587
75 31.522
80 31.5858
85 31.1079
90 31.5138
95 31.3145
100 31.3462
105 31.3726
110 31.3387
115 31.3273
120 31.5198
125 31.728
130 31.5234
135 31.3322
140 31.6314
145 31.3478
150 31.9007
155 31.5496
160 31.2398
165 31.1454
170 32.3517
175 31.5797
185 31.2126
190 31.9331
195 31.3003
200 31.132
205 31.6377
210 31.3509
215 31.4356
220 31.81
225 31.7174
230 31.3517
235 31.6044
240 31.7034
245 31.7466
250 31.7486
255 31.3227
260 31.1845
265 31.7194
270 31.3269
275 31.6817
280 31.3992
285 32.2785
295 31.0553
300 31.3745
310 31.8016
315 31.1362
320 31.7004
325 31.6785
330 31.5107
335 31.5318
340 31.5654
345 31.7613
350 31.0275
355 31.415
360 31.3127
365 31.2314
370 31.5093
375 31.9176
380 32.4909
390 31.1824
395 31.7074
400 31.793
410 31.5971
415 31.3586
425 31.3404
430 31.901
435 32.2775
440 31.6404
450 31.8534
455 31.5563
460 31.4733
465 31.4002
470 31.9463
475 31.7753
480 32.0284
485 31.978
490 31.3387
500 31.6924
510 31.6834
515 31.5065
520 31.4116
525 31.4097
535 31.4501
540 31.4601
545 31.763
550 32.1278
555 31.3077
560 32.2952
565 31.7896
570 31.1575
575 31.4961
580 31.6056
585 31.7585
590 31.7235
595 31.6489
600 31.7116
5 31.5151
10 31.4534
15 31.8235
20 31.2483
25 31.869
30 31.3973
35 31.1158
40 31.2487
45 31.7022
50 30.9988
60 31.3054
65 31.2835
70 31.4288
75 31.465
80 31.2309
85 31.5309
90 31.4203
95 31.2482
100 31.2742
105 31.4341
110 31.324
115 31.2556
120 31.2857
125 31.2803
130 31.5441
135 30.9438
140 31.4166
145 31.5031
150 31.2548
155 31.0705
160 31.0684
165 31.4114
175 31.4402
180 31.483
185 31.9061
195 31.4013
200 31.4118
205 31.2851
210 31.4087
215 31.4902
220 31.4434
225 31.1197
230 31.4394
235 30.7955
240 31.1475
245 31.4264
250 31.1909
255 31.3111
260 31.2182
265 31.0687
270 31.475
275 31.3809
280 31.6797
285 31.0297
290 31.221
295 31.259
300 31.4422
305 30.9886
310 31.4091
320 31.0926
325 31.069
330 31.5408
335 31.4084
340 31.6406
345 31.5773
350 31.2156
355 31.2488
360 31.2706
365 31.2401
370 31.2805
375 31.2413
380 31.266
395 31.499
400 31.152
405 31.5195
410 31.1599
415 31.2669
420 31.6089
425 31.4396
430 31.1819
435 31.5866
440 31.2768
445 31.7338
455 31.1079
460 31.4014
465 31.2447
470 31.2835
475 31.0922
480 31.1493
485 31.5225
490 31.196
495 31.4871
500 31.6086
505 31.1077
510 31.2433
515 31.328
520 31.4209
525 31.5771
530 31.0463
535 31.7725
540 31.2769
545 31.3898
550 31.4681
555 31.2679
560 31.2148
565 31.0176
570 31.0927
575 31.4362
580 31.4208
585 31.56
590 31.321
595 31.2486
600 31.5675
5 31.585
15 31.0803
20 31.166
25 31.3105
30 31.061
40 31.0893
45 31.3849
50 31.2192
55 31.1803
65 31.1217
70 31.1092
75 31.1346
80 31.4808
90 31.0629
95 31.3115
100 31.0522
105 31.2475
115 30.9227
120 31.1583
125 30.9764
130 31.1628
140 31.2692
145 31.2463
150 31.2076
155 31.1187
160 31.2619
165 31.0061
170 31.3028
175 31.2843
185 31.2309
200 31.4078
205 31.4424
210 31.2126
220 31.2556
225 31.3954
230 31.0752
235 31.5326
245 31.2678
250 31.0628
255 31.1039
260 31.097
270 30.9833
275 31.2278
280 31.2568
285 31.1867
295 31.1738
300 31.2143
305 31.5836
310 31.356
320 31.2928
325 31.1814
330 31.2473
335 31.1314
345 30.9665
350 31.1474
355 31.3057
360 31.0717
370 30.9698
375 31.0972
380 31.0863
385 31.1596
395 30.8455
400 31.4909
405 31.1161
410 31.4202
420 30.8031
425 31.0978
430 31.144
435 31.3561
445 30.9516
450 31.1169
455 31.0714
460 31.0237
465 31.0919
470 31.0651
475 31.4014
480 31.0584
485 31.2472
490 31.0898
500 31.1003
505 31.1748
515 31.3824
525 31.1876
530 31.2257
535 31.166
540 31.41
550 31.0749
555 31.2275
560 31.2826
565 31.0526
575 31.0551
580 31.0037
585 31.0458
590 31.076
600 31.1534
5 31.7131
15 31.1661
20 31.4488
25 31.2186
30 31.1183
35 31.3968
40 31.1816
45 31.2557
50 31.4464
55 31.5204
60 31.1105
65 31.2747
70 31.1386
75 31.1029
80 31.1823
85 31.4952
90 31.2497
95 31.2795
100 31.1166
105 31.602
110 31.1738
115 31.455
120 31.543
125 31.451
130 31.292
135 31.1173
140 31.6541
145 31.8241
150 31.6187
155 31.2944
160 31.258
165 31.0856
170 31.1244
175 31.2374
180 31.6635
185 31.0468
190 31.5069
195 31.6362
200 31.4356
205 31.2514
210 31.2897
215 31.2305
220 31.2276
225 31.6041
230 31.0137
235 31.4017
240 31.4314
245 31.4353
250 31.5347
255 31.2885
260 32.1113
265 31.5219
270 31.5268
275 31.5245
280 31.3101
290 31.108
300 31.2681
310 31.4848
315 31.0836
320 31.0755
325 31.2565
330 31.1302
335 31.6808
340 31.2646
345 31.5627
350 31.2968
355 31.1841
365 31.2576
370 31.3257
380 31.092
385 31.4928
395 31.0864
400 31.1382
405 31.309
410 31.2269
415 31.2269
420 31.1171
425 31.1114
430 31.2709
435 31.452
440 31.381
445 31.3167
450 31.6843
455 31.0744
460 31.1287
465 31.3861
470 31.2926
475 31.3594
480 30.8572
485 31.2987
490 31.3191
495 31.5048
500 31.1301
505 31.4943
510 31.507
515 31.0543
520 31.626
525 31.487
530 31.8296
535 31.0829
540 31.423
545 31.3504
550 31.4576
555 31.5663
560 31.0768
565 31.1609
570 31.4897
575 31.2658
580 31.8931
585 31.0761
590 31.3211
595 31.5702
600 31.116
5 36.1593
15 31.5188
20 31.4067
25 31.5675
30 31.9345
35 31.6596
40 32.1175
45 31.4597
55 31.8879
60 31.7547
70 32.3689
75 32.0426
80 32.1267
85 31.9121
90 31.0642
95 31.8608
100 32.415
105 31.042
110 31.3039
115 31.2782
120 31.8745
125 31.1895
130 31.5507
135 30.8893
140 31.35
145 30.9085
150 31.2654
155 31.3524
160 31.1448
165 31.1329
170 31.5199
175 31.0494
180 31.7609
185 31.3546
190 31.4659
195 31.6733
200 31.3205
205 31.347
210 30.8521
215 31.8283
220 31.428
225 31.4751
230 31.8704
240 31.6526
245 31.3143
250 31.8749
255 31.9496
260 31.4031
265 31.2399
270 32.021
275 31.6342
280 31.3525
285 31.5934
290 31.2819
295 32.3255
300 31.3514
305 31.2862
310 31.8023
315 30.934
320 31.7118
325 31.5196
330 31.7397
335 31.2098
340 31.2397
345 31.5027
350 31.5331
355 31.752
360 31.072
365 31.8732
370 31.265
375 31.5099
380 31.4702
385 31.46
390 31.0116
395 31.4745
400 31.4697
405 31.5228
410 31.7598
415 30.9176
420 31.6429
425 31.461
430 31.3511
435 31.7427
440 31.3115
445 31.4696
450 31.4462
455 31.7247
460 31.8147
465 31.5744
470 31.5283
475 31.4722
480 31.6165
485 32.0645
490 30.7944
495 31.4941
500 32.0288
505 31.9216
510 31.3985
515 31.5454
520 31.7614
530 31.5408
535 31.7515
540 31.3132
545 31.3267
550 31.6296
555 31.696
560 31.7553
565 31.6421
570 31.4582
580 31.4679
585 31.5225
590 31.3658
595 31.8304
600 31.2848
5 31.3228
10 31.4862
15 31.1775
20 31.2816
25 31.1121
30 31.5129
35 31.1017
40 31.1619
45 31.4834
50 31.5095
55 31.1242
60 30.9767
65 31.1122
70 31.1426
75 31.2979
80 31.4952
85 31.2807
90 31.5019
95 31.1599
100 31.1485
105 31.5164
110 31.132
115 31.1152
120 31.3622
125 31.1599
130 31.6776
135 30.9615
140 31.1798
145 31.5335
150 31.1552
155 31.3976
160 31.1602
165 31.3087
170 31.1321
175 31.1279
180 31.3187
185 31.2921
190 31.4564
195 31.1849
200 31.1181
205 31.3656
210 30.9306
215 31.448
220 31.1335
225 31.3051
230 31.3054
235 31.1059
240 31.5266
245 31.312
250 31.1439
255 31.1075
265 30.9867
270 31.3548
275 31.3167
280 31.1638
285 31.2087
290 31.0972
295 31.3277
300 31.2679
305 31.1947
310 31.5306
315 31.0064
320 31.1343
325 31.2394
335 31.3012
340 31.1243
345 31.119
350 31.6431
355 31.1758
360 31.3192
365 30.9509
370 31.3762
375 31.1333
380 31.1435
390 30.9914
395 31.1379
400 31.2003
405 31.2984
410 31.5023
420 31.1684
425 31.3959
430 31.2928
435 31.345
440 31.1149
445 31.1426
450 31.1982
455 31.4572
460 31.6774
465 31.1314
470 31.2696
475 31.1472
480 31.1315
485 31.3647
490 30.9772
495 31.1537
500 31.2942
505 31.1596
510 31.3139
515 30.9474
520 31.1444
525 31.3839
530 31.3489
535 31.4652
540 30.9455
545 31.3353
550 31.1423
555 31.1598
560 31.2694
565 31.2217
570 31.289
575 31.1141
580 31.1436
585 31.0996
590 31.2937
595 30.9428
600 31.2936
5 33.2009
15 31.4409
20 31.6332
25 31.4669
30 31.334
35 31.2376
40 31.0504
50 31.6556
60 31.8455
65 31.8751
70 31.0824
75 31.2894
80 31.7838
85 31.4544
90 31.4631
95 31.6007
100 31.2302
105 31.5057
110 31.2562
115 31.2564
120 31.122
125 31.6743
130 31.1056
135 31.504
140 31.2835
145 31.5975
150 31.1364
155 31.1094
160 31.8828
165 31.3806
170 31.3443
175 31.7425
180 31.3307
185 31.1215
190 31.6156
195 31.6874
200 31.4313
205 31.747
210 31.196
215 31.7837
220 31.9495
225 31.6488
235 31.5531
240 31.7896
245 31.1033
250 31.2941
255 31.7891
260 31.5175
265 31.5194
270 31.5523
275 31.2946
280 31.4695
285 31.5662
290 31.6925
295 32.0576
300 30.9185
305 31.5393
310 31.8058
315 31.3355
320 31.4855
325 31.4042
330 31.3323
335 31.6974
340 31.6794
345 30.9923
350 31.8327
355 31.5981
360 31.2312
365 31.4204
370 31.2836
375 31.657
380 30.9612
385 31.3061
390 31.4273
395 31.8371
400 31.4099
405 31.3353
410 31.4178
420 31.2821
425 31.4161
435 31.7054
440 31.4626
445 31.4745
450 31.515
455 31.7844
460 31.1529
465 31.4596
470 31.6127
475 31.2645
480 32.0842
485 30.7963
490 31.4907
495 31.4171
500 31.4794
505 31.4564
510 31.4795
515 31.6407
520 31.6057
530 31.1524
535 31.6403
540 31.9213
545 31.1066
550 31.6558
555 31.1141
560 31.4792
565 31.5101
570 31.0997
575 31.1761
580 31.5998
585 31.7685
590 31.3003
595 31.6432
600 32.0639
5 31.7441
10 31.2555
15 31.5479
20 31.5735
25 31.5121
35 31.5357
40 31.6403
45 32.1443
55 31.5715
60 31.4305
65 31.9239
70 31.8398
75 32.1127
80 31.992
85 31.4297
90 31.1221
95 31.7597
100 31.4542
105 31.381
110 31.441
115 31.4211
120 31.0542
125 31.8063
130 30.882
135 31.4169
140 31.7238
145 32.031
150 31.345
155 31.8144
160 31.2054
165 31.5001
170 32.1642
175 31.7772
180 31.7659
185 31.1765
190 31.3462
195 31.3506
205 31.521
210 31.5426
215 31.628
220 31.8249
225 31.4112
230 31.789
235 31.4714
240 31.1907
245 31.6229
250 31.2881
255 31.559
260 31.4694
265 31.4334
270 31.4747
280 31.5307
285 30.9924
290 31.5623
295 31.3929
300 31.389
305 31.0224
310 31.0645
315 31.6098
320 32.0019
325 31.3846
335 31.4067
340 31.1012
345 31.2231
350 31.8119
355 31.2491
360 31.6013
370 31.616
375 31.0456
380 31.3208
390 31.492
395 31.2219
400 31.429
405 31.2445
410 31.7223
420 31.8029
425 31.9532
430 31.9234
435 31.9708
440 31.6459
445 31.3896
450 31.1109
455 31.402
460 31.8726
465 31.0026
475 31.5309
480 31.7659
485 31.6676
490 31.3951
495 31.3645
500 31.2393
505 32.1478
510 31.7101
515 31.1046
520 31.2779
525 31.2316
530 31.4214
535 32.0387
540 31.0191
545 31.411
550 31.3514
555 31.2139
565 31.493
570 31.9451
575 31.0432
580 31.2339
585 32.2683
595 31.3776
600 31.6557
5 36.4004
15 31.867
25 31.2969
30 31.3322
35 31.5774
40 31.0409
45 31.7196
50 31.7697
55 31.2875
60 31.5615
65 31.5847
70 31.6193
75 31.4391
80 30.9721
85 31.3855
90 31.5873
95 31.2913
100 31.4895
105 31.6111
115 31.276
120 31.2551
125 31.371
130 31.5007
135 31.6696
145 31.2596
150 31.5988
155 31.5016
160 31.2813
165 31.8249
170 31.5436
175 32.0555
180 31.3687
185 32.0563
190 31.0861
195 31.1061
200 32.0516
205 31.5272
215 31.242
220 31.5593
225 32.0803
230 31.4312
240 31.26
245 31.4928
250 31.3842
255 31.4399
260 31.1111
265 31.124
270 31.5834
275 31.1285
280 32.3119
285 31.0899
290 31.2402
305 31.4551
315 30.8985
320 31.4234
330 32.2193
335 31.4524
340 31.1006
345 31.4086
350 31.2726
355 31.6241
360 31.1812
365 31.2322
370 31.091
375 31.7564
380 31.6752
385 31.4449
390 31.3147
395 31.5464
400 31.0588
405 31.618
410 32.1912
415 31.3113
420 31.2285
425 31.4067
430 31.5849
435 31.1823
440 31.787
445 32.0437
450 31.6753
455 31.6858
460 31.1881
465 31.5983
470 31.6611
475 31.548
480 31.7614
485 31.3557
490 31.0166
495 31.5454
500 31.4027
505 31.5887
510 31.0685
515 31.0992
520 31.0405
525 31.5508
530 31.4057
545 31.7891
550 30.8992
555 31.5863
560 31.6903
565 30.6644
570 31.5512
575 31.2325
580 32.1765
585 31.9211
590 31.0011
595 31.0412
600 31.2298
5 32.4784
10 31.222
15 31.155
20 31.5355
25 31.5153
30 31.6084
35 31.3592
40 31.5744
45 31.545
50 31.9933
55 32.2138
60 31.0914
65 31.2421
70 31.2892
75 31.5751
90 31.1966
95 31.7079
105 31.5611
115 31.2206
120 31.7177
125 31.4447
130 31.5908
135 31.0675
140 31.8995
145 31.5835
155 31.7212
160 31.3609
165 31.6518
175 31.3641
180 31.4691
185 31.5708
190 31.3081
195 31.9167
200 31.5194
205 31.5247
210 31.2474
215 31.425
220 31.6217
225 31.6512
230 31.4666
235 31.027
240 31.2826
245 31.2567
250 31.5786
255 31.8913
265 31.5671
270 31.5706
275 31.3879
280 31.5563
285 31.435
290 31.0719
295 31.6266
300 31.1327
305 31.3581
310 31.8241
315 31.8986
320 31.358
325 31.5729
330 31.4695
335 31.4408
345 31.2452
350 31.5854
355 31.5697
360 31.6418
370 31.5418
375 31.2247
380 31.1405
385 31.6978
390 31.4369
395 31.201
400 31.5594
410 31.8459
415 31.154
420 31.2518
425 31.9398
430 31.2777
435 31.1345
440 31.5405
445 31.6245
450 31.3822
460 31.1289
465 31.2765
470 31.3935
475 31.6513
480 31.5524
485 31.202
490 31.374
495 31.5957
500 31.5653
505 31.2416
515 31.7304
520 31.2823
525 31.2311
530 31.4056
535 31.4945
540 31.2461
550 31.5632
555 32.0617
560 31.2875
565 31.7464
570 31.344
575 31.4491
580 31.4343
585 31.3016
590 31.4353
595 31.6674
600 31.3681
5 34.2459
15 31.6295
20 31.2505
30 31.2786
35 31.3012
40 32.1093
45 31.5579
50 31.5813
55 31.4372
70 31.2364
75 31.7228
80 31.2581
85 31.6915
90 31.2975
95 31.6863
105 31.3393
110 31.5772
115 31.1633
120 31.3971
125 31.5323
130 31.9828
135 30.904
140 31.4761
150 31.1934
155 31.8322
160 31.021
165 31.5387
170 31.6757
175 31.3101
180 31.7429
185 30.6913
190 31.6884
195 31.3409
200 31.325
205 31.9936
210 30.9182
215 31.3141
220 31.1867
225 31.2489
230 31.4757
240 31.5064
245 31.4505
250 31.6543
255 31.1399
260 31.5097
265 31.6391
270 31.7058
275 31.2761
280 31.8537
285 31.2635
290 31.2629
300 31.1203
310 31.4208
315 31.7125
320 31.6837
325 31.4895
330 31.8803
335 31.1718
340 31.1078
345 31.6906
350 31.4445
355 31.1624
360 31.4112
365 31.6402
370 31.8299
375 31.4685
380 31.1814
385 31.4751
390 31.5341
395 31.7391
400 31.8462
405 31.3315
410 31.2636
415 31.5684
420 31.3783
425 31.284
430 32.3186
435 31.7811
440 31.0848
445 31.359
450 31.4996
455 31.3449
465 31.77
470 31.4879
475 31.8444
480 31.4821
485 31.9657
490 30.9113
495 31.4932
500 31.692
505 31.4793
515 31.0491
520 31.441
525 32.0505
530 31.5012
535 32.5246
540 31.1342
545 31.6699
550 31.5289
555 31.3129
560 31.575
565 31.504
570 31.1357
575 31.3651
580 31.2671
585 32.2083
590 31.6834
595 31.4939
600 31.6644
5 31.3281
10 31.3707
20 31.3942
25 31.2907
30 32.0266
35 31.1439
45 31.3165
50 31.9064
55 31.6832
60 31.7701
65 31.1925
70 32.1254
75 31.461
80 31.1473
85 31.3365
90 31.6389
95 31.4839
100 31.4724
105 31.1692
110 31.4958
115 32.0063
120 31.4661
125 31.8639
130 31.3924
135 31.4046
140 31.3617
145 31.8721
150 31.2955
155 31.4747
160 31.5367
165 31.4421
170 32.0955
175 31.6789
180 31.8513
185 31.2253
190 31.3795
195 31.7586
200 31.0548
205 32.2773
210 31.003
215 31.9102
220 31.2717
225 31.7047
230 31.5029
235 31.1023
245 31.5008
250 31.8163
255 31.8679
260 31.5948
265 31.6121
270 31.8684
275 31.2412
280 31.1496
285 31.6123
290 31.2619
295 31.4273
300 31.1138
305 31.6737
310 31.3813
315 31.581
320 31.3219
325 32.3888
330 31.2037
335 31.0788
340 31.4431
345 31.8782
350 31.8942
355 31.702
360 31.166
370 31.1734
375 31.2794
380 31.6522
385 31.323
390 31.3602
395 31.3076
400 31.3559
410 31.4836
415 31.3811
420 31.299
425 31.6883
430 31.8444
435 31.7022
440 31.343
445 31.6598
450 31.3119
455 31.7579
460 31.8152
465 31.5583
470 31.6705
475 31.6674
480 31.7101
485 32.6766
490 31.1502
500 31.2869
505 31.8701
510 31.7766
515 31.5937
520 31.6626
525 31.4708
530 31.4229
535 31.5307
540 31.5883
545 31.6676
550 31.3064
555 31.8869
560 31.156
565 31.428
570 31.2989
575 31.2774
580 31.5163
585 31.3085
590 31.1467
595 31.4234
600 31.3259
5 34.1379
10 31.6795
15 31.1457
20 31.2585
25 31.3243
30 31.4261
50 31.4066
55 31.2571
60 31.1036
65 31.4884
70 31.2668
75 31.5584
80 31.1683
85 30.7359
90 31.1285
95 31.2688
100 31.1188
105 31.4931
110 31.112
115 31.0486
120 31.4713
125 31.2886
130 31.5279
135 30.782
140 31.1136
145 31.1256
150 31.1055
155 31.6072
160 30.7537
170 31.3308
175 31.0444
180 31.888
185 30.9013
190 31.2812
195 31.2841
200 31.3343
205 31.5912
210 31.2093
215 31.1238
220 31.1207
225 30.9939
235 31.012
240 31.2386
245 31.3219
250 30.9088
255 31.1513
260 31.4067
265 31.1444
270 31.2912
275 31.1825
280 31.2296
285 31.4501
290 31.1099
295 31.1467
305 31.1768
315 31.1287
320 31.4541
325 31.2788
330 31.136
340 31.2724
345 31.1238
350 31.2558
355 31.256
360 31.298
365 31.3311
370 31.2847
375 31.2708
380 31.4448
385 31.5131
390 31.108
395 31.2604
400 31.4548
405 30.9188
410 31.1473
415 31.3252
420 31.2542
425 31.4808
435 31.7754
440 31.106
445 30.9999
450 31.1475
455 31.1205
460 31.3107
465 31.4108
470 31.4807
475 31.5366
480 31.485
485 31.4003
490 30.9983
495 31.4357
500 31.1697
505 30.9968
515 31.0349
525 31.1153
530 31.0151
535 31.089
540 31.1436
545 31.1657
550 31.1005
555 31.1184
560 31.0995
570 31.3378
575 31.119
580 31.0907
585 31.2957
590 31.3055
595 31.483
600 31.1682
5 31.2983
10 31.4941
15 30.7345
20 31.1301
25 31.1757
30 31.1208
40 30.9027
45 31.1783
50 31.0166
55 31.2837
65 30.8671
70 31.1308
75 31.1414
80 31.1523
90 31.0583
95 31.3259
100 30.868
105 31.1472
115 31.1088
120 31.4685
125 31.3207
130 31.2487
140 30.8737
145 31.2359
150 31.2824
155 31.1376
165 31.0099
170 31.1871
175 31.1255
180 31.2645
185 31.5644
190 31.04
195 31.4508
200 30.9523
205 31.4738
215 30.86
220 31.1174
225 31.1215
230 31.0903
235 31.392
240 31.0403
245 31.2774
250 31.1404
255 31.1092
260 31.4623
265 30.9125
270 31.5213
275 30.9729
280 31.1076
285 31.5499
295 31.0126
300 31.4495
305 31.1479
310 31.3004
320 30.8557
325 31.1378
330 31.1146
335 31.0979
345 31.1501
350 31.2786
355 31.1292
360 31.2778
370 30.9395
375 31.2884
380 31.145
385 31.0455
395 30.854
400 31.42
405 31.4866
410 31.1146
420 30.93
425 31.4171
430 31.1319
435 31.129
445 31.1311
450 31.4441
455 31.3012
460 31.1739
470 31.2291
475 31.3003
480 31.4676
485 31.1187
490 31.5378
495 31.1772
500 31.0259
505 31.1217
510 31.1459
515 31.5474
520 30.7392
525 31.1247
530 31.2847
535 31.0992
540 31.4237
545 31.0811
550 30.9927
555 31.2902
560 31.1211
565 31.604
575 31.211
580 31.2743
585 31.1457
590 31.5001
595 31.0189
600 31.1725
5 36.263
10 31.0522
15 30.0505
20 30.0815
25 30.0837
30 30.1196
35 30.1756
40 30.091
45 30.0955
50 30.2213
55 29.9357
60 30.0487
65 30.0814
70 30.3892
75 30.3795
80 30.1093
85 30.1989
90 30.0868
95 30.0931
100 30.0947
105 30.1287
110 30.2392
115 30.3747
120 30.0799
125 30.0785
130 30.3022
135 30.1068
140 29.8005
145 29.8872
150 30.2596
155 30.1031
160 30.1833
170 30.1143
175 30.0841
185 30.2393
190 29.7709
195 30.2222
200 30.095
205 30.256
210 30.5105
215 29.5533
220 30.1001
225 30.1354
230 30.2262
235 30.2588
240 29.9025
245 30.24
250 30.2776
255 29.6109
265 29.9362
270 30.2999
275 30.0533
280 30.0755
285 29.9643
295 30.0898
300 30.4078
305 30.4813
310 29.7307
315 30.2224
320 30.0725
325 30.0976
330 30.4344
335 30.0847
340 29.733
345 29.911
350 30.2869
355 30.0614
360 29.9341
365 30.0492
370 30.3894
380 30.2373
385 29.9768
390 30.1785
395 30.2735
400 30.3708
405 30.0707
410 30.0836
415 30.2077
420 30.2741
425 29.8837
430 30.2281
435 30.3039
440 29.8834
445 29.8699
450 30.2478
455 30.0602
460 30.0515
465 30.0568
470 30.0477
475 30.2192
480 30.0796
485 30.2514
490 30.0877
495 29.9686
500 30.2215
505 30.0357
510 30.5589
515 30.4307
520 30.0806
525 30.106
530 30.0547
535 30.2089
540 30.2591
545 29.9329
555 30.223
560 30.5517
565 30.0832
570 29.73
575 30.0484
580 30.0443
585 30.5952
590 30.251
595 29.7327
5 33.1215
10 31.2219
15 31.5603
20 31.3037
25 31.2594
30 32.0099
35 31.1682
40 31.3162
45 31.7425
50 31.2819
55 31.3263
60 31.1335
65 31.5213
70 31.728
75 31.4473
80 31.4699
85 31.054
90 31.4752
95 31.3764
100 31.466
105 31.5777
110 31.6476
120 31.8863
125 31.5523
130 31.388
135 31.6351
140 31.8744
150 31.1613
155 31.6251
165 31.3328
170 31.4811
175 32.3447
180 31.7269
185 31.3981
190 31.3879
195 31.7078
200 31.492
210 31.2219
215 31.431
220 31.1407
225 31.3628
230 31.7004
235 32.051
240 31.4648
245 31.3213
250 32.6402
255 31.2345
260 31.6088
265 31.4186
270 31.3848
275 31.452
280 31.4964
285 31.2868
290 31.7012
300 31.2899
305 31.7638
310 31.6837
315 31.1755
320 31.333
325 32.2331
330 31.3131
335 31.6918
340 31.2647
345 31.2756
350 31.175
355 31.5548
360 31.2211
365 31.6232
370 31.3043
380 31.7719
385 32.1356
390 31.1131
395 31.6583
400 31.6167
405 31.7996
410 31.1834
415 31.3616
420 31.2884
425 31.3083
430 31.3572
435 31.5077
440 31.7163
445 31.5124
450 31.4625
455 31.6855
460 31.1513
465 31.9321
470 31.7228
480 31.5207
485 31.1689
490 31.523
495 31.4643
500 31.3106
505 31.8276
510 31.5279
515 31.3134
520 31.3038
525 31.4772
530 31.629
535 31.7477
540 31.5811
545 31.5139
550 31.7089
555 31.4435
560 31.4382
565 31.5757
570 31.3713
575 31.0534
580 31.5252
585 31.1136
590 31.3056
595 31.6525
600 31.3184
5 34.2149
10 31.3565
15 31.3366
20 31.3741
25 31.207
30 31.3141
35 30.9761
40 31.2488
45 31.1741
50 31.2069
55 31.2327
60 30.9127
70 31.3431
75 31.1634
80 31.189
90 31.2014
95 31.1999
100 31.3377
105 31.2984
115 31.0228
120 31.1863
125 31.1806
130 31.4634
135 31.0138
140 31.2003
150 31.4175
155 31.0053
165 31.1756
170 31.2321
175 31.2081
180 31.2078
195 31.256
200 31.196
205 31.3801
220 31.1963
230 31.0019
240 31.0334
245 31.1972
250 31.2097
255 31.2174
260 31.3382
265 31.0864
270 31.1738
275 31.2635
280 31.1795
290 31.0594
295 31.1999
300 31.179
305 31.2468
315 30.9937
320 31.1914
325 31.1741
330 31.2129
340 31.1864
350 31.1988
355 31.4775
370 31.409
375 31.3674
380 31.2512
385 31.3748
395 31.0305
400 31.1812
405 31.2612
410 31.2793
420 31.1422
425 31.1612
430 31.2938
445 31.2916
450 31.3227
455 31.3833
460 31.5343
470 31.258
475 31.667
480 31.187
485 31.1729
495 31.0209
500 31.3186
505 31.364
510 31.4593
520 31.1694
525 31.4063
530 31.2878
535 31.2862
545 30.918
550 30.9588
555 31.0636
560 31.1116
570 30.9401
575 31.0638
580 30.9867
585 31.3054
600 31.2067
5 31.3797
10 31.0176
15 31.2908
20 31.3297
25 31.2979
30 31.454
35 31.1607
40 31.0577
45 31.3335
50 31.3301
55 31.589
60 30.9907
65 31.0892
70 31.1667
75 31.3157
80 31.2168
85 31.5727
90 31.3063
95 31.1371
100 31.1075
105 31.3108
115 31.2944
125 31.3576
130 31.1741
135 31.3533
140 31.2881
145 30.9534
150 31.5496
155 30.9493
160 31.4262
165 31.1069
170 31.0614
175 31.3564
180 31.341
185 31.3567
190 31.1287
195 31.4777
200 31.3856
205 31.0943
210 31.5372
215 31.1197
220 31.3362
225 31.3181
230 31.8652
240 31.1435
245 31.288
250 31.3194
255 31.1327
260 31.4038
265 31.1563
270 31.3115
275 31.1445
280 31.1584
290 31.3096
295 31.7072
300 31.3341
305 31.1536
310 31.3697
315 31.0013
320 31.3199
325 31.1677
330 31.5099
335 31.2761
340 31.5194
345 31.3383
350 31.2349
355 31.4827
360 31.3589
370 31.1781
375 31.1912
380 31.1762
385 31.145
395 31.0246
400 31.5555
405 31.1741
420 31.317
425 31.1125
430 31.4664
435 31.3098
440 31.0032
445 30.9861
450 31.1484
455 31.3423
460 31.1696
465 31.3528
470 31.312
475 31.5079
480 31.376
490 31.5365
495 30.9745
500 31.3105
505 31.4774
510 31.5475
515 31.0745
520 30.9938
525 31.1375
530 31.2904
535 31.5483
540 30.9985
545 31.1553
555 31.2835
560 31.1568
565 31.7171
570 31.3128
575 31.2138
580 31.3084
585 31.2577
590 31.4956
600 31.3666
