5 32.0937741935
10 43.4394947368
15 44.5059210526
20 44.3712952381
25 44.7248590909
30 44.5298777778
35 44.6912155556
40 44.6763068182
45 44.5815045455
50 44.6613068182
55 44.4567711111
60 44.7644652174
65 44.6084869565
70 44.6630933333
75 44.5966311111
80 44.4003304348
85 44.9002272727
90 44.6342521739
95 44.61218
100 44.6066022222
105 44.3910711111
110 44.73958
115 44.7245891304
120 44.6547133333
125 44.6445791667
130 44.4212659574
135 44.6810041667
140 44.7290816327
145 44.655572
150 44.676716
155 44.3695571429
160 44.907512
165 44.6712673469
170 44.6339632653
175 44.6602125
180 44.4321122449
185 44.762093617
190 44.7041166667
195 44.6524729167
200 44.6880297872
205 44.3778893617
210 44.83506875
215 44.67298125
220 44.6059297872
225 44.64338
230 44.5232021277
235 44.6869204082
240 44.6752163265
245 44.645338
250 44.6188428571
255 44.46970625
260 44.6866744681
265 44.743544898
270 44.6404367347
275 44.6176816327
280 44.4567791667
285 44.607758
290 44.8313265306
295 44.5675456522
300 44.6438816327
305 44.5368148936
310 44.5918142857
315 44.7795895833
320 44.6380375
325 44.6635
330 44.5519458333
335 44.5709204082
340 44.7499208333
345 44.6549755102
350 44.64071
355 44.6195791667
360 44.4858282609
365 44.7414479167
370 44.626418
375 44.6738468085
380 44.5860590909
385 44.573677551
390 44.7571875
395 44.6815061224
400 44.6263591837
405 44.6428229167
410 44.5746510204
415 44.8088918367
420 44.6623625
425 44.6400591837
430 44.6193142857
435 44.4845122449
440 44.731498
445 44.7590795918
450 44.6750395833
455 44.6320520833
460 44.5539086957
465 44.740212766
470 44.675886
475 44.6239895833
480 44.6731625
485 44.4049041667
490 44.83010625
495 44.6143918367
500 44.683402
505 44.66343125
510 44.42115
515 44.7890434783
520 44.6838234043
525 44.591624
530 44.6548458333
535 44.4787714286
540 44.7418145833
545 44.7367166667
550 44.6144918367
555 44.6839543478
560 44.5380372549
565 44.6560375
570 44.8052469388
575 44.65537
580 44.577324
585 44.5696183673
590 44.6482212766
595 44.7586102041
600 44.6182795918
