5 32.3929583333
10 31.4421829268
15 31.3805
20 31.3407595745
25 31.3656586957
30 31.3948386364
35 31.3230761905
40 31.3078204545
45 31.3929065217
50 31.4291369565
55 31.3850243902
60 31.2929568182
65 31.3857073171
70 31.4054625
75 31.4019
80 31.4395673913
85 31.321874359
90 31.3134733333
95 31.3992125
100 31.3593933333
105 31.415776087
110 31.3197341463
115 31.3109909091
120 31.3789744681
125 31.3785895833
130 31.3597291667
135 31.2624088889
140 31.3516
145 31.3596933333
150 31.3281043478
155 31.3834340426
160 31.2528955556
165 31.3757809524
170 31.3850916667
175 31.417506383
180 31.5199133333
185 31.398106383
190 31.3920931818
195 31.4339456522
200 31.4216456522
205 31.5091446809
210 31.2559477273
215 31.3159804348
220 31.3494897959
225 31.4154717391
230 31.3782652174
235 31.3543102564
240 31.3217681818
245 31.3342625
250 31.3749265306
255 31.3818854167
260 31.37625
265 31.3244431818
270 31.37437
275 31.2986955556
280 31.3927586957
285 31.3809525
290 31.2827534884
295 31.3697045455
300 31.2970431818
305 31.3768022727
310 31.415352381
315 31.3942684211
320 31.3977521739
325 31.4177333333
330 31.4103545455
335 31.4351956522
340 31.3970697674
345 31.3049818182
350 31.42403125
355 31.4898957447
360 31.4288772727
365 31.3858894737
370 31.3096522727
375 31.5200586957
380 31.3918489362
385 31.4433857143
390 31.3548023256
395 31.3385652174
400 31.39425
405 31.4027659574
410 31.36608
415 31.32876
420 31.3373404762
425 31.3343382979
430 31.4417891304
435 31.57238125
440 31.4122595238
445 31.3632511111
450 31.4145311111
455 31.4354622222
460 31.4604021739
465 31.3711255319
470 31.3842644444
475 31.4638717391
480 31.49425
485 31.4946604167
490 31.3734531915
495 31.4200190476
500 31.422636
505 31.3715425532
510 31.5128292683
515 31.3146577778
520 31.3576177778
525 31.4386844444
530 31.4178446809
535 31.5179583333
540 31.2976780488
545 31.3988695652
550 31.4186093023
555 31.3672022222
560 31.4716702128
565 31.4876434783
570 31.3895311111
575 31.3384744186
580 31.4090914894
585 31.4659625
590 31.3310119048
595 31.4771463415
600 31.4087
