5 34.379
10 31.5001
15 31.2743
20 31.0999
25 31.3334
35 31.2443
40 31.3189
45 31.3516
50 31.4854
60 31.221
65 31.1598
70 31.2884
75 31.3324
80 31.5204
85 31.7049
90 31.2751
95 31.4513
100 31.4571
110 31.7601
115 31.5676
120 31.6286
125 31.2472
130 31.6389
135 31.1019
140 31.4587
145 31.5387
150 31.4715
155 31.5296
160 31.0189
165 31.3338
170 31.5578
175 31.3006
180 31.7486
185 31.4082
190 31.5654
195 31.8615
200 31.4853
205 31.3351
210 31.4356
215 31.4509
220 31.5047
225 31.632
230 31.4483
235 31.0148
240 31.5322
245 31.4258
250 31.5783
255 31.1389
260 31.2053
265 31.8207
270 31.6457
275 31.7003
280 31.5077
285 31.7806
290 31.6447
295 31.3274
300 31.1022
305 31.3092
310 31.3497
315 31.2123
320 31.3564
325 31.3049
330 31.1475
335 31.1796
340 31.6862
345 31.4276
355 31.5999
360 31.0065
365 31.2664
375 31.3839
380 31.3209
385 31.372
390 31.5744
395 31.5412
400 31.3126
405 31.3333
410 31.3524
415 31.1059
420 31.2452
425 31.3376
430 31.4946
435 31.4168
440 31.2378
445 30.9627
450 31.1804
455 31.7028
460 31.4997
465 31.656
470 31.1546
475 31.3092
480 31.1613
485 31.6863
490 30.906
495 31.4881
505 31.2215
515 31.0845
520 31.5524
525 31.5023
530 31.5375
535 31.2718
540 31.526
545 31.6656
550 31.2729
560 31.8597
565 31.5389
570 31.1187
575 31.451
585 31.1475
590 31.3297
595 31.7186
600 31.2266
5 31.5012
15 31.0526
20 31.0915
25 31.3612
35 31.2799
40 31.4543
45 31.5715
50 31.224
55 31.7756
60 30.997
65 31.7367
70 31.2358
75 31.5982
80 31.431
85 31.6132
90 30.8443
95 31.2346
100 31.4239
105 31.6411
110 31.154
115 31.0127
120 31.111
125 31.2756
130 31.3377
135 31.0252
140 31.4254
145 31.6644
150 31.225
155 31.0254
160 31.1789
165 31.3959
170 31.2345
175 31.0467
185 31.3419
190 31.0615
195 31.0618
200 31.2387
210 31.2597
215 31.5184
220 31.0423
225 31.7331
230 31.4506
240 31.604
245 31.3107
250 31.2536
255 31.1629
260 31.4328
265 31.2947
270 31.3657
275 31.02
285 31.5414
295 30.9141
300 31.0363
305 31.4238
310 31.1865
315 31.2938
320 31.1916
325 31.0284
330 31.2119
335 31.6043
340 30.9395
345 31.6203
350 31.2231
355 31.5416
360 31.7727
365 31.3018
370 31.0599
375 31.2351
380 31.5415
385 31.2395
395 31.5623
400 31.2146
405 31.501
410 31.2367
415 31.2112
425 31.4616
430 31.3407
435 31.1934
440 31.7092
445 31.482
450 31.3612
455 31.5071
460 30.8666
465 31.0993
470 31.019
475 31.5603
480 31.3897
495 31.3029
500 31.4396
505 31.388
510 31.0508
515 31.5109
520 31.1754
535 31.0706
540 31.3803
545 30.8
550 31.635
555 31.5249
560 31.0479
565 31.6893
570 31.0167
575 30.9757
580 31.4634
585 31.1916
590 31.6522
595 31.2777
600 31.2754
5 32.069
10 31.2467
20 31.3865
25 31.337
30 31.3856
35 31.1703
40 31.392
45 31.2133
50 31.1934
55 31.3135
60 31.582
70 31.5395
75 31.3443
80 31.2158
95 31.2172
100 31.193
105 31.2008
120 30.7642
125 31.2353
130 31.183
135 31.3609
145 31.1932
150 31.3426
155 31.2505
160 31.4887
165 31.3836
170 31.1662
175 31.3515
180 31.353
185 31.1897
190 31.5847
195 31.0105
200 31.1781
205 31.3572
210 31.201
215 31.4233
220 31.2298
225 31.2349
230 31.19
235 31.1983
245 31.1544
250 31.1873
255 31.3961
260 31.2207
265 31.413
270 30.9928
275 31.3865
280 31.4069
285 31.1984
290 31.2433
295 31.1516
300 31.1284
305 31.336
310 31.343
315 31.4007
325 31.1802
330 31.1944
340 31.357
345 31.2845
350 31.2404
355 31.1711
360 31.1795
375 31.3725
380 31.2678
385 31.2026
390 31.1967
400 31.0085
405 31.1529
410 31.2043
415 31.2062
425 31.2006
430 31.341
435 31.209
440 31.2902
445 31.3944
450 31.1726
455 31.2767
460 31.1672
465 31.3673
470 31.757
475 31.0915
480 31.4926
485 31.1776
490 31.2418
500 31.0728
505 31.1851
510 31.231
515 31.3862
520 31.3984
525 30.9705
530 31.2059
535 31.3963
540 31.2363
550 31.204
555 31.2183
560 31.0886
565 31.2775
570 31.2345
575 31.1793
580 31.2369
585 31.1769
590 31.2572
595 31.3946
600 30.9955
5 31.7396
10 31.2126
15 31.1247
20 31.273
25 31.1561
30 31.4906
35 30.9582
40 31.1213
45 31.1064
50 31.4463
55 31.2308
60 31.1537
65 31.1663
70 31.1467
75 31.1292
80 31.4485
85 31.0249
90 31.329
95 31.1177
100 31.424
105 30.9518
110 31.4321
115 30.9379
120 31.1085
125 31.266
130 31.2911
135 31.1133
140 31.0989
145 31.134
150 31.0448
155 31.1274
160 31.0153
165 31.2613
170 31.2309
180 31.6168
185 31.3107
190 31.0935
195 31.2867
200 31.1684
205 31.2106
210 31.1524
215 31.3175
220 31.328
225 31.1713
230 31.2952
235 30.9827
240 31.1284
245 31.0907
250 31.1228
255 31.4686
260 31.1156
265 31.5238
270 31.4832
275 31.2699
280 31.2848
285 31.3052
290 31.1243
295 31.3082
300 31.2807
305 31.4228
310 31.3121
315 31.3906
320 31.222
325 31.472
330 31.2712
335 31.3682
340 31.2191
345 31.3326
350 31.1387
355 31.11
360 31.3799
365 31.3503
370 31.4363
375 31.291
380 31.615
385 31.25
390 31.07
395 31.3395
400 31.6543
405 31.1537
410 31.1053
415 31.0963
420 31.514
425 31.211
430 31.8434
435 31.7631
440 31.6238
445 31.2713
450 31.1059
455 31.4969
460 31.4882
465 31.4405
470 31.139
475 31.3842
480 31.293
485 31.1758
490 31.7752
495 31.3031
500 31.307
505 31.2853
510 31.113
515 31.6468
520 31.4996
525 31.3388
530 31.1428
535 31.4492
540 31.4908
545 30.9491
550 31.4804
555 31.4476
560 31.5197
565 31.3142
570 31.1185
575 31.5757
580 31.3181
585 31.4238
590 31.1171
595 31.3098
600 31.4485
5 31.3565
10 31.0964
15 31.2979
20 31.3021
25 31.4279
30 31.3327
35 31.1223
40 31.0844
45 31.1303
50 31.6192
55 31.1654
60 31.0885
65 31.0753
70 31.2761
75 31.3065
80 31.231
85 31.2493
90 31.3577
95 31.2819
100 31.144
105 31.3251
110 30.9844
115 31.1905
120 31.2749
125 31.0969
130 31.3311
140 30.9274
145 31.3017
150 31.1564
155 31.166
160 31.4047
165 31.0528
170 31.1392
180 31.3032
185 31.6865
190 30.7237
195 31.3627
200 31.4401
205 31.4697
215 30.7924
220 31.0975
225 31.1593
230 31.6427
240 30.7593
245 31.0336
250 31.312
255 31.3683
265 31.0259
270 31.2878
275 31.0352
280 31.8247
285 30.9983
290 30.8379
295 31.1361
300 31.0982
305 31.5383
310 31.125
315 30.9252
320 31.2853
325 31.1125
330 31.5961
335 31.4158
340 30.9598
345 31.1448
350 31.2858
355 31.282
360 31.4589
365 30.9555
370 31.3255
375 31.0065
380 31.1606
385 31.1029
390 31.163
395 31.1798
400 31.2296
405 31.3667
410 31.3321
415 31.1428
420 31.4786
425 31.3219
430 31.1474
440 31.3294
445 31.0579
450 31.1774
455 31.1394
460 31.1266
470 31.2766
475 31.3612
480 31.1587
485 31.1587
495 30.7865
500 31.3313
505 31.1233
510 31.2912
520 30.7824
525 31.1276
530 31.1345
535 31.5062
545 30.8247
550 31.3337
555 30.9487
560 31.3052
565 31.489
570 30.8161
575 31.1596
580 31.276
585 31.2491
590 31.2893
595 30.8889
600 31.1372
5 33.3269
10 32.1361
15 31.3106
20 31.5882
25 31.5191
35 31.8045
40 31.1452
45 31.7078
50 31.7417
55 31.5493
60 31.3297
65 31.7628
70 31.8608
75 31.3127
80 31.588
85 31.2356
90 31.3494
95 31.6803
100 31.7442
105 31.3669
110 31.3719
115 31.3122
120 31.2911
125 31.5101
130 31.1923
135 31.5608
145 31.3907
150 31.3825
155 31.5091
160 31.6226
165 31.8265
170 31.3966
175 31.6499
185 31.5591
190 31.4506
195 31.4434
200 31.404
205 31.2546
210 31.5458
215 31.5597
220 31.1161
225 31.4195
230 31.4456
235 31.5809
240 31.6357
245 31.4197
255 31.3632
260 31.6167
265 31.6625
275 31.7058
285 31.3957
295 30.926
300 31.5521
305 31.5324
310 31.2139
325 31.7372
330 31.5816
335 31.439
340 31.7947
350 31.3721
355 31.5449
365 31.5105
370 31.444
375 31.4745
390 0
395 0
405 31.7435
410 31.5508
415 31.4983
425 31.5839
430 31.3962
435 31.2074
440 31.1816
445 31.7156
450 31.1369
455 31.4198
460 31.203
465 31.5384
470 31.5215
475 31.0996
485 31.5598
490 31.7404
495 31.4986
500 31.0666
505 31.5584
510 31.3834
515 31.1316
520 31.5069
525 31.2887
535 31.3526
540 31.7463
545 31.916
550 31.4988
555 31.1957
560 31.8169
565 31.5328
570 31.5515
580 31.4782
585 31.1913
590 31.267
595 31.5356
600 31.4635
5 31.4516
10 31.1907
15 31.2792
20 31.1382
25 31.3008
30 31.221
35 31.0385
40 31.3122
45 31.4002
50 30.972
55 31.158
60 31.1786
65 31.2816
70 31.475
75 31.1185
80 31.5623
85 30.7998
90 31.0927
95 31.4315
100 31.0774
105 30.9901
110 31.1235
115 31.2854
120 31.0637
125 31.1095
130 31.1165
135 31.3801
140 31.0265
145 31.0801
155 31.1719
160 31.2153
165 31.5724
170 31.0377
175 31.2556
180 31.0919
185 31.3202
190 30.9228
195 31.6568
200 30.8907
210 31.3191
215 31.0392
220 30.9346
225 31.4423
230 31.059
235 31.2023
240 30.9835
245 31.1082
250 31.0704
255 31.1159
260 31.2013
265 31.1984
270 31.2784
275 31.3274
280 31.1223
285 31.5749
290 30.9389
295 31.2427
300 31.1407
305 31.0968
310 31.1957
315 31.1244
320 31.1122
325 31.0923
330 31.1223
335 31.1901
345 31.5203
350 31.0836
355 31.1101
360 31.1967
365 30.9899
370 31.0839
375 31.4556
380 30.91
385 31.1802
390 31.0581
395 31.1284
400 31.0983
405 31.2451
410 31.3671
415 31.0084
420 31.3469
425 30.925
435 31.4602
440 31.3148
445 30.9176
450 31.242
455 31.1266
460 31.1143
465 31.2866
470 31.0092
475 31.1475
480 31.123
485 31.2637
490 31.306
500 31.0708
505 31.092
510 31.106
515 31.2157
520 31.0318
525 31.1864
530 30.9981
535 31.2716
540 31.201
545 31.2019
550 31.0898
555 31.1075
560 31.1429
565 31.2221
570 31.1181
575 31.4386
580 31.161
585 31.0501
590 31.1139
595 31.3038
600 31.0939
5 31.1546
10 31.6606
15 30.995
20 31.7112
25 31.4611
30 31.7551
35 31.8376
40 31.6843
45 31.6621
50 31.3201
55 31.706
60 31.1254
70 31.6602
75 31.5609
80 32.2554
85 31.3148
90 31.1675
95 31.4733
100 31.8204
105 31.7401
110 31.7477
115 31.5931
130 31.2167
135 31.2369
140 31.3945
145 31.345
150 31.229
155 31.1965
160 31.3454
170 31.7298
175 31.5457
180 31.091
185 31.4937
190 31.8858
195 31.2133
200 31.4744
205 31.1697
210 31.4502
215 31.1413
220 31.2993
225 31.913
230 31.1167
235 31.505
240 31.3981
245 31.6705
250 31.2389
255 31.1469
260 31.6759
265 31.4949
270 31.8615
275 31.692
280 31.3969
285 31.632
290 31.1299
295 31.32
300 31.8789
305 32.1125
310 31.5064
315 31.1617
320 31.4898
325 31.7276
330 31.1308
335 31.3042
340 31.2606
345 31.3036
350 31.8533
355 31.3527
360 31.4989
365 31.3185
370 31.4906
375 31.6197
380 31.4882
385 31.5822
390 31.1324
395 31.1755
400 31.5192
405 31.5479
410 31.7977
415 31.568
420 31.8391
425 31.514
430 31.8647
435 31.6898
440 31.28
450 31.6934
455 31.2851
460 31.9462
465 31.153
470 31.6518
475 31.3326
480 31.4451
485 31.7049
490 31.8461
500 31.4955
505 31.7532
510 31.5636
515 31.6747
520 31.6933
525 31.502
530 31.1788
540 31.3387
545 31.4386
550 31.5822
555 31.1427
560 31.5291
565 31.3867
570 31.7387
575 31.2051
580 31.7154
585 31.1821
590 31.6116
595 31.8261
600 31.3328
5 31.6401
10 31.1715
15 31.7522
20 31.3059
25 31.3623
30 31.9093
35 31.4117
40 31.1708
45 31.7547
50 31.2018
55 31.5602
60 30.7381
65 32.2059
70 31.7609
75 31.5292
80 31.0527
85 31.301
90 31.0371
95 31.3741
100 31.1931
105 31.6852
110 30.8481
115 31.4189
120 31.3065
125 31.5833
130 31.2477
135 31.4161
140 30.8617
145 30.9292
150 31.4559
155 31.3565
160 31.6155
165 31.0388
170 31.4004
175 31.3573
180 31.0368
190 31.3928
200 31.7243
205 31.1812
215 31.3984
220 31.4973
225 31.2097
230 31.3539
235 31.319
245 31.3883
250 31.5541
255 31.4117
260 31.2258
265 31.6924
270 31.1916
275 31.1857
280 31.4443
285 31.4557
290 30.9159
295 31.1829
300 31.127
305 31.4252
310 31.5593
315 31.3986
320 31.611
325 31.3232
330 31.3431
335 31.8621
340 31.0541
345 31.0038
350 31.7087
355 31.4112
360 31.4287
365 31.1676
370 31.4819
375 31.561
380 31.0221
385 31.447
390 31.1813
395 31.5731
400 31.4332
405 31.1493
410 31.6962
425 31.3556
430 31.3269
435 31.3595
440 31.4553
445 31.3812
450 31.0316
455 31.3353
460 31.1597
465 31.2782
470 31.2329
475 31.177
480 31.4185
485 31.9117
490 31.2204
495 31.8289
500 31.5311
510 31.4965
515 31.2541
520 30.9011
525 31.8029
530 31.3386
535 31.9409
540 31.2455
550 31.2453
