5 32.0687222222
10 31.4018375
15 31.2608125
20 31.3218333333
25 31.3621
30 31.5157166667
35 31.3185888889
40 31.2981555556
45 31.4331
50 31.3559888889
55 31.43235
60 31.1571111111
65 31.4840571429
70 31.4714888889
75 31.3591
80 31.4783444444
85 31.2804375
90 31.1816
95 31.3624333333
100 31.3863444444
105 31.3626375
110 31.302725
115 31.2897875
120 31.1935625
125 31.2904875
130 31.2838888889
135 31.2744
140 31.1704428571
145 31.2863333333
150 31.2884625
155 31.2592111111
160 31.3228111111
165 31.3581375
170 31.3214555556
175 31.3581857143
180 31.3201857143
185 31.41375
190 31.2978666667
195 31.3620875
200 31.3337777778
205 31.2825857143
210 31.3376857143
215 31.2934555556
220 31.2277333333
225 31.4350111111
230 31.3335555556
235 31.2575714286
240 31.2916
245 31.2891
250 31.289675
255 31.2858333333
260 31.3367625
265 31.4584777778
270 31.3883375
275 31.3692
280 31.4268
285 31.4313555556
290 31.1192714286
295 31.1676666667
300 31.2605
305 31.4663333333
310 31.3101777778
315 31.2384125
320 31.3240428571
325 31.3309222222
330 31.2887666667
335 31.4204125
340 31.283875
345 31.3296875
350 31.3632125
355 31.3470555556
360 31.365225
365 31.2325625
370 31.3317285714
375 31.3777555556
380 31.2907625
385 31.29705
390 27.2969875
395 27.437475
400 31.3087875
405 31.3548222222
410 31.4047333333
415 31.2296375
420 31.48476
425 31.3234666667
430 31.4693625
435 31.4124
440 31.3802333333
445 31.2728375
450 31.2334888889
455 31.3655222222
460 31.2857222222
465 31.3524125
470 31.3068444444
475 31.2736777778
480 31.3102375
485 31.4548125
490 31.4337
495 31.3680166667
500 31.2893375
505 31.32585
510 31.2794375
515 31.3630625
520 31.2823666667
525 31.3399
530 31.2194571429
535 31.4074
540 31.3956125
545 31.2565571429
550 31.3713444444
555 31.2264857143
560 31.41375
565 31.4313125
570 31.2141
575 31.2835714286
580 31.3784285714
585 31.20155
590 31.32975
595 31.4068875
600 31.246675
