5 43.8649
10 44.6252
15 43.9422
20 44.6256
25 44.6279
30 44.6278
35 44.6093
40 44.6415
45 44.6693
50 44.6144
55 43.6683
60 45.5895
65 43.9282
70 44.6414
75 44.6376
80 44.2701
85 44.9379
90 44.6169
95 43.9221
100 44.609
105 44.5732
110 44.6683
115 44.6678
120 43.9961
125 43.9651
130 43.2393
135 44.8495
140 44.3754
145 44.6312
150 44.6222
155 44.6646
160 44.6222
165 44.9519
170 44.6179
175 44.6166
180 44.6376
190 18.9086
195 18.6118
205 18.8906
210 18.813
215 18.5693
220 18.5929
225 18.6055
240 18.5819
245 18.5846
250 18.3389
280 18.3388
295 18.2899
300 19.0867
305 18.6087
315 19.1374
320 18.558
325 18.6029
330 18.8868
335 18.933
350 18.2452
355 17.6467
370 18.8269
375 18.8825
380 18.8484
390 17.9148
400 17.8779
405 17.9259
415 18.0109
420 19.255
435 18.8375
440 18.5839
445 18.3408
450 18.6064
455 18.874
460 19.3004
470 17.9704
475 18.5865
480 18.2972
485 18.8449
500 18.8491
505 18.3053
510 19.2852
515 17.2745
520 18.7222
535 18.9176
540 19.0268
545 17.9549
550 18.6742
600 17.26
5 0
10 44.3766
15 44.6487
20 44.6778
25 44.6575
30 43.9843
35 45.2676
40 44.652
45 44.6171
50 44.6586
55 43.9475
60 44.6543
65 44.6709
70 44.6496
75 44.6272
80 44.6406
85 44.6591
90 44.6178
95 44.6505
100 44.6772
105 44.2856
110 44.401
115 45.2864
120 44.6291
125 44.6243
130 44.0033
135 45.2138
140 44.6334
145 44.6648
150 44.6476
155 44.3173
160 44.6266
165 44.6527
170 44.6632
175 44.6522
180 44.6215
185 19.8146
195 17.7689
205 18.5103
220 18.607
225 19.9703
230 17.2479
235 17.7785
240 18.6386
245 18.3377
250 18.6128
255 18.6289
275 18.9063
280 17.8817
285 18.0166
300 18.9126
315 18.1716
320 18.6571
340 18.712
345 18.6383
350 18.8736
360 18.869
370 19.1794
375 18.6251
380 18.6618
390 18.1787
400 18.6511
420 18.8958
430 18.8868
435 18.6397
440 19.7309
445 18.199
455 18.91
475 18.9085
495 18.2415
500 17.1864
505 18.6212
515 18.6828
525 18.7067
545 18.8984
555 18.6994
560 18.6372
575 18.8947
580 18.6722
590 18.6825
595 18.896
5 29.8013
10 40.4385
15 44.7073
20 44.7234
25 44.7095
30 43.9653
35 45.2837
40 44.7449
45 44.6616
50 44.6692
55 43.9296
60 45.2837
65 44.7401
70 44.7041
75 44.0302
80 43.9736
85 45.265
90 44.71
95 44.7286
100 44.6818
105 43.1672
110 45.7621
115 44.7232
120 44.7346
125 44.6957
130 44.6961
135 44.3242
140 44.9861
145 44.6873
150 44.7096
155 43.2062
160 45.2062
165 45.3563
170 44.6864
175 44.751
180 44.7464
5 37.9845
10 44.9728
15 44.6107
20 44.614
25 44.641
30 44.6404
35 44.6044
40 43.9332
50 44.6399
55 44.6115
60 44.6422
65 44.6423
70 44.6367
75 44.5949
80 44.6437
85 44.6122
90 44.6502
95 44.6233
100 44.6067
105 44.7168
110 44.6504
115 44.9751
120 44.9158
125 44.6107
130 44.6651
135 44.6411
140 44.6206
145 44.6283
150 44.6376
155 44.6293
160 44.943
165 44.6412
170 44.6451
175 44.5933
180 44.6319
185 18.0272
200 18.8295
215 18.3899
225 18.4303
235 19.2087
250 18.8379
255 18.8227
260 18.6465
295 18.5274
300 18.511
305 18.5428
315 18.9159
330 18.5182
345 18.5873
350 18.5622
360 18.8303
365 18.1295
370 17.8696
375 18.6901
380 17.8242
390 18.9053
405 18.5438
410 18.5369
425 18.84
460 17.8974
465 18.9529
490 19.0684
515 19.7751
520 17.106
525 18.5026
535 18.1456
550 18.6083
555 18.4748
565 18.8137
570 18.2592
575 18.5577
580 18.5745
5 36.1996
10 43.9616
15 43.9381
20 44.623
25 44.6602
30 44.7118
35 43.9926
40 44.6571
45 44.6361
50 44.6436
55 44.6357
60 44.2713
65 44.6626
70 44.6532
75 44.683
80 44.6581
85 44.6653
90 44.6395
95 44.6529
100 44.7128
105 44.2784
110 44.3739
115 44.9328
120 44.6599
125 44.6829
130 44.6845
135 44.6609
140 44.668
145 43.9554
150 44.7081
155 45.0121
160 44.3664
165 44.6666
170 44.651
175 44.6412
180 43.5796
185 19.9515
190 18.7979
195 18.8987
200 18.9322
205 17.7036
215 18.6253
220 18.9243
225 18.3911
235 18.8463
240 18.6392
245 18.8698
250 17.9812
255 18.2535
265 18.6633
285 18.244
290 17.7284
295 18.6627
310 18.6277
315 18.6417
325 17.9859
330 18.6495
350 18.5912
355 18.8995
365 18.3589
375 18.7001
380 17.5764
385 19.2047
390 17.8265
400 18.3815
405 18.6727
410 20.0429
425 18.6318
430 21.9707
440 18.5592
445 18.6657
450 18.6321
455 20.8966
460 16.6217
465 18.6302
470 17.9951
475 18.9065
480 18.6542
485 19.6404
490 18.0232
495 18.6393
500 18.6001
505 18.5752
515 17.6405
520 18.5831
525 19.2305
555 18.3638
565 18.4247
580 18.6462
585 18.548
590 17.9796
595 18.6095
25 44.7181
30 44.7409
35 44.7649
40 44.7312
45 44.0313
50 44.7763
55 44.7477
60 44.7342
65 44.7108
70 44.7022
75 43.936
80 45.2884
90 44.7237
100 44.738
110 45.3636
115 44.7178
120 44.7753
125 44.7216
135 45.068
140 44.7715
145 44.746
150 44.7061
160 45.0369
165 44.7423
170 44.7657
175 44.7343
180 44.6784
185 20.6224
190 17.9113
195 18.6544
200 18.6679
210 19.6502
215 17.5809
220 18.6597
225 18.7096
230 18.6338
235 19.1924
240 18.1405
245 18.683
250 18.6742
255 18.6365
260 18.6482
265 18.3508
270 18.6666
275 18.4235
280 18.6589
285 20.5476
290 16.9601
295 18.4502
300 18.7084
320 18.4833
325 18.6622
330 18.6776
335 19.6258
340 17.3479
345 18.6812
350 18.6897
355 18.6515
360 20.3825
370 18.6522
375 18.7032
380 18.6227
390 18.0681
395 18.6902
400 18.7987
405 18.5153
415 17.9572
420 18.6807
425 18.7627
430 18.6668
435 19.719
440 17.8272
445 18.3736
450 18.6411
455 18.661
460 18.4459
465 18.5897
470 17.9044
480 17.9664
485 20.2573
490 17.5441
495 18.6981
500 18.5049
505 18.6509
510 18.8621
515 18.8394
520 18.6717
525 18.6874
530 19.203
535 18.8047
545 18.9591
550 18.681
555 18.6817
565 18.3132
570 18.6433
575 18.6431
585 19.3113
590 17.8466
595 18.6621
600 18.7046
5 0
10 42.852
15 44.0332
20 44.692
25 44.6751
30 44.7378
35 44.6366
40 44.6721
45 45.0059
50 44.665
55 44.0589
60 45.328
65 44.6573
70 44.6696
75 44.9638
80 44.0213
85 45.0333
90 44.0052
95 44.6793
100 44.6572
105 44.0522
110 45.2328
115 44.7
120 44.6795
125 44.6933
130 44.7119
135 44.7005
140 44.6703
145 44.7018
150 44.6751
155 44.6866
160 44.6867
165 44.6753
170 44.6901
175 44.6442
180 44.6876
190 18.149
195 18.0012
200 18.714
205 18.7094
215 17.5981
220 18.9479
225 18.6995
230 18.6513
235 19.9879
240 17.362
245 18.0448
250 18.4304
255 18.3959
260 19.3828
265 17.9336
270 18.7153
275 18.6908
280 18.6754
290 16.6515
295 18.7442
300 18.4295
305 20.0696
310 18.1211
315 18.2919
320 18.9718
325 18.659
330 18.756
335 20.5563
340 17.1567
345 19.001
350 18.6775
355 18.7245
360 18.8064
365 18.5523
370 18.7248
375 18.6702
380 18.7108
385 19.8229
390 17.7043
395 18.9754
400 18.7001
405 20.5316
410 17.4277
415 18.2941
420 18.0777
425 18.713
430 18.7816
440 19.4727
445 18.0647
450 18.6591
455 18.7015
460 18.4442
465 18.9601
470 18.6746
475 18.6992
480 18.7317
485 18.5457
490 17.8937
495 18.9637
500 18.6966
505 18.2854
510 18.7147
515 19.0954
525 18.6833
530 18.6824
535 18.7365
540 19.1529
545 18.1528
550 18.7451
555 18.7172
560 18.708
565 19.4507
570 17.9001
575 18.6879
580 18.6896
585 19.7742
590 17.9728
595 18.4272
600 18.656
10 44.112
15 44.1584
20 44.7259
25 45.0803
30 44.5956
35 44.7398
40 44.7043
45 44.7752
50 44.1036
55 44.0309
60 44.7749
65 44.7537
70 44.6917
75 44.7619
80 43.3516
85 46.1964
90 44.7819
95 44.7342
100 44.032
105 43.648
110 45.623
115 44.744
120 44.7044
125 44.0298
130 44.0007
135 45.258
140 44.7095
145 44.7114
150 44.6932
155 43.938
160 45.3875
165 44.7163
170 44.749
175 44.7035
180 43.9714
185 20.6072
195 18.6473
200 18.4496
210 18.6556
215 18.6662
220 18.6506
230 19.0619
235 18.4249
250 18.9014
255 18.8417
260 18.051
265 18.4098
270 18.2992
280 19.2092
290 18.5373
295 18.0638
300 18.4055
315 18.8149
320 18.5945
325 18.3997
330 18.5256
335 19.0755
345 18.0185
355 18.5136
370 18.3856
375 18.3392
385 18.9007
400 18.6699
405 18.4235
420 18.6725
425 18.6741
430 18.2616
435 18.4871
445 18.6684
470 18.7085
475 18.6762
485 18.6967
500 18.7049
510 18.6768
515 18.7419
520 18.7051
545 17.8888
550 18.6777
565 19.2895
570 18.2876
575 18.6203
585 18.0085
595 18.3445
145 44.6401
150 44.9997
155 44.6924
160 44.7056
165 44.6417
195 18.0847
210 18.6046
220 19.8204
225 17.3031
230 18.7145
240 18.2361
250 18.7734
265 17.3887
270 18.3071
280 18.4658
285 17.8537
290 18.0002
295 18.709
310 18.6411
320 18.7215
325 18.5708
335 17.9417
355 18.3024
360 18.7199
370 18.7215
375 18.7503
390 18.7327
395 18.3899
410 18.7337
430 18.9762
440 18.7121
445 18.6725
450 18.7551
455 18.7228
460 17.7879
465 18.436
475 18.73
485 18.6933
505 17.7706
510 18.7304
525 18.9868
530 17.7757
535 18.0506
545 17.8269
