5 30.0713
10 30.0381
15 30.0421
20 30.6226
25 29.6096
30 30.0485
35 30.0466
40 30.0909
45 30.0729
50 30.2589
55 30.0598
60 29.891
65 30.1172
70 30.0384
75 30.1013
80 30.0799
85 30.0088
90 30.0701
95 30.0633
100 30.061
105 30.0658
110 30.0402
115 30.0998
120 30.0521
125 30.0168
130 30.0813
135 30.0578
140 30.0391
145 30.1129
150 30.0662
155 30.2265
160 29.9012
165 30.0951
170 30.0287
175 30.0714
180 30.2803
185 29.8828
190 30.2448
195 29.8876
200 30.0566
205 30.4786
210 29.7172
215 30.0493
220 30.0718
225 30.058
230 29.9121
235 30.1972
240 30.055
245 30.0484
250 30.0514
255 30.0771
260 30.0556
265 30.0552
270 30.5863
275 29.6003
280 30.0402
285 30.0547
290 30.0747
295 30.2299
300 29.8767
305 30.0574
310 30.08
315 30.0596
320 30.0743
325 30.2468
330 29.8617
335 30.0864
340 30.0566
345 30.0716
350 30.0667
355 30.0298
360 30.0135
365 30.0353
370 30.0756
375 30.0955
380 30.534
385 29.7674
390 30.1103
395 30.0604
400 30.0841
405 30.0795
410 30.0552
415 30.0406
420 30.094
425 30.2172
430 29.9105
435 30.0399
440 30.0598
445 30.0753
450 30.2508
455 29.918
460 30.2244
465 29.8939
470 30.0649
475 30.1056
480 30.0461
485 30.2851
490 30.0363
495 29.8798
500 30.0707
505 30.0935
510 30.4272
515 29.694
520 30.1137
525 30.0694
530 30.0289
535 30.2866
540 29.8999
545 30.1135
550 30.0245
555 30.0711
560 30.1774
565 29.947
570 30.1973
575 29.9168
580 30.0574
585 30.0599
590 30.0876
595 30.0587
600 30.2217
