5 34.2224
10 31.6522
15 31.6544
20 31.7916
25 31.7202
30 31.2833
35 31.3076
40 31.6692
50 31.1385
65 31.7378
70 31.2988
75 31.9932
80 31.249
85 31.6041
90 31.0076
100 31.4654
105 31.9947
110 31.6465
115 32.0477
120 31.8146
125 31.5931
130 31.6036
135 31.689
140 31.4736
145 31.5354
150 31.8266
155 31.9826
160 31.3371
165 31.4743
170 31.2265
175 31.8352
180 31.8353
185 31.3651
190 31.9045
195 31.857
200 31.4536
205 31.7919
210 31.8895
215 31.4728
220 31.5402
225 31.2261
230 31.4873
235 31.9073
240 31.5971
245 31.7921
250 31.6459
255 32.1842
260 31.428
265 31.491
270 31.8019
275 31.4662
280 31.4767
285 31.4418
290 31.2074
295 31.4632
300 31.6111
305 31.3174
310 31.6592
315 31.9549
320 31.6471
325 31.659
330 31.6515
335 31.6372
340 31.975
345 31.7839
355 30.9895
360 32.0208
365 31.6147
370 31.2602
375 31.609
380 31.8215
385 31.5437
390 31.9523
395 31.7837
400 31.2296
405 31.5554
410 31.3485
415 31.8498
420 31.5745
425 31.4558
430 32.1192
435 31.8907
440 31.8254
445 31.334
450 31.8227
455 31.5693
460 31.9877
465 32.0305
470 31.1548
475 31.8396
480 31.297
485 31.8551
490 31.1523
495 32.1614
500 31.4396
510 32.2381
515 31.3507
520 31.205
525 31.8698
530 31.2861
535 31.5664
540 31.6369
545 31.6652
550 31.8487
555 31.774
560 32.1283
565 32.4862
570 31.2403
575 31.4815
580 32.0593
585 31.7375
590 31.6879
595 31.5286
600 31.0964
5 31.4139
10 31.0346
15 31.3867
20 31.7676
25 31.0263
30 32.1797
35 31.2827
40 31.251
45 31.2182
50 31.4264
55 31.1332
60 31.5731
65 31.14
70 31.4025
75 31.2616
80 31.0358
85 31.1888
90 31.3713
95 31.5633
100 31.566
105 31.5685
110 31.156
115 31.9303
120 31.4123
125 31.0555
130 31.0883
135 31.4549
140 30.9586
145 31.7158
150 31.3732
155 31.2127
160 31.8106
165 31.281
170 31.5806
175 31.278
185 31.4079
190 31.6093
195 31.4661
200 31.3799
210 31.6601
215 31.6405
220 31.5463
225 31.5103
230 31.9135
235 31.7567
240 31.241
245 31.3649
250 31.0605
255 31.1642
260 31.628
265 31.6175
270 31.371
275 31.5607
280 31.4022
285 31.3989
290 30.9166
300 31.1589
305 31.4073
310 31.2767
320 31.5783
325 31.4335
330 31.4121
335 31.2245
340 31.233
345 31.2324
350 31.9465
355 31.9691
360 31.6997
365 30.9333
370 31.2228
375 31.897
380 31.4947
385 31.8457
395 31.1007
400 31.3906
405 31.7103
410 31.5352
415 31.6375
425 31.0607
430 31.788
435 31.193
440 31.4138
445 31.2555
450 31.0269
455 31.2325
460 31.3283
465 31.0751
470 31.307
475 31.048
490 32.0506
500 31.4396
505 31.5659
510 31.6039
515 31.4381
520 31.3521
525 31.6737
530 31.7915
535 31.4034
540 31.5938
545 31.0886
550 31.6011
555 31.3239
560 31.471
570 30.839
575 31.3744
580 31.0913
585 31.1916
590 31.8302
595 31.1666
600 31.4201
5 31.6424
15 31.0466
20 31.1685
25 31.265
30 31.4708
35 31.5693
45 31.375
50 31.1934
55 31.4278
60 31.0101
70 31.0434
75 31.341
80 31.3548
85 31.3343
95 31.6938
100 31.3895
105 31.1425
110 31.1526
120 31.178
125 31.4132
130 31.3717
135 31.1278
145 30.9985
150 31.344
155 31.503
160 31.1617
170 31.1907
175 31.5166
180 31.2172
185 31.2144
190 31.4091
195 31.0105
200 31.2297
205 31.3583
210 31.178
215 31.4233
220 31.2046
225 31.2956
230 31.2143
235 31.1983
245 31.2906
250 31.2084
255 31.3681
260 31.1982
265 31.3873
270 31.144
275 31.3891
280 31.3783
285 31.2234
290 31.1886
295 31.3025
300 31.4269
305 31.1485
310 31.2035
315 31.2056
325 31.5826
330 31.1944
340 31.5569
350 31.1907
355 31.3322
360 31.1795
365 31.368
375 31.2109
380 31.3489
385 31.2665
390 31.1468
400 31.0085
405 31.339
410 31.2072
415 31.3432
425 31.0431
430 31.3702
435 31.7205
440 31.0863
450 31.0205
455 31.5303
460 31.1672
465 31.3673
475 31.2404
480 31.852
485 31.5043
490 31.3475
500 30.877
505 31.4981
510 31.3445
515 31.3294
520 31.4927
525 31.1441
530 31.1318
535 31.3969
540 31.3465
545 31.4299
550 31.1382
555 31.3591
560 31.3496
565 31.3936
575 31.0086
580 31.2384
585 31.3679
590 31.3458
600 30.9727
5 31.4672
10 31.1102
15 31.4919
20 31.3085
25 31.1561
30 31.2476
35 31.0611
40 31.2502
45 31.2673
50 31.1212
55 31.5504
60 30.9251
65 31.1313
70 31.3091
75 31.1292
80 31.3373
85 31.0447
90 31.1413
95 31.1177
100 31.424
105 31.4116
110 30.9467
115 31.0923
120 31.0801
125 31.1052
130 31.4784
135 31.291
140 31.2229
145 31.2973
155 31.642
160 31.1135
165 31.2638
170 30.9651
175 31.3048
180 31.4416
185 31.1191
190 30.9863
195 31.1278
200 31.3269
205 31.1039
210 31.0705
215 31.3243
220 31.4666
225 31.4383
230 31.2682
235 31.292
240 31.2894
245 31.2865
250 31.1228
255 31.3028
260 31.6821
265 31.1213
270 31.3798
275 31.2642
280 31.1252
285 31.333
290 31.3848
295 31.1769
300 31.4482
305 31.2536
310 32.0295
315 31.1132
320 31.1478
325 31.4352
330 31.1106
335 31.2248
340 31.0497
345 31.4375
350 31.1387
355 31.11
360 31.8087
365 31.1603
370 31.142
375 31.1338
380 31.4486
385 31.4965
390 31.4216
395 31.1777
400 31.1409
405 31.4951
410 31.2896
415 31.0694
420 31.1117
425 31.1025
430 31.2782
435 31.2888
440 31.626
445 31.2429
450 31.2975
455 31.4656
460 31.4064
465 31.1217
470 30.9991
480 31.5328
485 31.4304
490 31.4673
495 31.4659
500 31.1467
505 31.2139
510 31.0818
515 31.2935
520 31.5038
525 31.146
530 31.2522
535 31.3121
540 31.508
545 31.1567
550 31.479
555 31.4505
560 31.3181
565 31.278
570 31.4159
575 31.2992
580 31.728
585 31.3866
590 31.5817
595 31.1189
600 31.8083
5 31.3565
10 31.0443
15 31.3261
20 31.0862
25 31.1736
30 31.3087
35 30.9875
40 31.0844
45 31.1813
50 31.1612
55 31.3335
60 30.9529
65 31.0127
70 31.1374
75 31.1429
80 31.0343
85 31.2196
90 31.2277
95 31.1125
100 31.1893
105 31.1573
115 30.9328
120 31.4403
125 31.1703
130 31.1361
140 30.9111
145 31.305
150 31.1564
165 30.8872
170 31.165
175 31.5983
180 31.1148
185 31.521
190 30.8136
195 31.0469
200 31.1325
205 31.327
215 30.8098
220 31.0353
225 31.3229
230 31.4355
240 31.1072
245 31.1391
250 31.0641
255 31.2965
260 31.2412
265 31.0266
270 31.1505
275 31.139
280 31.3255
285 31.1634
290 30.9769
295 31.1561
300 31.1806
305 31.4625
310 31.3649
315 30.8221
320 31.1707
325 31.0879
330 31.4214
340 30.9746
345 31.4721
350 30.9909
355 31.0143
360 31.1774
365 30.9555
370 31.3557
375 31.4785
380 31.3805
385 31.1029
390 31.3656
395 30.9835
400 31.273
405 31.5161
410 31.0388
420 30.9934
425 31.1003
430 31.3339
435 31.4974
440 31.2074
445 31.2076
450 31.0856
455 31.3285
460 31.2892
470 31.4254
475 31.1673
480 31.1137
485 31.1071
495 30.7718
500 31.1401
505 31.0182
520 30.8032
525 31.3187
530 31.1345
535 31.1511
545 30.9228
550 31.1722
555 31.1403
560 31.3052
570 30.9591
575 31.3275
580 31.1726
585 31.6732
595 30.8621
600 31.2995
5 36.3394
10 31.8584
15 31.4337
20 31.1161
25 31.7297
30 31.2106
35 31.7329
40 31.5655
45 31.33
50 31.363
55 31.4066
60 31.7078
65 31.7954
70 31.3879
75 31.7056
80 31.7014
85 31.2298
90 31.642
95 31.3667
100 31.7913
105 31.3684
110 31.2958
115 31.1487
120 31.7379
125 31.1758
130 31.5983
135 31.6826
140 31.2386
145 31.366
150 31.3597
160 31.392
165 32.237
170 31.605
175 31.6814
180 31.3897
185 31.4796
190 31.3034
195 31.752
200 31.43
205 32.2447
210 31.8763
215 31.7743
220 31.5187
225 31.95
230 31.2414
235 31.2149
240 31.9256
250 31.3979
255 31.5625
260 31.5496
265 31.8489
270 31.0987
280 31.4023
285 31.7434
290 31.9721
295 31.3378
300 31.7711
305 31.7511
315 31.6435
320 31.9944
325 31.351
330 31.377
335 31.6865
340 31.9338
345 31.401
350 32.1375
355 31.3752
360 31.7188
365 31.3373
370 31.4668
375 31.2216
380 31.7265
385 31.3932
390 31.5922
400 31.3507
405 31.7308
410 31.5866
415 31.784
420 31.3455
425 31.7328
435 31.1238
440 31.1831
445 31.332
455 31.2272
460 31.8844
465 31.7828
470 31.3678
475 31.2033
480 31.3733
485 31.6159
490 31.7123
495 31.8477
500 31.2536
505 31.7704
510 31.3854
515 31.7627
520 31.709
525 31.1031
530 31.5537
535 31.3517
540 31.6431
545 31.9152
550 31.106
560 32.1419
565 31.5077
570 31.6917
575 31.5836
580 31.3816
585 31.5283
590 31.4115
595 31.5914
600 31.2403
5 31.6359
15 31.1185
20 31.5071
30 31.3974
35 31.3682
40 31.3456
45 31.1887
50 31.3098
55 31.0467
60 31.1796
65 31.282
70 31.109
75 31.1185
80 31.4712
90 31.2828
95 31.1019
100 31.0774
105 31.071
110 31.425
115 31.4593
120 31.0637
130 31.302
135 31.2425
140 31.1211
150 31.244
160 31.0788
165 31.3376
170 31.3705
175 31.4922
180 31.3629
185 31.1295
190 31.2625
195 30.9067
200 31.3335
205 31.294
210 31.401
215 31.2516
220 31.2789
225 31.17
230 31.3236
235 31.1807
240 31.1761
245 31.4386
250 31.0704
255 31.1167
260 31.2035
265 31.1708
270 31.2784
275 31.504
280 31.0979
285 31.4202
290 31.1091
295 31.2427
300 31.1285
305 31.2567
310 31.571
315 30.9636
320 31.5695
325 31.0923
330 31.5654
335 31.0786
340 31.185
345 31.4578
350 31.0489
355 31.5085
360 31.0031
365 31.0127
370 31.2486
375 31.1389
380 31.4022
385 31.0693
390 31.3001
395 31.4576
400 31.4302
405 31.4882
410 31.0455
415 31.4214
425 31.4216
430 31.1293
435 31.1634
440 31.4335
445 31.4269
450 31.242
455 31.7091
460 31.2799
470 31.3411
480 31.123
485 31.1047
495 31.1727
500 31.2484
505 31.0921
510 31.1098
515 31.0407
520 31.7355
525 31.2405
530 31.3177
535 31.4113
540 31.013
545 31.2265
550 31.0898
555 31.4479
560 31.4541
565 31.168
570 31.3281
575 31.1021
585 31.0963
590 31.2262
595 31.3242
600 31.0939
5 33.1476
10 31.4803
15 31.6867
20 31.9351
25 31.4089
30 31.8265
35 31.4807
45 31.4559
50 31.542
55 31.4738
60 31.7944
65 32.2335
70 31.932
75 31.3275
80 31.8937
85 31.3965
90 31.8658
100 31.6053
105 31.2459
110 31.5312
115 31.862
120 32.0062
125 32.2032
130 31.3934
135 31.3667
140 31.7578
145 31.4031
150 31.5391
155 31.5379
165 31.2128
170 32.0673
175 31.4866
180 31.5228
185 31.6844
190 31.8452
195 31.9526
200 31.9599
205 30.9732
210 31.8486
215 31.651
220 31.8525
225 31.7132
230 32.21
235 31.1832
240 31.1962
245 31.6416
255 31.8886
260 31.8299
265 31.524
270 31.1698
275 31.6577
280 31.6262
285 31.8536
290 31.4934
295 31.4861
300 31.5132
305 31.794
310 31.2118
320 31.849
325 31.4751
330 31.8387
335 31.4391
340 31.9759
345 31.4091
350 31.4824
355 31.3973
360 31.403
365 31.4176
370 31.2458
375 31.5271
380 31.6788
385 32.0334
390 31.8015
395 31.6762
400 32.0411
405 32.4403
410 31.3293
415 31.5259
420 31.5092
425 31.5133
430 31.5073
440 31.934
445 31.3342
460 32.096
465 31.4944
470 32.0591
475 31.6965
480 31.4104
485 32.1323
495 31.3184
500 31.7014
510 31.402
515 31.4239
520 31.8235
525 31.3316
530 31.9594
535 31.4703
540 31.4669
545 31.5244
550 31.5111
555 31.7494
560 31.8141
565 31.3011
570 31.6906
575 31.1538
580 31.7534
585 31.5639
590 31.6122
595 31.6125
600 32.0773
5 33.0258
10 31.5308
15 31.0718
25 32.0788
30 31.907
35 31.332
40 31.838
45 31.7628
50 31.5425
55 31.3812
60 31.4363
65 31.841
70 31.442
75 31.3914
80 31.5315
85 31.1304
95 31.0584
100 31.5501
105 31.7831
110 31.4148
120 31.0205
125 31.7674
130 31.9414
135 32.1454
140 31.5691
145 31.3024
150 31.5287
155 31.4998
160 31.05
165 31.4818
170 31.5548
175 31.6829
180 31.3739
185 31.169
190 31.3916
195 31.9048
200 31.2553
205 31.8727
215 31.571
225 31.0894
230 31.4213
235 31.3431
240 31.5464
245 31.2949
250 31.5686
255 31.6633
260 31.5825
265 31.5946
275 31.3925
280 31.2173
285 31.8733
290 31.2346
295 31.4359
300 31.7094
305 31.1923
310 31.3962
315 31.0855
320 31.3797
325 31.349
330 31.6654
335 31.3995
340 31.2565
345 31.5129
355 31.0144
360 31.8335
365 31.724
370 31.3362
375 31.5206
380 31.2423
390 30.869
395 31.721
400 32.1626
405 31.2852
410 31.4211
415 31.1885
420 32.1665
425 31.388
430 31.2943
435 31.8618
440 31.2961
445 31.57
450 31.322
455 31.6336
465 31.1652
470 31.2198
475 31.203
480 31.5701
485 31.7084
490 31.8929
495 30.9883
500 31.9048
505 31.1763
510 31.496
515 31.0456
520 31.4369
525 31.087
530 31.8274
535 31.1614
540 31.4728
545 31.2549
550 31.2018
555 31.3103
565 31.3477
570 31.5919
575 31.9058
580 31.5525
585 31.5303
590 31.3885
595 31.2657
600 31.7119
5 31.3721
10 31.149
15 31.489
20 31.4959
25 31.5868
30 31.785
35 30.8696
40 31.6434
45 31.4624
50 31.394
55 32.2111
60 31.2167
65 31.2923
70 32.0572
75 31.5892
85 31.5051
90 31.44
95 31.6005
100 31.61
105 31.6721
110 31.7037
115 31.1237
120 31.5481
125 31.6212
130 31.4969
135 31.561
140 31.54
145 31.8436
150 31.6242
155 31.0582
165 31.4867
170 31.8227
175 31.4491
180 31.3931
185 31.0477
190 31.4262
195 31.4443
200 31.6588
205 31.6064
210 31.2934
215 31.1351
220 31.4972
225 31.6371
230 32.1511
240 31.822
245 31.8033
250 31.2714
255 31.823
260 31.8738
265 31.4811
275 31.3285
280 31.6622
285 31.7377
290 31.2773
295 32.0418
300 31.3349
305 31.3141
310 31.4697
315 31.6016
320 31.6039
330 31.4864
335 31.4216
340 31.1402
345 31.2936
350 31.4569
365 31.5968
370 31.579
375 31.3987
380 31.4487
385 31.4311
390 31.4231
395 31.5269
400 32.133
405 31.1499
410 31.3437
415 31.7929
420 31.4573
425 31.4568
435 31.3214
440 31.5161
445 31.2803
450 31.497
460 31.2506
465 31.4143
470 31.2494
475 31.62
485 31.3362
495 31.4508
500 32.0105
505 31.3649
510 31.9194
515 31.5339
520 31.2835
525 31.4697
530 31.429
535 31.3151
540 31.2713
545 31.3097
550 31.5526
555 31.4515
565 31.7764
570 31.1825
575 31.3108
580 31.8072
585 31.238
590 31.7804
595 31.1684
600 31.1277
5 31.5713
10 31.3668
15 31.5571
20 31.3589
25 31.3985
30 31.3752
35 31.1995
40 31.1915
45 31.2196
50 31.3414
55 31.2051
60 31.3374
65 31.3445
70 31.1942
75 31.2242
80 31.2716
85 31.2764
90 31.3566
95 31.3687
100 31.225
105 31.4684
110 31.2658
115 31.3307
120 31.2031
125 31.5316
130 31.0656
135 31.3066
140 31.587
145 31.2223
150 31.3287
155 31.923
160 31.4753
165 31.6788
170 31.3466
175 31.1947
180 31.5162
185 31.1637
190 31.2328
195 31.1971
200 31.3359
205 31.2079
210 31.1825
215 31.4091
220 31.2678
225 31.5185
230 31.3463
235 31.0462
240 31.4282
245 31.3808
250 31.5449
255 31.6343
260 31.2508
265 31.5441
270 31.2101
275 31.5318
280 31.3701
285 31.8029
290 31.5314
295 31.2114
300 31.3486
305 31.3033
310 31.4672
315 31.3353
320 31.1733
325 31.3826
330 31.3572
335 31.3236
340 31.3528
345 31.7627
350 31.4979
355 31.3152
360 31.3598
365 31.3933
370 31.3812
375 31.7046
380 31.8811
385 31.2775
390 31.2194
395 31.1593
400 31.4474
405 31.461
410 31.0795
415 31.425
420 31.1421
425 31.2142
430 31.3253
435 31.0236
440 31.4351
445 31.1896
450 31.4768
455 31.5637
460 31.1533
465 31.3776
470 31.4905
475 31.3453
480 31.3519
485 31.4368
490 31.7378
495 31.3814
500 31.7301
505 31.1395
510 31.2875
515 31.2686
520 31.1901
525 31.2237
530 31.3559
535 31.3273
540 31.2431
545 31.2399
550 31.388
555 31.3277
560 31.3251
565 31.1254
570 31.3729
575 31.5359
580 31.3739
585 31.1555
590 31.3267
595 31.522
600 31.3613
5 33.8787
10 31.3081
15 31.633
25 31.6124
30 31.4862
35 31.9299
40 31.7266
45 31.1437
50 31.3245
55 31.678
60 31.7103
65 31.699
70 31.6463
75 31.7192
80 31.9068
85 31.1128
90 31.6312
95 31.8223
100 31.4744
105 31.9412
110 31.4851
115 31.471
125 31.2694
130 31.5115
135 31.367
140 31.4788
150 31.4672
160 31.9298
165 31.5646
170 32.1156
175 31.6826
180 31.2062
185 31.7353
190 31.773
195 31.6635
200 31.7021
205 31.3161
210 31.2884
220 31.8821
225 31.2508
230 31.8942
235 31.5089
240 31.2013
245 31.3343
250 31.3778
255 31.4952
260 31.4278
265 31.4001
270 31.6918
275 31.3353
280 31.3297
285 31.8568
290 31.4398
295 31.5136
300 31.583
305 31.4196
310 31.6405
315 31.3046
320 31.7017
325 31.2536
330 31.8753
340 31.8211
345 31.6712
350 31.6955
355 31.5386
370 31.3127
375 31.8557
380 31.1305
385 31.6624
390 31.3066
400 31.5868
405 31.2405
410 31.5752
415 31.1575
420 31.632
425 31.3171
430 31.5416
435 31.2912
440 31.5422
455 31.392
460 31.3916
465 31.7613
470 31.288
480 31.361
485 31.7153
490 31.8121
495 31.3482
500 31.4974
505 31.6458
510 31.7116
515 31.7278
520 31.1252
525 32.0259
530 31.1467
535 31.2142
540 31.4253
545 31.4376
550 32.1376
555 31.0896
560 31.7919
565 31.4279
570 31.3579
575 31.4875
580 31.6845
585 31.2734
590 31.7635
600 31.8263
5 31.6131
10 31.1485
15 31.3673
20 31.5293
25 30.9944
30 31.318
35 31.088
40 31.1798
45 31.1504
50 31.2969
55 31.2171
60 31.3278
65 31.3312
70 31.163
75 31.1452
80 31.3494
85 31.2228
90 31.1893
95 31.188
100 31.3657
105 30.9849
110 31.3559
115 31.0079
120 31.3256
125 31.3431
130 31.4938
135 31.2754
140 31.0853
145 31.1925
150 31.4762
155 31.356
160 31.4945
165 31.0872
170 31.1602
175 31.5282
180 31.3515
185 31.1445
195 31.19
200 31.3206
205 31.2017
210 31.1988
215 31.3242
220 31.1919
225 31.1851
230 31.1405
235 31.1961
240 31.1712
245 31.1836
250 31.3502
255 31.195
260 31.1353
265 31.1963
270 31.1839
275 31.2963
280 31.1833
285 31.1541
290 31.2224
295 31.1906
300 31.1261
305 31.2053
310 31.1776
315 31.1636
320 31.1848
325 31.1473
330 31.1478
335 31.347
340 31.4649
345 31.1664
350 31.3384
355 31.3502
360 31.4313
365 31.3363
370 31.3254
375 31.188
380 31.3253
385 31.3118
390 31.204
395 31.1353
400 31.3308
405 31.387
410 31.2109
415 31.3706
420 30.9919
425 31.1514
430 31.2012
435 31.4732
440 31.2694
445 31.0575
450 31.4576
455 31.1739
460 31.1551
465 31.1981
470 31.1949
475 31.1809
485 31.2171
490 31.1946
495 31.1528
500 31.1663
505 31.3227
510 31.259
515 31.1669
520 31.1635
525 31.08
530 31.1911
535 31.1541
540 31.1708
545 31.1962
550 31.487
555 31.1818
560 31.3422
565 31.1825
570 31.3536
575 31.189
580 31.151
585 31.1647
595 31.179
600 31.1718
5 33.2517
10 31.7927
15 31.4555
20 31.4686
25 31.926
30 31.3542
35 31.5027
40 31.5539
45 31.8792
50 31.336
55 31.4669
60 31.6584
65 31.7503
70 31.5616
75 31.701
80 32.154
85 31.6601
90 31.7237
95 31.8292
100 31.5305
105 32.0629
110 31.078
115 31.8472
125 31.568
130 31.7584
135 31.5514
140 31.5351
145 31.8685
150 31.1959
155 32.0656
160 31.2986
165 31.7316
170 31.4487
175 31.4543
180 32.2688
185 31.4169
195 32.1745
200 31.2167
205 31.7224
210 31.5216
215 31.0717
220 31.934
225 31.914
230 31.4215
235 31.4684
240 31.3521
245 31.1583
250 31.9358
255 31.1821
260 31.7677
265 31.5343
270 31.1635
275 31.4206
280 32.0959
285 31.2707
290 31.6384
295 31.4875
300 31.6576
305 31.3499
310 31.8089
315 31.7402
320 31.9239
325 31.6782
330 31.8292
335 31.5626
340 31.6497
345 31.5268
350 31.412
355 31.6596
360 31.7898
365 31.1404
370 31.8932
375 31.2081
380 31.86
385 31.5425
390 31.2635
395 31.3379
400 31.4601
405 31.3174
410 31.2467
415 31.42
420 31.7516
425 31.0725
430 31.6116
435 31.6001
440 31.0585
445 31.5274
450 31.4883
455 31.3501
460 31.6407
465 31.4537
470 31.3015
475 31.6637
480 31.2753
485 31.6897
490 31.639
495 31.7197
500 31.6419
505 31.9031
510 31.1203
515 31.5557
520 31.424
525 31.6409
530 31.2074
535 31.3751
540 31.4673
550 31.8257
555 31.3305
560 31.8435
565 31.6007
570 31.7259
575 31.3791
580 31.3833
585 31.3894
590 31.6752
595 31.5494
600 31.6995
5 31.3179
10 31.5321
20 31.7023
25 31.3257
30 31.4551
35 31.0915
45 31.5203
50 31.4739
60 31.4537
70 31.2942
75 31.1643
80 32.1725
85 31.0997
95 31.3369
100 31.566
105 31.7732
110 31.4432
120 31.3735
125 31.3506
130 31.2852
145 31.1318
150 31.3222
155 31.3345
160 31.4365
165 31.3354
170 31.673
175 31.5471
180 30.7078
200 31.3762
205 32.0345
210 31.9809
215 31.5267
220 31.3329
225 31.4789
245 31.2856
255 31.622
265 31.6302
270 31.3054
275 32.0794
280 31.4012
290 31.3903
295 31.3698
300 31.5928
305 31.6982
325 31.1703
330 31.3563
335 31.6873
345 31.5196
350 31.2765
355 31.8641
360 32.0561
365 31.308
375 31.6129
380 31.2705
385 31.7152
390 30.9712
400 31.492
405 31.5704
410 31.3839
415 31.275
430 30.9186
435 31.1633
455 31.3268
460 31.1447
480 31.5098
485 31.594
500 31.3506
505 31.8436
510 31.7027
530 31.351
535 31.0498
550 31.4765
555 31.3614
560 31.8493
570 31.518
580 31.5678
585 31.1748
595 31.3631
5 31.8113
10 31.4532
15 31.2527
20 31.8561
25 31.2425
30 31.4314
35 31.4267
40 31.5056
45 31.4158
50 32.0631
55 31.4198
60 31.6354
65 31.6161
70 32.054
75 31.6978
80 31.606
85 31.5289
90 31.379
95 31.2184
100 31.4229
110 31.4601
120 31.2384
125 31.5035
130 31.1711
140 31.3273
145 31.4517
150 31.6683
155 31.4818
160 31.2217
165 31.416
170 31.4898
175 31.4175
180 31.212
185 31.1948
190 31.4145
195 31.6072
200 31.6231
205 31.3925
210 31.1268
215 31.8292
220 31.3369
225 31.3316
230 31.7083
235 31.087
240 31.4236
245 31.6182
250 31.6013
255 31.5229
265 31.0697
270 31.4232
275 31.8213
280 31.0952
285 31.2376
290 31.0559
295 31.9856
300 32.0234
305 31.9554
310 31.5754
315 31.7044
320 31.3078
325 31.5802
330 31.6082
335 31.2657
340 31.7291
345 31.6501
350 31.6613
355 31.128
360 31.8395
365 31.294
370 31.4603
375 31.6653
380 31.2461
385 31.7462
400 31.4594
410 31.9942
415 31.0945
420 31.4629
425 31.3135
430 31.5322
435 31.481
440 31.6559
445 31.2959
450 31.4638
455 31.4757
465 31.4807
470 31.8187
480 31.1378
485 31.7654
490 31.1788
495 31.814
500 31.2251
510 32.3371
520 31.592
525 31.4919
530 31.6065
535 31.3474
540 31.3122
545 31.1141
550 31.3798
555 31.4016
560 31.2121
565 31.6902
570 31.2767
575 31.6578
580 31.34
585 31.8709
590 31.7908
595 31.0375
600 31.1306
5 31.6643
10 31.3414
15 31.0597
20 31.7033
25 31.7903
30 31.6479
35 31.3862
40 31.5355
45 31.2581
55 31.6819
60 31.5382
65 31.9677
70 31.9019
75 31.4422
80 31.3208
85 31.4193
90 31.6738
95 31.5623
100 31.659
105 31.5862
110 31.6766
115 31.4774
120 31.155
125 31.6326
130 31.7785
140 31.8915
145 31.3157
150 31.5195
160 31.7697
165 31.2145
170 31.1183
175 31.5148
180 31.2737
185 31.1854
190 31.3065
195 31.6278
200 31.4544
205 31.2255
210 31.5449
215 31.247
220 31.1886
225 31.1162
230 31.3112
235 31.2703
240 31.2577
245 31.1677
250 31.2959
255 31.3751
260 31.4169
265 31.4431
270 31.2093
275 31.476
280 31.2057
285 31.2837
295 31.4872
300 31.1674
305 31.3061
310 31.2151
315 30.9402
320 31.3763
325 31.3294
330 31.1205
335 31.5591
340 31.3459
345 31.1211
350 31.1853
355 31.3884
360 31.3003
365 31.6711
370 31.0272
375 31.1611
380 31.177
385 31.3039
390 31.1424
395 31.2201
400 31.1912
405 31.347
410 30.8716
420 31.0762
425 31.3397
430 31.1557
435 31.1464
440 31.4993
445 31.3807
450 31.5078
455 31.3968
460 31.0992
465 31.4874
470 31.2271
475 31.0948
480 31.1583
485 31.1457
490 31.528
495 31.1467
500 31.0553
505 31.0995
510 31.3152
515 31.3727
520 31.3183
525 31.1938
530 31.219
535 31.133
540 31.0574
545 31.297
555 31.349
560 31.0576
565 31.2421
570 31.2714
575 31.1576
580 31.1196
585 31.7206
590 31.4687
595 31.1996
600 31.2921
5 31.3669
10 31.4714
15 31.2796
20 31.6263
25 31.2889
40 30.9655
45 31.3862
50 31.1567
65 30.9621
70 31.2598
75 31.2542
80 31.2911
90 31.2369
95 31.138
100 31.4846
115 30.9426
120 31.453
125 31.1355
130 31.6533
140 31.4284
145 31.0832
150 31.1339
155 31.2972
165 31.2521
170 31.121
175 31.1592
180 31.2858
190 30.9433
195 31.2884
200 31.4971
205 31.2967
215 31.1568
220 31.2609
225 31.6241
230 31.4575
240 31.1575
245 31.2989
250 31.2674
255 31.1484
265 31.0934
270 31.1277
275 31.4345
280 31.5916
295 31.3196
300 31.2964
305 31.4812
315 31.2869
320 31.3132
325 31.292
330 31.3144
335 31.1113
345 31.098
350 31.2844
355 31.1488
360 31.1388
370 31.2452
375 31.0951
380 31.1183
385 31.1372
395 30.9429
400 31.3055
405 31.397
410 31.1029
420 31.129
425 31.1188
430 31.1055
435 31.1225
440 31.4763
445 30.9709
450 31.3492
455 31.0937
460 31.1019
470 31.637
475 31.1421
480 31.2498
485 31.048
490 31.2878
495 31.0968
500 31.3359
505 31.1007
510 31.0102
520 31.1326
525 31.3283
530 31.321
535 31.4918
545 30.9747
550 31.1404
555 30.9991
560 31.0963
570 31.1151
575 31.6389
580 31.2794
585 31.1125
600 31.2547
5 31.2746
10 31.2313
15 31.4948
20 31.0484
25 31.8905
30 31.8958
35 31.6453
40 31.4442
45 31.3938
50 31.7113
55 31.3193
60 31.5071
65 31.2596
70 32.0072
75 31.391
80 31.4149
85 30.9019
90 31.4604
95 31.7263
100 31.2237
105 31.9359
110 31.26
115 31.4189
120 31.9832
125 31.3494
130 31.8617
135 31.4472
140 31.753
145 31.831
150 31.5576
155 31.768
160 31.4789
165 31.5777
170 31.4313
175 31.3638
180 31.1942
185 31.3291
190 31.6332
195 31.7379
200 31.7735
205 31.3827
210 31.4478
220 31.2207
225 31.4803
230 31.6457
235 31.3683
240 31.7776
245 31.3817
250 31.3968
255 31.4425
260 31.2298
265 31.375
270 31.0735
275 31.6039
280 31.2196
285 31.6706
290 31.4316
295 31.8202
300 31.4917
310 31.7576
315 31.5737
320 31.3817
325 32.0974
330 31.3908
335 31.7599
340 31.6823
345 31.5887
350 31.6204
355 31.3968
360 31.4468
365 31.5674
370 31.2078
385 31.353
390 30.981
395 31.9473
400 31.5486
405 31.6127
410 31.188
420 31.7955
425 31.47
430 31.3956
435 32.0147
445 31.6045
450 31.5577
460 32.1022
465 30.7657
470 31.5549
475 31.2404
480 31.5586
485 31.5333
495 31.4952
505 31.5322
510 31.3398
515 32.1965
520 31.3379
525 31.7537
530 31.2436
535 31.6116
540 31.2446
545 32.0045
550 31.2209
555 31.0753
560 31.4574
565 30.9267
570 31.8168
575 31.8604
580 31.784
585 32.1588
590 31.3277
595 31.4805
600 31.8029
5 30.4592
10 31.6809
15 31.8444
20 31.2977
25 31.3708
30 31.8128
35 32.055
40 31.7286
45 31.7517
50 31.6473
55 31.8322
60 31.6951
65 31.6667
70 31.6826
75 31.3523
80 31.9945
85 31.2255
90 31.5537
95 31.8795
100 31.499
105 31.8278
110 31.6241
115 31.2271
120 31.7023
125 31.5603
130 32.217
135 31.121
140 31.5537
145 31.3486
155 32.0669
160 31.0958
165 31.8844
170 31.484
175 31.7013
180 31.7007
185 31.4744
190 31.4485
195 32.0376
200 31.3126
205 31.4001
210 31.8175
215 31.5498
225 31.3746
230 31.2256
235 31.4137
240 31.6956
245 31.5185
250 31.3398
255 31.9672
265 31.5001
270 32.0236
275 31.717
280 31.5496
285 31.8439
290 31.3742
295 31.674
305 31.4875
310 31.3272
315 32.0994
320 31.326
325 31.649
330 31.58
340 31.5293
345 31.3025
350 31.4804
355 31.7657
360 31.5834
370 31.3614
380 31.0129
390 31.4334
395 31.5136
400 31.8936
405 30.9802
410 32.0181
415 31.3526
420 31.419
425 31.5031
430 31.975
435 31.5753
440 31.657
450 31.3712
455 31.544
460 31.6153
465 31.8729
470 31.2957
475 31.981
480 31.4435
485 32.0392
490 31.2948
495 31.1625
500 31.3197
505 31.3421
510 31.4686
515 31.5923
520 31.3376
525 31.6694
530 31.7756
535 31.1208
540 31.3423
545 31.8427
550 32.265
555 31.6999
560 31.6074
565 31.0925
570 31.3255
575 31.5336
580 31.3651
585 31.4896
590 31.8605
595 31.3948
600 31.6611
110 31.5398
115 31.7181
120 31.7242
125 31.5084
130 31.427
135 31.552
140 31.3847
150 32.2263
155 31.3741
160 31.3305
165 31.5673
170 31.7128
175 31.4116
180 31.587
185 31.4311
190 31.3791
195 31.3793
200 31.3947
205 31.466
210 31.3283
215 31.3458
225 31.437
230 31.9362
235 30.9813
245 31.7949
255 31.1774
260 31.8224
265 31.9328
270 31.5102
275 31.7493
280 31.7156
285 31.4389
290 31.5343
295 31.7382
300 31.4861
305 32.206
310 31.4172
315 31.2566
320 32.2043
325 31.5011
330 31.9976
335 31.2926
340 31.4599
350 31.5842
355 31.6043
360 31.7085
365 31.8199
370 31.5569
380 31.5362
385 32.1938
390 30.9941
395 31.7885
400 31.2248
405 31.8456
410 31.5668
415 31.5998
420 31.705
430 31.568
435 31.3774
440 31.5192
445 31.4574
460 0
465 0
480 31.4124
485 31.7159
490 31.4633
495 31.4134
500 32.145
505 31.5259
510 31.5741
515 31.5577
520 31.4064
525 32.1222
530 31.765
535 31.2375
540 31.5648
545 31.7544
550 31.3557
555 31.8941
570 31.3599
580 31.1537
585 31.3919
590 31.5383
600 31.4078
5 33.1372
10 31.926
15 31.7242
20 31.2273
25 31.8634
30 31.5768
35 31.7282
40 31.4969
45 31.5671
50 31.4378
55 31.1663
60 31.721
65 31.5968
70 32.3379
75 31.4765
80 31.8077
85 31.6599
90 31.4347
95 32.4008
100 31.8793
105 31.5723
115 31.5663
120 31.4675
125 31.7603
130 32.016
135 31.4892
140 31.703
145 31.6374
150 31.7659
155 31.8374
160 31.3675
165 31.7022
170 32.1747
175 31.3715
180 31.8434
185 31.9393
190 31.5638
195 31.4314
200 31.4087
205 31.6041
210 31.3801
215 31.2346
220 31.7097
225 31.5871
230 31.6195
235 31.6311
240 31.4786
245 31.4701
250 31.4157
255 31.505
260 31.6014
265 31.9531
270 31.5484
275 31.325
280 31.6963
285 31.1908
290 31.2439
295 31.4575
300 31.5435
305 31.5376
315 31.3805
320 31.6601
325 31.5676
330 31.3621
340 31.4284
345 31.71
350 31.3009
355 32.0633
360 31.963
365 31.1374
370 31.4571
375 31.3081
380 31.6531
385 31.6915
390 31.361
395 32.0569
400 31.4393
405 31.6382
410 31.5064
415 31.4035
420 31.8355
425 31.8615
430 31.9975
435 31.7911
440 31.2989
445 31.7679
450 31.8576
455 31.5969
460 31.3112
465 31.2794
470 31.3914
475 31.2597
480 32.1917
485 31.7865
490 31.6707
495 31.1449
500 31.8195
505 31.753
510 31.9918
515 31.1951
520 31.4294
525 31.5845
530 31.4107
535 32.0627
540 30.8424
550 31.1209
555 30.7134
560 31.7167
565 30.348
570 31.9654
575 30.9134
580 31.719
585 31.2565
590 31.1464
595 31.5873
600 31.4689
5 33.2002
10 31.8377
15 31.0834
20 31.4838
25 31.4322
30 31.5259
35 31.6587
40 31.0687
45 31.3024
50 31.5094
55 31.3413
60 31.6645
65 31.3322
70 31.5483
80 31.4302
85 31.1923
90 31.2636
95 31.2417
100 31.5277
105 31.1393
110 31.2325
120 31.3402
130 31.3732
135 31.1714
140 31.6613
145 31.849
150 31.4738
155 31.2412
160 31.7626
165 32.1437
170 31.4509
175 31.6972
180 31.4919
185 31.4951
190 31.5526
195 30.9973
200 31.182
205 31.5257
210 31.9595
215 31.694
220 31.6681
225 31.7115
230 31.9708
235 31.3357
240 31.7772
250 31.2057
255 31.439
260 31.8477
265 31.2999
270 31.645
280 31.5239
285 31.5068
290 31.8036
295 30.946
305 31.603
315 31.6369
320 31.5087
330 31.7261
335 31.208
340 31.2206
345 31.4718
350 31.5028
355 31.2622
365 31.5545
380 31.5351
385 31.1857
390 31.4756
395 31.5707
400 31.5825
410 31.575
415 31.6772
420 31.1208
425 31.3223
430 31.7965
435 31.6389
440 31.1545
450 31.4162
455 31.272
460 31.9247
465 31.3875
470 31.5095
475 31.7731
480 31.5036
485 31.2174
490 31.6724
495 31.7274
500 31.3728
505 32.1793
510 31.6929
515 31.2771
520 31.5766
525 31.7972
535 31.5615
540 31.4543
545 31.9838
550 31.4092
555 31.7894
560 31.19
565 31.6898
570 31.6962
575 30.9918
580 32.123
585 31.9176
590 31.7072
595 31.8421
600 32.496
130 31.3348
135 31.6319
145 32.0156
155 31.5229
165 31.9068
170 31.3994
175 31.569
180 31.8278
190 32.2624
195 31.481
200 31.9232
205 31.834
210 31.3719
215 31.8937
220 31.8253
230 32.1987
235 31.2973
245 31.286
250 31.1706
255 31.629
260 31.4174
265 31.4147
270 31.3844
275 31.8956
280 31.629
285 31.1523
290 31.5517
295 31.3183
300 31.878
305 31.5372
310 31.7487
315 31.9666
325 31.3393
335 31.8172
340 31.9511
345 31.818
350 32.2478
355 31.5291
360 31.2117
365 31.2815
370 31.0914
375 31.0896
380 32.0411
385 31.0917
390 31.2129
395 31.3808
400 31.2734
405 31.4484
410 31.4186
415 31.5075
420 31.9355
425 31.4137
430 31.0151
435 31.7623
440 31.5403
445 31.4906
450 31.878
455 31.9074
460 31.3852
465 31.4177
470 31.3208
475 31.5504
480 32.0664
485 32.4963
490 31.3199
495 31.4022
500 31.6583
505 32.2482
510 32.1379
515 31.4965
520 31.4693
535 31.8453
540 31.2144
545 31.3235
550 31.5101
555 31.7381
560 32.046
565 31.6784
570 31.8214
575 31.371
580 31.4895
585 32.234
590 31.4274
595 31.506
600 31.3887
130 31.2805
140 31.2996
145 31.2957
150 31.2869
155 31.3075
160 31.2425
170 31.2893
175 31.1214
180 31.2948
185 31.3155
190 31.0739
195 31.4966
200 31.4312
205 31.1098
210 31.304
215 31.1202
220 31.4534
225 31.3355
230 31.1019
235 31.1169
240 31.5671
245 31.1144
250 31.4256
255 31.1222
260 31.2751
270 31.3752
275 31.2465
280 31.5862
285 31.4022
295 31.6473
300 31.258
305 31.1225
310 31.1631
320 30.9583
325 31.2789
330 31.1043
335 31.313
345 31.345
350 31.4665
355 31.2998
360 31.3167
370 31.538
375 31.2746
380 31.4532
385 31.4555
390 31.0571
395 31.3494
400 31.4493
405 31.1473
410 31.2981
420 31.2053
425 31.1256
430 31.1421
435 31.2337
440 31.3656
445 31.261
450 31.2117
455 31.2818
460 31.2731
465 31.5163
470 30.9645
475 31.4185
480 31.4726
485 31.2488
490 31.123
500 31.154
505 31.1209
510 31.1376
515 31.2754
520 31.2604
525 31.4549
530 31.339
535 31.1656
540 31.3231
545 31.1567
550 31.159
555 31.5236
560 31.1392
565 31.3092
575 31.5886
580 31.1281
585 31.324
590 31.175
600 31.08
5 31.8609
10 31.7796
20 31.7075
25 31.547
30 31.7958
35 31.4236
40 31.5274
45 31.3941
50 31.6948
55 32.5292
60 31.1712
65 31.3113
70 31.3619
75 31.3238
80 32.5798
85 30.6691
90 31.9919
100 31.3482
110 31.0623
115 31.3946
120 31.3612
125 32.0554
130 31.8632
135 31.2126
140 31.7015
145 32.2836
150 31.2002
155 31.7673
160 31.5454
165 31.3883
175 31.3716
180 31.6511
185 31.2098
190 31.3499
195 31.2058
200 31.4177
205 31.3115
210 31.2811
215 31.5874
220 31.469
225 31.1864
235 31.3846
240 31.5201
245 31.3674
250 31.5109
255 31.5183
260 32.0067
270 31.5815
275 31.5451
280 31.1718
285 31.7684
290 31.2382
295 31.3929
300 31.3389
305 31.7366
310 31.6144
320 31.5541
325 31.3475
330 31.1688
335 31.4153
340 31.4827
345 31.3429
355 31.3928
360 31.9981
365 31.0741
370 31.6599
375 31.3432
380 31.8482
385 32.1878
395 31.5936
410 31.7131
415 31.0324
420 31.406
425 31.4759
430 31.6729
435 31.7753
440 31.6098
445 31.9227
450 31.191
455 31.5569
460 31.5204
465 31.6141
475 31.663
480 31.7304
485 30.9454
490 31.6517
495 31.3821
500 31.3652
505 31.527
510 31.9853
515 32.2386
520 31.4475
525 31.5549
530 31.9956
535 31.797
540 31.2964
545 31.544
550 31.2508
555 31.7391
560 31.8593
565 31.1158
570 31.6816
575 31.4988
580 31.5823
585 31.6116
590 31.7688
595 31.4571
600 31.5772
5 32.1563
15 31.7447
20 31.3022
25 31.2138
30 31.3625
35 31.5795
40 31.5434
45 31.8492
55 31.7484
60 31.664
65 31.7055
70 31.3166
75 31.1854
80 31.5606
85 31.1125
90 31.4971
95 31.9275
100 31.6682
105 32.087
110 31.2513
115 31.3774
120 31.2475
125 32.1608
130 31.4431
135 30.9285
140 31.7522
145 31.401
150 31.3425
155 31.4863
160 31.6124
165 31.5021
170 31.3021
180 31.3214
185 31.0714
190 31.4362
195 31.3549
200 31.3482
215 31.5636
225 31.3068
235 31.5497
240 31.3741
245 31.2345
250 32.3652
255 32.0486
260 31.0473
270 31.3445
275 31.394
280 31.1753
285 31.1692
290 31.6737
295 31.3274
300 31.7629
305 31.52
310 31.5246
320 31.3151
325 31.1895
330 31.8553
335 31.2216
345 31.0875
355 31.595
360 31.8111
365 30.8619
370 31.5449
375 31.1732
380 31.7212
385 31.183
390 31.1748
395 31.3377
400 31.3461
405 31.3445
415 31.3329
420 31.373
425 31.3857
430 31.8059
435 31.0581
440 31.1097
445 31.3494
450 31.3758
455 31.2452
460 31.4032
465 31.5203
470 31.3742
475 31.5358
480 31.8323
485 31.7049
490 31.4685
495 31.6809
500 31.3545
505 31.188
510 32.0416
515 31.3336
520 31.4716
525 31.2669
530 31.186
535 31.7171
540 31.3575
545 31.2369
550 31.392
555 31.4364
560 31.6222
565 31.2075
575 31.6763
580 31.5603
585 31.2844
590 31.8628
595 31.4404
600 31.3563
5 31.4247
10 31.2034
15 31.7684
20 31.8482
25 31.1528
30 32.0163
35 31.4159
40 31.209
45 32.058
50 31.2053
55 31.2318
60 31.1667
70 31.3519
75 31.5707
80 31.8326
90 31.5884
95 31.43
100 31.2495
105 31.6163
110 31.0023
115 31.602
120 31.322
125 31.8605
130 31.4061
140 31.3686
145 31.4137
150 31.9988
155 32.1504
160 30.8361
165 31.9487
170 31.7426
175 31.7368
180 31.4776
185 31.4435
190 31.0316
195 31.795
200 31.3442
205 31.119
210 31.4475
215 31.5252
220 31.7686
225 31.3607
230 32.034
235 31.0788
240 31.3628
245 31.1877
250 31.5338
255 31.4426
260 31.3605
265 31.3525
270 31.7369
275 31.9187
280 31.1289
285 31.6687
290 31.7148
295 30.9791
300 31.2072
305 31.4099
310 31.3151
315 31.8933
320 31.0422
325 31.7333
330 31.3797
335 31.1715
340 31.7481
345 31.9435
350 31.3915
355 31.5647
360 31.323
365 31.5454
370 31.1884
375 31.2072
380 31.6117
390 31.5533
395 31.4306
400 32.3837
405 31.4087
410 31.4882
415 31.3587
420 31.3646
425 31.3421
430 31.4584
435 32.2072
440 30.8668
445 32.0816
450 31.366
455 31.9398
460 31.813
465 30.764
470 31.7472
475 31.3322
480 31.9089
485 31.4994
490 30.9356
495 31.5814
500 32.0101
505 31.7336
515 31.2182
520 31.3722
525 31.3771
530 31.3157
535 31.8612
540 31.1787
545 31.3665
550 31.3884
555 31.5068
560 31.6593
565 31.5166
570 31.0825
575 31.0721
580 31.9524
585 31.2127
590 31.6771
595 31.5437
600 31.744
5 31.4158
10 31.6371
15 31.2483
20 31.7646
25 31.2384
30 31.3808
35 31.6544
40 31.6464
45 31.5237
50 31.7302
55 32.0054
60 31.4631
65 32.0409
70 31.4375
75 31.7238
80 31.5028
85 31.841
90 31.4467
95 31.6198
100 31.8729
105 31.1657
110 31.4589
115 32.2503
120 31.959
125 31.6635
135 31.7715
140 31.2847
145 31.4804
150 31.466
155 31.2717
160 31.4302
165 31.4381
170 31.5701
175 31.2772
180 31.2877
185 31.4312
190 31.3087
195 31.4378
205 31.3366
210 32.1023
215 31.1723
220 31.252
225 31.4561
230 31.6603
235 31.6096
240 31.4784
245 31.5165
250 31.4912
255 32.1647
260 31.8203
265 31.2136
270 31.6584
275 31.7939
280 31.4976
285 31.8123
295 31.1064
300 31.4686
305 31.1859
310 31.6452
315 31.3971
320 31.8656
325 31.583
335 31.7674
340 31.4665
345 31.4423
350 31.4735
355 31.7688
360 31.794
365 31.6364
370 31.4319
375 31.7637
380 31.4377
385 31.754
395 31.8663
405 31.1326
410 31.9553
415 31.2328
420 31.0881
425 31.1469
430 31.9788
435 31.7353
445 32.4031
450 31.6882
455 32.0112
460 32.2017
465 31.4319
470 31.5949
475 31.2703
480 31.8355
485 31.3117
490 31.4947
495 31.0804
500 31.6725
505 31.8513
515 31.7297
520 31.2284
525 31.4267
530 32.0697
535 31.2154
540 31.3979
545 31.564
550 31.8127
555 31.6375
560 31.7998
565 31.0697
570 31.4291
575 31.493
580 31.6474
585 31.6453
590 31.5776
595 31.3764
600 31.9546
5 31.5093
15 31.9524
20 31.2325
25 31.5828
35 31.6461
45 31.4394
50 31.6107
60 31.9967
65 31.487
70 31.4421
75 31.6469
80 31.7999
85 31.5314
95 31.7475
100 31.4809
105 31.9463
110 31.3749
120 31.3676
125 31.6851
130 31.983
140 31.6531
145 31.8172
150 31.163
155 31.1488
160 31.7343
170 31.9058
175 31.4426
180 31.0769
185 31.6782
195 31.7342
205 31.6156
215 31.2237
225 32.0136
230 32.0421
240 31.9513
250 31.4832
255 31.4862
265 31.7167
270 31.3915
275 31.3033
280 31.3734
290 31.8237
300 30.9408
305 31.1914
315 31.4981
325 31.2619
330 31.5443
340 31.6839
350 30.9522
355 31.3191
360 31.7751
375 30.9955
385 31.3175
390 31.3428
400 31.2322
405 31.5521
410 31.6069
415 31.2472
425 31.4516
430 31.6329
435 31.6656
450 31.5385
455 31.0763
460 31.7708
465 31.3895
475 31.5562
480 31.1984
485 31.4644
500 31.29
505 31.1791
510 31.1418
525 31.4107
530 31.324
535 31.2915
540 31.5322
545 31.5105
550 31.5834
555 31.0361
560 31.3767
570 31.3511
580 30.8442
585 31.3689
595 31.6511
5 32.9997
10 31.4731
15 31.9175
20 31.5474
25 31.6809
30 31.3127
35 31.8715
40 32.0365
45 31.314
50 31.9778
55 31.3663
60 31.7078
70 31.8608
80 31.046
85 32.0236
90 31.6092
95 31.6739
100 31.172
105 31.4915
110 31.4301
115 31.5042
120 31.6792
125 31.9438
130 31.5955
135 31.1709
140 31.7173
145 31.3017
150 31.1664
155 31.6316
165 32.0087
170 31.5191
175 31.3548
180 31.3822
185 31.1416
190 32.0453
195 31.6948
200 31.3073
205 31.4867
210 31.7459
215 31.3093
220 31.3274
230 32.6394
235 31.1302
240 31.4644
245 31.541
250 31.653
255 31.8486
260 31.2138
265 31.684
270 31.641
275 31.8445
280 31.875
285 31.3377
290 31.3212
295 31.7266
300 31.5082
305 31.4618
310 31.4398
315 31.6293
320 31.5273
325 31.3481
330 31.6049
335 31.6278
340 31.4165
345 32.022
350 31.8479
355 32.2313
360 31.462
365 32.3964
370 31.3534
375 32.0499
380 31.5262
385 31.8861
390 31.4257
395 31.3438
400 31.4126
405 31.4903
410 31.4689
420 31.291
430 31.4394
435 32.029
440 31.4267
445 31.3292
450 31.5586
455 31.355
460 31.9527
465 31.8453
470 31.5366
475 31.5604
480 31.6965
485 31.7822
490 31.7595
495 31.2674
500 31.527
510 32.572
515 31.4982
520 31.4502
525 32.1288
530 31.9264
535 31.5287
540 31.6054
545 31.3104
550 31.9038
555 31.8889
560 31.8069
565 31.2927
570 31.711
575 31.482
580 31.9368
595 31.7466
600 31.6685
5 31.2342
10 31.4664
20 31.2824
25 31.2529
30 31.5898
35 31.641
40 31.434
50 31.2389
55 31.4009
60 31.4028
65 31.2727
70 31.5883
75 31.2963
80 31.269
85 31.5465
90 31.731
95 31.4191
100 31.4201
105 31.1619
110 31.4667
115 31.1688
120 31.4368
125 31.4239
130 31.7865
140 31.2317
145 31.2277
150 31.2446
155 31.7161
160 31.5069
170 31.6433
175 31.6165
180 31.588
185 31.4217
190 31.5726
200 31.2668
210 31.266
215 31.288
220 31.2505
230 31.6011
235 31.1126
240 31.5354
245 31.2381
255 31.5474
260 30.9321
265 31.5465
270 31.4064
275 31.2671
280 31.7863
290 31.391
295 31.3881
300 31.5565
305 31.5059
310 31.177
320 31.333
325 31.4416
330 31.4821
335 31.4473
340 31.5974
350 31.6264
360 31.565
365 31.3996
370 31.6487
380 31.3954
385 31.4809
390 31.4118
400 31.6602
405 31.2134
410 31.3097
415 31.3084
420 31.418
425 31.2905
430 31.635
435 31.3591
440 31.6855
445 31.2761
450 31.4341
455 31.5849
460 31.3966
465 31.3613
470 31.6004
475 31.5794
480 31.5217
485 31.4379
490 30.9613
500 31.4422
505 31.3796
510 31.6101
515 31.2576
530 31.2481
535 31.5673
540 31.4706
545 31.401
550 31.2392
560 31.5273
565 30.9719
570 31.4082
575 31.4103
580 31.2733
585 31.7769
590 30.962
595 31.2521
600 31.2774
5 33.3721
15 31.3043
20 31.6542
25 31.918
30 31.889
35 31.423
40 31.5361
45 31.5233
50 31.1162
55 32.3212
60 31.8087
65 31.7171
70 31.1095
75 32.4005
80 31.3024
95 31.8794
100 31.7675
105 32.1213
110 31.5866
115 31.4666
125 31.8689
130 32.3715
135 31.5442
140 31.9813
145 32.0539
150 31.7219
155 32.2168
160 31.3121
165 31.8286
170 31.334
175 31.6942
180 31.8164
185 32.1895
190 31.6938
195 31.5339
200 31.511
205 31.1589
210 31.5387
215 31.4616
220 31.9962
225 31.3729
230 31.7114
240 31.0812
245 31.3631
250 32.0024
255 31.3448
260 31.5063
265 31.7192
270 31.8443
275 31.6831
280 31.9146
285 31.3932
290 31.3416
295 31.3429
300 31.6745
305 31.279
310 31.5686
315 31.3226
320 31.4884
325 31.5424
330 31.9036
335 31.6064
340 31.2638
345 31.1845
350 31.6142
355 31.6879
360 31.5246
365 31.8697
370 32.0263
375 31.514
380 31.8862
385 31.3431
390 31.646
395 32.034
400 31.5334
405 31.696
410 31.6691
415 31.2961
425 31.9063
430 31.7593
435 31.4746
440 31.4067
450 32.0419
455 31.7367
460 31.4747
465 31.5383
470 31.7678
475 31.7361
480 31.3444
485 31.3406
490 31.4384
495 32.0689
505 31.2661
510 31.9734
515 31.8349
520 31.7233
525 31.666
530 32.0802
535 31.6038
540 32.3056
545 31.6622
550 32.175
555 32.3232
560 31.399
565 31.9282
570 31.8905
580 31.7123
590 31.7411
595 31.449
600 31.7131
5 31.3253
10 31.4165
15 31.6783
20 31.582
25 31.3843
30 31.179
35 31.9673
40 31.4537
45 31.6236
50 31.197
55 31.5907
60 31.6594
65 31.6162
70 31.6389
75 31.6323
80 31.5564
85 31.5614
90 31.2795
95 31.7785
100 32.0137
105 31.3474
110 31.8309
115 31.2596
120 32.0228
125 31.3561
130 31.2479
135 31.5346
140 31.7227
145 31.2912
150 32.2049
155 31.3749
160 31.1394
165 31.409
170 31.5929
175 31.4396
180 31.6727
185 31.7133
190 31.6144
195 31.5701
200 31.3767
205 31.2545
215 31.5639
220 31.8943
230 31.4829
235 31.3998
240 31.6708
245 31.5658
250 31.8031
255 31.6898
260 31.5326
265 31.3967
270 31.8377
275 31.8203
280 31.7795
285 31.9826
290 31.7475
295 31.7908
300 31.3247
305 31.5531
310 31.797
315 31.7915
320 31.2322
325 31.0915
330 31.8569
335 31.4178
340 31.5217
345 31.6121
350 31.56
355 32.5132
360 31.4238
365 31.6193
370 31.2348
375 31.5796
380 31.4587
385 31.524
390 32.0451
400 31.5503
405 31.4039
410 31.6482
415 31.8013
420 31.7463
425 32.046
430 31.4326
435 31.3493
440 31.182
445 31.6331
450 31.0481
455 31.653
465 31.0854
470 31.4207
475 31.6327
480 31.4207
485 31.6964
490 30.9586
495 31.9618
500 31.3907
510 31.7855
515 31.4213
530 31.4385
535 31.7827
540 31.6251
545 31.819
550 31.2818
555 31.5765
560 32.013
565 31.4708
570 31.5724
580 31.5685
585 31.8994
590 31.2298
595 31.4202
600 31.2769
5 31.4817
15 31.4363
20 31.0282
25 31.1303
30 31.2642
40 31.4475
45 30.9476
50 31.229
55 31.2701
65 30.9435
70 31.1092
75 31.5348
80 31.4201
90 31.4149
95 31.4246
100 31.2397
105 31.0881
115 31.2142
120 30.9984
125 31.4737
130 31.2461
140 31.4736
145 31.4713
150 31.3765
155 31.13
160 31.798
165 31.4325
170 31.4075
175 31.0899
180 31.7041
195 31.0854
200 31.241
205 31.0797
210 31.5257
220 31.2542
225 31.1192
230 31.4466
235 31.4304
245 31.077
250 31.0876
255 31.3133
260 31.266
270 31.646
275 31.2526
280 31.2327
285 31.2735
295 31.6046
300 31.1603
305 31.464
310 31.0254
320 31.2849
325 30.9846
330 31.0827
335 31.2818
345 31.2973
350 31.5986
355 31.2542
360 31.5778
370 31.6906
375 31.3264
380 31.0863
385 31.4063
395 31.2528
400 31.0882
405 31.2319
410 31.1736
420 31.2659
425 31.6421
430 31.4852
435 31.2836
445 31.304
450 31.154
455 31.3181
460 31.2023
465 31.7059
470 31.3976
475 31.2383
480 31.4907
485 31.1327
490 31.3582
500 31.2622
505 31.2804
510 31.6905
515 31.5196
525 31.0524
530 31.2564
535 31.7063
540 31.3845
550 31.0546
555 31.4294
560 31.0731
565 31.375
575 31.8225
580 31.4367
585 31.2891
590 31.7627
600 31.0422
5 33.0951
10 31.8403
15 31.4472
20 31.8933
25 31.5975
30 31.6796
35 31.0677
40 31.8632
45 31.2535
50 31.4475
55 31.7105
60 31.1103
65 31.3041
70 31.8688
75 31.7256
80 31.8166
85 31.4929
90 32.5083
95 31.0619
100 31.8093
105 31.9525
110 31.5472
115 31.4956
120 31.8395
125 32.2746
130 31.7257
135 31.5228
140 31.4465
145 31.4205
150 31.9954
155 31.9352
160 31.411
170 31.5006
180 31.2686
185 31.3927
190 31.2983
195 31.6702
200 31.4343
205 31.8988
210 31.6867
215 31.4943
220 31.5904
225 31.643
230 31.4373
235 31.294
240 31.4276
245 31.7362
250 31.4926
255 31.9248
260 31.3699
265 31.5914
270 31.1305
275 31.3231
280 31.8819
285 31.6285
290 31.3256
295 31.2847
300 32.1823
305 31.6098
310 31.6048
315 31.1566
320 31.3996
325 31.4265
330 31.4706
335 31.9149
340 31.4033
345 31.0831
350 31.8223
355 31.5514
360 31.4691
365 31.3066
370 31.4626
375 31.456
380 31.4206
390 31.1773
395 31.6674
400 31.6943
405 31.9577
410 31.2763
415 31.3845
420 31.6026
425 32.0621
430 31.8838
435 31.8562
440 31.4798
445 31.5564
450 31.4006
455 31.1191
460 31.6272
465 31.2564
470 31.9081
475 31.1601
480 31.3057
485 31.2733
490 31.415
495 32.1021
500 32.0208
505 31.3181
510 31.0996
515 31.3891
520 31.7048
525 31.4592
530 31.145
535 31.258
540 31.6967
545 31.2299
550 31.426
555 31.6763
560 31.4507
565 31.6978
570 31.4553
575 31.2704
580 31.6548
585 31.2849
590 31.9193
595 32.1516
600 31.0517
5 0
20 31.2016
25 32.034
40 32.1473
45 32.3872
50 32.4906
55 31.547
65 32.4358
70 32.2466
75 31.622
80 31.8905
85 31.986
90 31.8363
95 31.575
100 31.4323
105 32.2183
110 31.1371
115 31.99
120 31.9235
125 31.0871
130 31.8432
135 31.6557
140 31.9888
145 32.0421
150 31.6393
155 31.9589
160 31.2763
165 31.6781
170 31.4882
175 31.286
180 31.3816
185 31.2424
190 31.2983
195 31.6807
200 31.2669
205 31.5251
210 31.3897
215 31.3626
220 31.2631
225 31.8283
230 32.0143
235 31.3658
240 31.4463
245 31.6273
250 31.827
260 31.6295
270 31.6771
275 31.4613
280 31.2228
285 31.4703
290 32.1239
295 31.6336
300 31.2824
305 31.5164
310 31.3436
315 31.9334
320 31.2575
325 31.8285
330 31.8799
335 31.6982
340 31.3799
345 32.0656
355 31.694
360 31.8686
365 31.4864
370 31.8518
375 31.8296
380 31.2268
385 32.0724
390 31.9096
395 31.5083
400 31.8305
405 31.452
410 31.6916
415 31.2778
420 31.8588
425 31.2956
430 31.7751
435 32.3534
440 31.0415
445 31.6135
450 31.3086
455 32.0113
460 31.5013
465 31.3658
470 31.5703
475 31.2474
480 31.1232
485 32.3226
490 31.6332
495 31.4573
500 31.5028
505 31.8728
510 31.5293
515 31.2714
520 31.8183
525 32.0481
530 31.9865
535 31.3982
540 31.7784
545 31.638
550 31.4012
555 31.271
560 31.8747
565 31.9338
570 31.6732
575 31.6585
590 31.8712
595 31.4745
600 31.5593
5 31.1664
10 31.3141
15 31.3106
20 31.3032
25 31.1336
30 31.4794
40 31.3278
50 31.48
55 31.1396
60 31.1549
65 31.1122
70 31.359
75 31.1334
80 31.3206
85 30.9652
90 31.4702
95 31.1599
100 31.368
105 31.3435
110 30.9549
115 31.098
120 31.1629
125 31.3244
130 31.324
135 31.2535
140 31.1244
145 31.1973
150 31.1552
155 31.3976
160 31.1838
165 31.0308
170 31.3187
175 31.3038
185 31.0214
190 31.17
195 31.351
200 31.1181
205 31.1398
210 31.1302
215 31.005
220 31.1335
225 31.1866
230 31.1457
235 31.268
240 31.5278
245 31.3104
250 31.1395
255 31.2743
260 31.1859
265 31.1689
270 31.08
275 31.6351
280 31.303
285 31.533
290 31.12
295 31.1348
300 31.3008
305 31.3321
310 31.2947
315 31.1639
320 31.1078
325 31.1572
330 31.1164
335 31.4101
340 31.1212
345 31.119
350 31.1845
355 31.34
360 31.3192
365 30.9711
370 31.3533
375 31.1333
380 31.5118
385 31.4009
390 31.0435
395 31.6727
400 31.226
405 31.8676
410 31.5339
415 30.9858
420 31.1084
425 31.5033
430 31.1338
435 31.3187
440 31.302
445 31.1633
450 31.3617
455 31.4589
460 31.4941
465 31.1088
470 31.2963
475 31.1472
480 31.1793
485 31.3345
490 31.1525
495 31.4651
500 31.2932
505 31.1853
510 31.2844
515 31.1265
520 31.284
525 31.0965
530 31.1797
535 31.2866
540 30.9699
545 31.1394
550 31.3091
555 31.1835
560 31.3533
565 31.4738
570 31.2921
575 31.2807
580 31.0356
585 31.1199
590 31.294
595 31.0993
600 31.3492
5 33.1123
10 31.2357
15 31.9547
20 31.9727
25 31.6409
30 31.65
40 31.4566
45 31.415
50 31.4352
60 31.4678
65 32.0137
70 31.4169
75 31.8276
80 31.6185
85 31.9814
90 31.9815
95 31.1222
100 31.5806
105 31.9132
110 32.1046
115 31.7807
120 31.8091
125 32.0689
130 31.4759
135 31.8748
140 31.2818
145 32.2869
150 31.1089
155 31.9306
160 31.8888
165 31.1067
170 31.1702
175 31.6234
180 31.3394
185 31.6606
190 31.6133
195 31.7911
200 31.4622
205 31.1378
215 31.8252
220 31.2844
225 31.8853
230 31.6083
235 31.8185
240 31.4273
245 31.4316
250 31.4605
255 31.6024
260 31.9955
265 31.6276
270 31.7367
275 31.5004
280 31.6367
285 32.0668
290 31.0422
295 31.7587
300 31.5222
305 31.8227
310 31.53
315 31.6649
325 31.4744
330 31.8378
335 31.7914
340 31.2756
345 31.8031
350 31.528
355 31.4547
360 31.3891
365 31.8708
370 31.4899
375 31.2771
380 31.6452
385 31.6869
390 31.4533
395 31.6402
400 31.1658
405 31.2526
410 31.6145
415 31.3237
420 31.4842
425 31.3373
430 31.1339
435 31.7897
440 31.9874
445 31.5764
450 31.8533
455 31.711
465 31.1295
470 31.4678
475 31.6218
480 31.3999
485 31.1597
490 31.5088
495 31.8222
500 31.803
505 31.7056
510 31.2144
515 31.9916
520 31.3706
525 32.0618
530 31.8385
535 31.4855
540 31.7466
545 31.3975
550 31.9836
560 31.1188
565 31.689
570 31.7159
575 31.7813
580 31.7193
585 32.1655
590 31.7062
595 31.3811
600 31.3315
5 31.4117
10 31.7811
15 31.4318
20 31.6183
30 31.9412
35 31.6459
40 31.8305
50 31.6139
55 31.5394
60 31.7307
65 31.2778
70 31.8407
75 31.6287
80 31.738
85 31.9065
90 31.3904
95 31.2385
100 31.6738
110 31.6514
115 31.7484
120 31.789
125 31.2757
130 31.4361
135 31.5924
140 31.7438
145 31.9354
150 31.3763
155 31.6606
160 31.4001
165 32.0439
170 31.585
175 31.7796
180 31.8017
185 31.7699
190 31.2437
195 31.2596
205 31.6549
210 31.4394
215 31.8173
220 31.3015
225 32.0656
230 31.1181
240 31.931
245 31.7767
255 31.1383
260 31.3904
265 31.4995
270 31.0957
275 31.5248
280 31.5608
285 31.3694
290 31.4174
295 31.9885
300 31.6032
305 32.0802
315 32.0485
320 32.1976
325 31.4135
330 31.5555
335 31.2251
340 31.3349
345 31.3219
355 31.6758
360 31.557
365 31.5034
370 31.5787
375 31.2648
380 31.8032
385 31.4985
390 31.8004
395 31.6561
400 31.9766
410 31.0922
415 31.4324
420 31.656
425 31.5831
430 31.8711
435 31.7967
440 31.6073
445 31.4248
450 31.9325
455 31.5934
460 32.3078
465 31.6976
470 31.8895
475 31.1436
480 31.8052
485 31.7158
490 31.3192
495 31.2295
500 31.5999
505 31.841
510 31.4471
515 31.3693
520 31.1447
525 31.3302
530 31.6333
535 31.2835
540 31.3148
545 31.3796
550 31.242
555 31.6992
560 31.656
570 31.9932
575 31.9207
580 31.4036
585 31.2143
590 31.6332
595 31.4513
600 31.3328
5 32.8528
10 31.2822
20 31.2694
25 31.3671
30 31.4396
35 31.7654
40 31.2322
45 31.8074
55 31.5509
60 31.1894
65 32.4959
70 31.4348
75 32.2562
80 31.6613
85 31.4552
90 31.1379
95 31.2324
100 31.4584
110 31.5402
115 31.8225
120 31.638
125 31.6905
130 31.814
135 30.8456
140 31.6345
145 31.4553
150 31.3963
155 31.8447
165 31.3112
175 31.2336
180 32.352
185 31.4406
190 31.5921
195 31.2706
200 31.4778
205 31.7417
210 31.719
215 31.4437
220 32.2748
225 31.3772
230 31.8929
235 31.0534
240 31.5997
245 31.4601
250 31.5174
255 31.7304
260 31.558
265 31.9009
270 31.5416
275 31.4132
280 31.4914
285 31.2963
290 32.5632
300 31.4694
305 31.4458
310 30.9703
315 31.4108
320 31.2208
325 31.3466
330 31.4298
335 31.2306
340 31.2674
345 30.9805
350 31.7056
360 31.435
375 31.3002
380 31.3401
385 31.0228
390 31.3836
400 31.0588
405 32.0555
410 31.5236
415 31.3832
420 30.8842
425 31.7721
430 31.9259
445 31.1431
450 31.6297
455 31.657
460 31.4188
465 31.6247
470 31.6476
475 31.6097
480 31.715
485 31.7526
490 31.0356
495 31.4011
500 31.764
505 31.5873
510 31.5045
515 31.1555
520 31.4503
525 31.9329
530 31.5862
535 31.6065
540 31.2832
545 31.1987
550 31.6655
555 32.7834
560 31.2065
565 31.1829
570 31.2013
575 31.66
580 31.4271
585 31.6213
590 30.9035
595 31.5271
600 31.8898
5 35.9657
10 31.7972
15 31.7915
20 31.711
25 31.5159
30 31.9802
35 32.137
40 31.9815
45 31.9004
50 31.3907
55 32.0262
60 31.7844
65 32.1252
70 31.4563
75 31.7879
80 31.7292
85 31.4188
90 31.3288
100 31.446
105 31.6785
110 31.5979
115 31.5818
120 31.3877
125 31.9388
135 31.9942
140 31.408
145 31.92
150 31.1672
155 32.0333
160 31.397
165 32.2377
170 31.2223
175 31.8152
180 31.4167
185 32.0374
190 31.4598
195 31.5559
200 31.7322
215 31.4724
220 31.6649
225 31.773
230 31.6727
250 31.2208
255 31.6024
260 31.5643
265 31.8124
280 31.4295
285 31.8418
290 31.4045
295 31.6184
300 31.8826
305 31.4221
315 31.8243
320 32.5832
325 31.7514
330 31.5739
335 31.6686
340 31.1682
350 31.3957
355 31.5676
360 31.575
365 31.5379
370 31.8979
375 31.5571
380 31.8133
385 32.0423
390 31.4692
395 31.9425
400 31.3019
405 31.2857
410 31.5165
415 31.6068
420 31.3598
425 31.9455
430 31.7644
435 31.8143
440 31.6992
445 31.0876
450 31.7594
460 31.0662
465 32.2963
470 31.7501
475 31.5503
485 31.3788
490 31.6427
505 31.3859
510 31.9078
515 31.2253
520 31.4516
525 31.7748
535 31.2721
540 31.5921
545 31.6146
550 31.2948
555 31.55
560 31.3831
565 31.8651
570 31.5865
575 31.369
580 31.2482
585 31.9296
590 31.4503
595 31.395
600 31.9644
5 36.3178
10 31.3538
15 31.6671
20 31.383
25 31.7389
30 32.0299
35 31.1121
40 31.6063
50 31.4925
55 31.3294
60 31.6835
65 31.5292
70 31.3446
75 31.5042
80 31.5555
85 31.4059
90 31.4978
95 31.4859
100 31.7164
105 31.4851
110 31.4899
120 31.1067
125 31.2539
135 31.5685
140 31.4163
145 31.3646
150 31.6782
155 31.7674
160 31.3234
165 32.102
170 31.6044
175 32.063
185 30.9601
195 31.6951
200 31.8546
205 32.1963
210 31.5834
215 31.4493
220 31.06
230 31.8666
235 31.7433
245 31.4882
250 31.7322
260 31.2326
265 31.6713
270 31.6694
275 31.9205
280 31.6662
285 31.5159
290 31.5102
295 32.1753
300 31.6024
305 31.7183
310 31.9759
315 31.47
320 31.3016
325 31.6359
330 32.4065
335 31.2206
345 31.8749
350 31.6846
355 31.3707
365 31.1843
370 31.3331
375 31.4981
380 31.5798
385 32.2528
390 31.4646
395 31.4152
400 31.3613
405 31.6682
410 32.1063
415 31.4544
420 31.201
425 31.4481
430 31.6699
435 31.7697
440 31.1054
450 31.1816
455 31.4833
460 31.7358
465 31.279
470 31.8437
475 31.5485
480 31.736
485 31.5468
490 31.2304
495 31.4955
505 31.8311
510 31.775
515 31.3465
520 31.6955
525 31.7166
530 31.5052
535 32.0549
540 31.4332
545 31.1651
550 31.5568
555 31.6252
560 31.2572
565 31.7515
570 31.2951
575 32.1541
580 31.2813
585 31.9745
590 31.588
595 31.7489
600 31.8108
5 31.1392
10 31.8153
15 31.4697
20 31.4628
25 31.178
35 31.3035
40 31.1392
45 31.698
50 32.0561
55 31.3535
60 31.502
65 31.3203
70 31.2975
75 31.2885
80 31.4856
85 32.1303
90 31.39
95 31.494
100 31.302
105 31.6151
110 31.1973
115 31.2381
120 31.467
125 31.4852
130 31.4524
135 31.1956
140 31.6548
145 31.1397
150 31.2669
155 31.5059
160 31.4716
165 31.8366
170 31.71
175 31.5052
180 31.5207
185 31.3997
190 31.2541
200 31.3272
205 31.8347
210 31.4093
215 30.8823
220 31.6265
225 31.4374
235 31.8034
240 31.4887
245 31.133
250 31.5461
255 31.8463
260 31.3224
270 31.2906
280 31.192
285 31.1986
290 31.2634
295 31.3474
300 31.1581
315 31.6115
320 31.2068
325 31.8787
330 31.3701
335 31.9431
340 30.9493
345 31.514
350 32.0609
355 31.6696
360 31.0894
365 31.0575
370 31.3144
375 31.4485
380 31.6293
385 31.1219
390 31.1187
395 31.5092
400 31.8169
405 31.308
410 31.174
415 31.1903
420 31.6871
425 31.1411
430 31.8799
435 31.7656
440 31.5578
445 31.6288
450 31.3687
455 31.62
460 31.391
465 31.0733
470 31.2886
475 31.4553
480 31.7137
485 31.8268
490 31.1746
495 31.2899
500 31.2407
510 0
515 0
530 31.4332
535 31.428
540 31.8045
545 31.0156
550 31.7823
555 31.1311
560 31.6701
565 31.6343
570 31.4753
575 31.6884
580 31.7048
585 31.1723
590 31.6225
595 31.1962
600 31.4683
5 34.1379
10 31.2912
15 31.1463
20 31.2662
25 31.1508
30 31.6539
35 30.9249
40 31.261
45 31.6246
50 31.5164
55 31.2837
60 31.8411
65 31.4559
70 31.2633
75 31.4873
80 31.8259
85 31.0924
90 31.3456
95 31.0265
100 31.3118
105 31.6376
110 31.1104
115 31.1166
120 31.7225
125 30.9294
130 31.5614
135 31.0831
140 31.477
145 31.3169
150 31.4391
155 31.656
160 30.881
165 31.4501
170 31.4992
180 32.0368
185 31.0957
190 31.2578
195 31.2841
205 31.7585
210 30.9715
215 31.6668
220 31.1207
225 31.6427
230 31.2328
240 31.695
245 31.3067
250 31.5191
255 31.196
260 31.6219
265 30.97
270 31.6367
275 31.8217
280 31.1824
290 31.4347
295 31.3163
300 31.3169
305 31.624
310 31.3851
315 31.2898
320 31.206
325 31.1399
330 31.3317
335 31.623
340 31.1117
345 31.4302
360 31.0102
365 31.2655
370 31.6992
375 31.1677
380 31.5635
385 31.2599
395 31.2966
400 31.1198
405 31.944
415 31.4594
420 31.7743
425 31.4846
430 31.2687
435 31.9142
440 31.2673
445 31.429
450 31.0486
455 31.6277
460 31.5477
465 31.0851
470 31.5166
475 31.8243
480 31.1311
485 31.8155
490 30.6478
495 32.1349
500 31.8017
505 31.3099
515 31.044
520 31.454
525 31.2756
530 31.8873
535 31.2818
540 31.6697
550 31.7797
560 31.3162
565 31.105
580 31.4777
585 30.919
590 31.4688
595 31.1705
600 32.1557
5 31.117
15 30.9123
20 31.291
25 31.3625
30 31.0972
40 30.9904
45 31.1183
50 31.264
55 31.2131
65 30.9491
70 31.2892
75 31.1414
80 31.1523
90 30.8907
95 31.3011
100 31.2676
105 31.1468
115 31.2404
120 31.4685
125 31.3207
130 31.2493
140 30.9564
145 31.0739
150 31.1196
155 31.114
165 30.9559
170 31.3221
175 31.079
180 31.265
190 31.0006
195 31.1448
200 31.106
205 31.4537
215 31.2265
220 31.2003
225 31.1215
230 31.3059
240 31.3253
245 31.1732
250 31.1822
255 31.1285
260 31.271
265 31.0785
270 31.0165
275 31.1623
280 31.4878
285 31.2238
295 31.1129
300 31.0993
305 31.4711
310 31.3009
320 30.8372
325 31.055
330 31.1146
335 31.119
345 30.957
350 31.1163
355 31.2918
360 31.8549
370 30.8554
375 31.2884
380 31.3332
385 31.2877
395 31.0829
400 31.0097
405 31.092
410 31.091
420 30.9309
425 31.0894
430 31.4598
435 31.2902
445 30.9786
450 31.2788
455 31.3031
460 31.2828
470 30.8432
475 31.1136
480 31.1693
485 31.118
495 30.9712
500 31.1301
505 31.3047
510 31.3082
520 30.9179
525 31.1616
530 31.5072
535 31.1233
540 31.6241
550 31.0125
555 31.262
560 31.2068
565 31.3244
570 31.1671
575 31.0482
580 31.116
585 31.1457
590 31.4522
600 31.0403
5 36.263
30 31.7852
35 31.1139
40 31.585
45 31.0622
50 31.3667
55 31.3203
60 31.3076
65 31.0884
70 31.0576
75 31.5741
80 31.2994
85 30.9755
90 31.4217
95 31.4241
100 31.4715
105 30.9556
110 31.2944
115 31.3927
120 31.5786
125 31.2284
130 31.3146
135 31.1755
140 31.1074
145 31.1843
150 31.4217
155 31.4528
160 31.2466
165 30.9357
170 31.1842
175 31.4024
180 31.3518
185 31.5423
190 31.1401
195 31.3951
200 31.2276
205 31.0608
210 31.7407
215 31.4104
220 31.2359
225 31.1019
230 31.1948
235 31.1679
240 31.2995
245 31.0582
250 31.2074
255 31.7747
260 31.2457
265 31.2251
270 31.268
275 31.364
280 31.0587
285 31.9675
290 30.9241
295 31.4296
300 31.0174
305 31.5647
310 31.7056
315 30.781
320 31.2276
325 31.4415
330 31.5462
335 31.6402
340 31.02
350 31.2523
360 31.5008
365 31.295
370 31.595
375 31.066
380 31.044
385 31.157
390 30.9681
395 31.2405
400 31.3834
405 31.0582
410 31.4865
420 31.2065
425 31.5459
430 31.9707
435 31.2397
440 31.1759
450 31.2211
455 31.0588
460 31.3134
465 30.7902
470 31.5755
475 31.3833
480 31.2146
485 31.5793
490 31.0556
495 31.1635
500 31.053
505 31.1688
510 31.1527
515 31.2193
520 31.4588
525 31.4119
530 31.0587
535 31.5941
540 31.4948
545 31.1435
550 31.4366
555 31.378
560 31.37
565 31.7026
570 30.9116
575 31.2024
580 31.3649
585 31.366
590 31.332
595 31.1184
600 31.3894
5 33.1215
10 31.2962
15 31.4622
20 31.8235
25 31.215
30 31.5929
35 31.417
40 31.32
45 31.5198
50 31.3667
55 31.6528
60 31.3635
65 31.3556
70 31.4483
75 31.6898
80 32.2478
85 31.5925
90 31.8487
95 31.6593
100 31.8263
105 31.5414
110 31.3105
115 31.1624
120 31.321
125 31.4848
130 31.469
135 31.4522
140 31.7
145 31.466
150 31.3011
155 31.3548
160 31.3973
165 31.5395
170 31.117
175 31.9706
185 31.3579
190 31.3868
195 31.1679
200 31.5266
205 31.3167
210 31.8469
220 31.5069
225 31.1932
230 31.4348
235 31.0949
240 31.291
245 31.2973
250 31.4934
255 31.3508
260 31.444
265 31.2914
270 31.1353
275 31.3455
280 31.1658
285 31.3385
290 31.8538
295 31.0603
300 31.1267
305 31.4208
310 31.8845
315 31.4981
320 31.5375
325 31.5534
330 31.2846
335 31.3957
340 31.0763
345 31.6716
350 31.7143
355 31.5939
360 31.4778
365 31.2616
370 31.3071
375 31.8804
380 31.3161
385 31.418
390 31.1259
395 31.308
400 31.6285
405 31.657
410 31.3922
415 31.5164
420 31.3145
425 31.4283
430 31.6697
435 31.2596
440 31.2254
450 31.331
455 31.6428
460 31.2688
465 31.3496
470 31.7191
480 31.6592
485 31.5449
490 31.5355
495 31.4891
505 31.643
510 31.0929
515 31.6344
520 31.3035
525 31.6544
530 31.4521
535 31.3523
540 31.6147
545 31.3139
550 31.6307
555 31.5194
560 31.3991
565 31.36
570 31.2776
575 31.4693
580 31.7436
585 31.5901
590 31.1603
595 31.4012
5 34.2149
10 31.2224
15 31.1726
20 31.1839
25 31.513
30 31.0389
35 30.9951
40 31.1605
45 31.3373
50 31.345
55 31.3325
65 31.1712
70 31.366
75 31.1884
80 31.5507
90 31.4241
95 31.3655
100 31.4802
105 31.3245
115 31.1569
120 31.1863
125 31.2068
130 31.383
135 31.3603
140 31.0645
145 31.3261
150 31.1958
155 31.5429
165 31.1538
170 31.3686
175 31.2013
180 31.2302
185 31.3514
190 31.0473
195 31.2209
200 31.219
205 31.4093
210 31.5674
215 31.2072
220 31.3592
225 31.2262
230 31.5045
240 31.0136
245 31.4527
250 31.3209
255 31.3806
265 31.0267
270 31.0673
275 31.2108
280 31.2392
290 31.171
295 31.3619
300 31.179
305 31.3607
315 30.9937
320 31.3275
325 31.3343
330 31.1868
340 31.5087
345 31.3437
350 31.2459
355 31.3415
370 31.1985
375 31.3387
380 31.2287
395 30.923
400 31.2763
405 31.0825
410 31.2287
420 31.1405
425 31.168
430 31.3806
445 31.0605
450 31.54
460 31.5766
470 30.9954
475 31.1271
480 31.2165
485 31.3085
495 31.111
500 31.6466
505 31.3123
510 31.3225
520 31.2378
525 31.4395
530 31.164
535 31.116
545 31.2014
550 31.1788
555 31.3581
570 31.0406
575 31.3346
580 31.2122
585 31.1655
595 30.9823
600 31.3121
110 31.3043
115 30.9588
120 31.1917
125 31.2194
130 31.339
135 31.3827
140 30.9782
145 31.3273
150 31.3413
155 31.0652
160 31.7895
165 31.1505
170 31.618
175 31.53
180 31.0741
185 31.5333
190 31.124
195 31.1436
200 31.6766
205 30.9583
215 31.1757
220 31.1739
225 31.2891
230 31.5354
235 31.3892
240 31.1489
245 31.1873
250 31.2385
255 31.3003
265 31.1553
270 31.3118
275 31.1461
280 31.2167
285 31.5403
290 31.1765
295 31.1837
300 31.1735
305 31.3177
310 31.4333
315 31.2938
320 31.7277
325 31.3397
330 31.3362
335 31.1121
340 31.3508
345 31.1796
350 31.3335
355 31.2148
360 31.194
370 31.3706
375 31.4781
380 31.1285
385 31.3065
390 31.1773
395 31.3116
400 31.5521
405 31.1476
425 31.4647
430 31.2983
435 31.6598
440 31.0569
445 31.0285
450 31.3361
460 31.5007
465 31.3848
470 30.9742
475 31.5079
480 31.371
485 31.0143
490 31.4948
495 31.3358
500 31.8358
505 31.1521
520 31.13
525 31.3002
530 31.0417
535 31.3409
540 31.5185
545 31.3353
550 31.205
555 31.1201
560 31.3184
570 31.0229
575 31.5459
580 31.617
585 31.1662
590 31.1927
595 31.2097
600 31.3003
