5 26.6537358974
10 44.1007133333
15 44.5635043478
20 44.6745680851
25 44.6125632653
30 44.6035234043
35 44.6737458333
40 44.6011255319
45 44.6160040816
50 44.63214375
55 44.51061875
60 44.7452458333
65 44.6537875
70 44.5753791667
75 44.6303428571
80 44.4097387755
85 44.8281217391
90 44.5915708333
95 44.6090170213
100 44.6305659574
105 44.3999530612
110 44.7625468085
115 44.7563285714
120 44.6502708333
125 44.65877
130 44.3740666667
135 44.8120659574
140 44.60339375
145 44.6139285714
150 44.578676
155 44.4921659574
160 44.7894510638
165 44.6616408163
170 44.6194541667
175 44.6353897959
180 44.3629042553
185 44.78066875
190 44.7202625
195 44.586322
200 44.6194829787
205 44.4651957447
210 44.6980125
215 44.6888234043
220 44.5801755102
225 44.665932
230 44.46123
235 44.74716875
240 44.7132285714
245 44.6533914894
250 44.6404306122
255 44.5421833333
260 44.5726244898
265 44.70435625
270 44.5617918367
275 44.6453367347
280 44.5661375
285 44.6396857143
290 44.718156
295 44.595278
300 44.630216
305 44.6431106383
310 44.494644
315 44.6956857143
320 44.6854375
325 44.6478604167
330 44.6413857143
335 44.5683020833
340 44.7578791667
345 44.6303979167
350 44.655032
355 44.5517604167
360 44.4523346939
365 44.847244898
370 44.6472148936
375 44.634744898
380 44.699493617
385 44.5206
390 44.7192040816
395 44.6496755102
400 44.5918541667
405 44.5681416667
410 44.5284857143
415 44.6897877551
420 44.6365375
425 44.653432
430 44.5981458333
435 44.4455816327
440 44.7409918367
445 44.7476897959
450 44.6088979167
455 44.65536875
460 44.5486041667
465 44.73044375
470 44.7045673469
475 44.60876875
480 44.6275488889
485 44.3553795918
490 44.8800244898
495 44.6577979592
500 44.6056446809
505 44.5918583333
510 44.4426166667
515 44.7829897959
520 44.6567458333
525 44.6626833333
530 44.5520638298
535 44.5224229167
540 44.672122
545 44.6951666667
550 44.6236673469
555 44.6567897959
560 44.4613081633
565 44.6058914894
570 44.77233125
575 44.6070170213
580 44.6447468085
585 44.5723714286
590 44.5386520833
595 44.8070125
600 44.6329208333
