5 43.8649
10 44.6252
15 44.6131
20 44.6256
25 44.6279
30 44.5687
35 44.6725
40 44.6086
45 43.9991
50 44.6144
55 44.3569
60 44.9389
65 44.5995
70 44.6414
75 44.6692
80 43.9507
85 44.6271
90 44.6464
95 44.5953
100 44.6403
105 44.2561
110 44.3255
115 45.3115
120 44.7037
125 44.6346
130 43.5293
135 44.932
145 44.6361
150 44.6222
155 44.6646
160 44.0132
165 44.6497
170 44.6179
175 44.6166
180 43.8916
185 44.6543
190 44.6471
195 44.6337
200 44.6258
205 44.6356
210 44.5869
215 44.6406
220 44.6367
225 44.657
230 44.6047
235 44.672
240 44.6265
245 44.6106
250 44.617
255 44.6844
260 44.6003
265 44.6469
270 44.6792
275 43.9792
280 44.6112
285 44.9283
290 43.6355
295 44.6244
300 44.6037
305 44.6432
310 44.6681
315 44.6175
320 44.2272
325 44.6292
330 44.6235
335 43.9085
340 45.2966
345 44.6333
350 44.6364
355 44.6257
360 44.3083
365 44.9019
370 43.9678
375 44.6301
380 44.6688
385 44.9346
390 44.6863
395 44.6616
400 44.6406
405 44.6102
410 44.6026
415 44.0018
420 44.6488
425 44.6947
430 44.6471
435 44.6107
440 44.0119
445 45.6072
450 44.6183
455 44.6396
460 44.9198
465 43.3728
470 44.6268
475 44.6563
480 44.6212
485 44.5599
490 44.6241
495 44.687
500 44.6484
505 43.9428
510 43.8683
515 44.6456
520 44.6703
525 44.6239
530 44.6327
535 44.6746
540 43.9555
545 45.3134
550 44.6062
555 44.6174
560 44.2701
565 43.6582
570 45.2822
575 43.9814
580 44.6254
585 44.6107
590 44.2619
595 45.0023
600 44.6128
5 43.9304
10 43.5643
15 44.6487
25 44.6686
35 43.9981
45 44.6508
55 44.653
60 44.6543
65 44.6709
70 44.6496
75 44.6272
80 43.9684
90 43.9468
100 44.6773
105 45.2737
110 44.3769
115 44.9367
120 44.666
125 44.6243
130 44.9583
150 44.6476
160 45.0044
185 44.6042
195 44.6706
210 44.6546
220 44.6556
225 44.6063
230 45.3989
240 44.645
250 44.6533
265 44.9366
270 43.9376
290 44.6505
295 44.6968
300 44.6534
305 44.6658
310 44.6378
315 44.6832
330 44.7022
340 44.0146
345 43.9775
350 44.9159
365 44.5981
375 44.6491
390 44.6763
400 43.9655
405 45.3192
410 43.996
420 44.6394
425 44.6679
430 44.9851
435 44.649
440 44.354
445 44.0156
450 44.6462
455 44.6357
465 45.254
470 44.6547
485 44.5686
515 44.6599
520 44.9817
530 43.983
540 44.0286
550 44.7012
555 44.6753
575 44.6545
5 31.1624
10 44.7242
15 44.7073
20 44.7234
25 44.7095
30 45.5193
35 44.1543
40 44.7449
45 44.6616
50 44.7021
55 44.6344
60 44.7251
65 44.7017
70 44.7041
75 44.7148
80 44.3121
85 45.2289
90 44.71
95 44.7286
100 44.6818
105 44.3073
110 44.4285
115 45.4182
120 44.7346
125 44.6957
130 44.6961
135 44.0263
140 45.3205
145 44.0118
150 44.7096
155 44.733
160 44.0638
165 45.3119
170 44.6864
175 44.716
180 44.7141
185 44.0713
190 45.3147
195 44.6799
200 44.0294
205 44.7189
210 45.0147
215 44.7346
220 44.6768
225 44.6955
230 43.9674
235 45.3304
240 44.7076
245 44.7457
250 44.6686
255 44.6651
260 44.7034
265 44.7824
270 44.0505
275 44.6949
280 44.7064
285 44.7324
290 44.7021
295 44.7387
300 44.7176
305 45.0211
310 44.7349
315 44.3662
320 44.6699
325 45.0129
330 45.0068
335 44.6814
340 44.6734
345 44.6342
350 44.7893
355 44.6793
360 44.3877
365 44.9804
370 44.7045
375 44.7117
380 44.6941
385 44.7397
390 44.9878
395 44.6957
400 45.0419
405 44.4248
410 44.3854
415 44.934
420 44.7051
425 44.7317
430 44.7231
435 44.7092
440 43.7846
445 45.627
450 44.7052
455 44.7003
460 44.749
465 44.0601
470 45.2662
475 44.6649
480 44.3311
485 43.7592
490 44.3163
495 45.0083
500 44.6956
505 44.9998
510 44.6823
515 44.406
520 44.9776
525 44.7298
530 44.0273
535 44.6916
540 44.7468
545 44.6904
550 44.7065
555 44.7243
560 44.7092
565 44.6722
570 44.7019
575 44.6867
580 44.7092
585 44.7157
590 44.7563
595 44.7116
600 44.6776
5 36.1691
10 44.6317
15 44.6107
20 44.614
25 44.641
30 44.6089
35 44.6314
40 44.6064
45 44.6259
50 44.6399
55 44.6074
60 44.6427
65 44.6423
70 44.6367
75 44.5949
80 44.6437
85 44.6122
90 44.6179
95 44.6233
100 44.6067
105 44.6459
110 44.6504
115 44.6718
120 44.6145
125 44.6107
130 44.6342
135 44.6411
140 44.6206
145 44.6283
150 43.9649
155 44.6293
160 44.672
165 44.6003
170 44.6797
175 44.6267
180 44.6319
185 43.2757
190 45.2952
195 44.6285
200 44.6131
205 44.6446
210 43.6692
215 45.5251
220 44.611
225 44.6461
230 44.631
235 44.2084
240 44.9704
245 44.6391
250 44.6302
255 43.9481
260 44.5854
265 43.9859
270 44.5664
275 44.574
280 44.6278
285 44.6305
290 44.6347
295 44.614
300 43.9096
305 44.6553
310 44.6385
315 44.6357
320 44.6485
325 44.6378
330 44.6174
335 44.6242
340 44.613
345 44.6504
350 44.6694
355 44.6023
360 44.6374
365 44.8705
370 44.6267
375 44.3132
380 44.892
385 44.6602
390 44.5981
395 44.6327
400 44.6454
405 44.6269
410 44.67
415 44.8702
420 44.6399
425 44.6615
430 44.6524
435 44.3482
440 44.6474
445 44.9336
450 44.6429
455 44.6252
460 44.6497
465 44.6634
470 44.6362
475 44.5997
480 44.6685
485 44.6511
490 44.6024
495 44.6258
500 44.6435
505 44.647
510 44.624
515 43.7002
520 45.5248
525 44.5956
530 44.9096
535 44.6175
540 43.9999
545 45.2453
550 44.6625
555 44.5797
560 44.675
565 44.5333
570 44.664
575 44.6384
580 44.6775
585 44.6123
590 44.6388
595 44.8987
600 44.6193
5 0
10 44.2842
15 44.6097
20 44.623
25 44.6602
30 44.6548
35 44.6643
40 44.6571
45 44.6361
50 43.8928
55 44.6977
60 44.6465
65 44.6626
70 44.2808
75 44.9963
80 44.6581
85 44.6979
90 44.6395
95 43.9807
100 44.6799
105 44.309
110 45.0064
115 44.631
120 43.9901
125 44.6829
130 45.0736
135 44.3412
140 43.9979
145 44.626
150 44.6715
155 44.3183
160 44.9938
165 44.7015
170 44.6178
175 43.9709
180 44.2843
185 44.9922
190 44.9775
195 44.6462
200 44.6351
205 44.6254
210 44.7034
215 44.6456
220 44.6443
225 44.6463
230 44.6369
235 44.6152
240 44.6669
245 44.6336
250 44.6504
255 43.9095
260 44.0392
265 44.6518
270 44.6463
275 44.7002
280 44.6028
285 44.6729
290 44.6839
295 44.0448
300 44.674
305 44.6897
310 44.9492
315 44.6455
320 44.6832
325 44.6481
330 44.657
335 44.0531
340 44.6584
345 44.6582
350 43.9385
355 44.6323
360 44.6712
365 44.6542
370 44.6404
375 44.0415
380 44.6849
385 44.66
390 43.9588
395 44.6724
400 44.6858
405 44.6667
410 44.9751
415 43.9822
420 44.6437
425 44.6412
430 44.6558
435 44.584
440 44.7228
445 44.9698
450 44.6536
455 44.0027
460 43.9988
465 45.6009
470 44.6532
475 44.6482
480 44.6604
485 44.2797
490 44.9601
495 44.6514
500 44.6388
505 44.6164
510 44.0117
515 45.2461
520 44.6087
525 44.6874
530 44.693
535 44.3437
540 44.9349
545 44.7104
550 44.6385
555 44.6624
560 43.9132
565 44.6877
570 44.6784
575 44.6752
580 44.6504
585 44.9859
590 44.6456
595 44.6226
600 44.6566
5 36.644
55 44.1837
110 44.791
115 45.3648
120 44.7753
125 44.7216
135 44.7187
140 44.1
145 44.746
150 44.7061
160 45.8847
165 44.7423
170 44.7657
175 44.7343
190 44.7695
195 44.7502
200 44.7443
220 44.0654
225 44.726
230 44.747
240 44.7377
245 44.7624
250 44.7356
255 44.7311
260 44.7364
265 44.7286
270 44.7334
275 44.7488
280 44.6415
285 44.8389
290 44.7571
295 44.7559
300 44.7521
310 44.7154
315 44.7419
320 44.7798
325 44.7279
335 44.4768
345 44.0601
350 45.3927
360 44.2591
370 44.7333
375 44.7721
385 45.0183
390 44.7516
395 44.7301
400 44.7535
410 43.8732
415 44.7237
420 44.7493
425 44.7576
435 44.3516
440 45.0592
445 44.7501
450 44.7115
460 44.9744
470 44.7657
475 44.7572
480 44.7187
485 44.3982
490 45.0174
495 44.7265
500 44.7311
510 44.7993
525 44.763
535 44.7247
540 44.7098
545 44.7587
550 44.739
560 45.0858
570 44.7289
585 44.3842
590 44.744
595 44.7153
600 44.7681
5 32.3287
10 44.6594
15 44.7377
20 44.692
25 44.6751
30 44.0276
35 45.319
40 44.6721
45 44.7065
50 44.665
55 45.0113
60 44.4378
65 44.6573
70 44.6696
75 44.6604
80 44.2826
85 44.4432
90 44.0052
95 44.0071
100 44.6572
105 44.7131
110 44.9761
115 44.4114
120 44.6795
125 44.6933
130 44.714
135 44.6972
140 44.6703
145 44.7018
150 44.6751
155 44.7532
160 44.6253
165 44.6753
170 44.6901
175 44.6442
180 44.9885
185 44.6435
190 44.6911
195 44.6749
200 44.6865
205 43.9575
210 45.5754
215 44.6842
220 44.6719
225 44.6769
230 42.5453
235 46.3744
240 44.6392
245 44.6995
250 44.7008
255 45.6328
260 43.9652
265 44.6607
270 44.6908
275 44.6942
280 44.6433
285 44.7645
290 44.6194
295 44.7029
300 44.6871
305 45.2694
310 44.1487
315 45.288
320 44.685
325 44.654
330 44.4459
335 44.6104
340 44.99
345 44.6887
350 44.6537
355 43.3253
360 45.0626
365 45.5635
370 44.7027
375 44.679
380 44.6721
385 44.4214
390 44.9519
395 44.6769
400 44.673
405 44.5928
410 44.0979
415 45.3324
420 44.7057
425 44.6748
430 43.1892
435 45.6566
440 44.6038
445 44.3857
450 44.6544
455 44.6953
460 44.3212
465 45.0169
470 44.9719
475 44.6813
480 44.7102
485 44.3133
490 44.9893
495 44.6713
500 44.6864
505 44.2877
510 45.1056
515 44.9545
520 44.2886
525 44.6809
530 42.5569
535 46.5598
540 44.6384
545 44.6727
550 44.7157
555 44.6822
560 44.6794
565 44.7513
570 44.6288
575 44.6745
580 44.6484
585 44.7322
590 44.69
595 44.6884
600 44.6383
5 0
10 44.997
15 44.0989
20 44.1255
25 44.7328
30 43.7189
35 45.0504
40 44.3217
45 45.3859
50 44.7594
55 44.0163
60 45.743
65 44.7159
70 44.6917
75 44.7619
80 44.0243
85 45.4389
90 44.0762
95 44.7342
100 45.0148
105 44.693
110 44.8001
115 44.744
120 44.7044
125 44.7084
130 44.6876
135 45.0162
140 44.7095
145 44.7462
150 44.6932
155 44.3652
160 45.0633
165 44.7163
170 44.0777
175 44.7035
180 43.6559
185 45.5432
190 44.7103
195 44.684
200 44.0928
205 44.756
210 44.7551
215 44.6944
220 43.3534
225 45.3776
230 44.7398
235 44.7154
240 44.7451
245 44.6919
250 44.724
260 44.1479
265 44.0532
270 44.0538
275 44.6979
280 44.7483
285 44.7306
290 44.6925
295 44.7584
300 44.7077
305 45.0633
310 44.686
315 44.7287
320 44.7581
325 44.7594
330 44.7202
335 43.7587
340 45.0654
345 44.7305
350 44.0113
355 44.751
360 44.0373
365 45.4017
370 44.0291
375 45.4053
380 44.7005
385 43.346
390 44.7674
395 44.7295
405 44.7334
410 43.504
415 45.9474
420 43.9945
425 44.7641
430 44.7201
435 44.3452
440 45.0547
445 44.6956
450 44.0602
455 44.7461
460 44.7036
465 44.9958
470 44.7469
475 43.35
480 44.7169
485 44.7126
490 44.7301
495 44.7305
500 44.7276
505 45.0461
510 44.7032
515 44.7625
520 44.0305
525 44.7047
530 44.7087
535 43.9754
540 44.7495
545 44.7888
550 44.7244
555 44.7428
560 44.0077
565 44.6921
570 44.0578
575 44.697
580 44.7338
585 44.7228
590 44.7478
595 44.7992
600 44.7456
10 42.6085
15 44.3007
20 44.9189
25 44.6899
30 44.2423
35 44.6443
40 44.028
45 45.2781
50 44.6809
55 44.6731
60 44.3522
65 44.6435
70 44.651
75 44.6565
80 44.7008
85 44.6799
90 44.3071
95 44.66
100 44.6667
105 43.8974
110 44.6263
115 44.6708
120 44.6498
125 44.7164
130 44.6577
135 44.6304
140 44.0002
145 43.9684
150 45.0418
155 43.9674
160 44.7056
165 44.6417
170 44.6506
175 44.6713
180 44.2494
185 44.9325
190 44.6375
195 44.6679
200 44.6726
205 43.9793
210 45.2445
215 44.6883
220 43.8564
225 44.7023
230 45.0121
235 43.8169
240 45.3432
245 44.6833
250 44.6988
255 44.639
260 43.9903
265 45.2936
270 44.661
275 44.6201
280 43.9847
285 44.3295
290 44.3313
295 44.6396
300 44.6869
305 44.6513
310 43.9337
315 44.0691
320 44.669
325 44.6367
330 44.6004
335 44.6441
340 44.6711
345 44.6915
350 44.635
355 44.6402
360 44.7082
365 44.6559
370 44.6591
375 44.6728
380 44.9662
385 43.9075
390 44.6615
395 44.6197
400 44.6947
405 44.6786
410 44.6619
415 44.6444
420 44.6685
425 44.6774
430 44.6188
435 43.922
440 44.6493
445 44.6084
450 44.7128
455 44.6706
460 44.6844
465 44.646
470 44.6614
475 44.6387
485 44.6384
490 44.6944
495 44.6408
500 44.1099
505 44.6382
510 43.9243
515 44.6671
520 44.6535
525 44.6381
530 44.6504
535 44.6509
540 44.6748
545 43.9825
550 44.6573
555 44.9862
560 44.9711
565 43.7143
570 45.3295
575 44.6757
580 44.6778
585 44.6957
590 44.5694
595 44.6854
600 43.9878
5 0
10 44.8095
15 44.7464
20 44.747
25 44.7136
30 44.4054
35 44.3875
40 44.7373
45 44.7294
50 44.7683
55 43.508
60 46.076
65 44.7429
70 44.0809
75 44.7489
80 44.4132
85 45.095
90 44.7081
95 44.7706
100 45.0859
105 43.1025
110 45.3704
115 44.6417
120 44.713
125 45.0407
130 44.1128
135 45.384
140 44.7535
145 44.7604
150 44.733
155 44.7277
160 44.7798
165 44.7176
170 44.7009
175 44.6739
180 44.4038
185 45.0595
190 44.7246
195 44.7248
200 44.7466
205 43.9754
210 44.7066
215 44.7396
220 44.7103
225 44.7038
230 44.7523
235 44.7143
240 44.7451
245 44.7869
250 44.7469
255 43.9679
260 44.7332
265 44.7197
270 44.721
275 44.7091
280 44.3551
285 45.3002
290 44.7104
295 44.7435
300 44.7256
305 44.7232
310 43.8262
315 45.0902
320 44.7294
325 44.7217
330 44.7201
335 44.6676
340 44.7904
345 44.7309
350 44.7447
355 44.7299
360 44.399
365 45.0747
370 44.071
375 44.0379
380 44.7306
385 43.7502
390 45.1109
395 44.0042
400 44.737
405 44.7083
410 45.0216
415 44.4813
420 44.7588
425 44.7163
430 44.0304
435 44.7596
440 44.7346
445 44.7421
450 44.7273
455 45.0545
460 44.6501
465 44.4205
470 45.0633
475 44.0458
480 44.7379
485 43.3681
490 44.7798
495 44.7727
500 44.7185
505 44.7209
510 44.0835
515 44.6734
520 44.755
525 44.7351
530 44.7278
535 45.1204
540 44.7115
545 44.7164
550 44.7056
555 44.707
560 43.9837
565 44.1044
570 44.0413
575 44.7299
580 44.717
585 44.7448
590 44.7404
595 44.7066
600 44.7413
25 43.8884
45 45.0101
50 44.399
75 44.6891
80 44.7345
90 44.032
105 43.9505
110 44.7133
115 44.6805
125 44.6706
135 44.7237
140 44.6796
145 44.6606
150 45.0252
155 44.703
165 44.0085
175 44.0512
190 44.6969
195 44.6646
215 44.7363
220 44.7151
225 44.7236
230 44.0193
235 44.0127
250 44.0408
255 44.7239
260 44.0407
270 44.657
275 44.6916
285 44.6727
290 43.4929
295 44.6545
300 44.7043
310 43.629
320 44.3342
325 45.0295
330 44.9874
350 44.0141
355 44.7272
360 44.3503
365 44.4052
370 45.3804
380 44.6946
385 43.9559
395 45.0266
415 44.1252
425 44.0657
445 44.9879
455 44.672
465 44.6755
490 44.0414
495 44.7732
505 44.9813
515 44.6934
525 44.04
540 43.3563
545 44.6734
555 44.7427
560 44.3151
570 45.0722
585 44.7045
5 36.5358
10 44.6902
15 44.7146
20 44.6826
25 44.7005
30 44.7187
35 44.7045
40 44.0132
45 44.626
50 44.7349
55 44.6938
60 44.7398
65 44.6674
70 44.6832
75 44.7262
80 43.9834
85 45.3618
90 44.6694
95 44.6676
100 44.6678
105 43.6709
110 45.5686
115 44.6245
120 44.6662
125 44.0075
130 44.0089
135 44.6913
140 44.6893
145 44.6684
150 44.0225
155 44.3376
160 45.0569
165 44.678
170 44.7257
175 44.6987
180 44.6403
185 44.7334
190 44.0177
195 44.6488
200 44.0256
205 44.6689
210 44.6946
215 44.0258
225 44.6718
230 44.6781
235 44.6987
240 44.7033
245 44.6817
250 44.7094
255 44.6882
260 44.6717
265 44.6679
270 44.6572
275 44.7148
280 44.7319
285 44.7235
290 44.7098
295 44.746
300 44.6751
305 44.688
310 44.7217
315 44.6758
320 44.655
325 44.7221
330 44.7671
335 44.7135
340 44.7057
345 44.7379
350 44.6954
355 44.6833
360 44.7196
365 44.7009
370 44.6855
375 44.6967
380 44.6754
385 45.0021
390 44.4489
395 44.7014
400 44.6472
405 44.6913
410 44.3244
415 45.0268
420 44.723
425 44.7114
430 44.6992
435 44.4324
440 45.0006
445 44.7039
450 44.708
455 45.0562
460 44.6547
465 44.7762
470 44.7709
475 45.0554
485 44.6315
490 44.7078
495 44.7022
500 44.7017
505 44.0366
510 44.6802
515 44.6978
520 44.658
525 44.6731
530 44.7371
535 44.696
540 44.6895
545 44.0474
550 44.7076
555 44.6707
560 44.7326
565 44.661
570 44.6775
575 44.6962
580 44.6926
585 44.7072
590 44.6771
595 44.7186
600 44.6912
20 44.7041
25 43.9548
30 44.7103
35 44.7242
40 44.0343
45 43.2821
50 45.9268
55 44.2993
60 45.0841
65 44.7272
70 44.6881
75 44.6523
80 44.398
85 45.0369
90 44.7063
95 44.7125
100 44.7094
105 43.3201
110 45.3314
115 44.7055
120 44.0399
125 44.7115
130 43.5883
135 44.798
140 44.6677
145 44.7043
150 44.6572
155 44.9814
160 44.6713
165 44.7137
170 44.6804
175 44.7041
180 44.7088
185 44.0356
190 45.0839
195 43.9687
200 44.6735
205 43.6413
210 44.2847
215 44.74
220 44.6596
225 44.696
230 44.7068
235 44.6304
240 44.7359
245 44.6884
250 44.6676
255 44.683
260 44.433
265 45.0024
270 44.7593
275 44.7138
280 44.0285
285 44.6004
290 44.7609
295 44.667
300 44.7477
305 44.7248
310 44.3532
315 45.0586
320 44.706
325 44.6782
330 44.3058
335 44.6427
340 45.0769
345 44.0094
350 44.6971
355 44.6894
360 43.5646
365 46.0096
370 44.6947
375 44.6755
380 44.6716
385 44.7322
390 44.6596
395 44.7171
400 44.6564
405 44.6817
410 44.3674
415 44.3646
420 44.6891
425 44.6753
430 44.6628
435 43.9699
440 45.1929
445 44.6869
450 44.6686
455 44.6995
460 43.4474
465 44.7445
470 45.0145
475 44.715
480 44.6801
485 43.6191
490 45.0244
495 44.6814
500 44.754
505 44.0317
510 44.6252
515 44.6605
520 44.7399
525 44.6859
530 44.0077
535 43.9507
540 45.1983
545 44.7185
550 44.6936
555 44.6983
560 43.1702
565 45.1749
570 44.7137
575 44.0082
580 44.6447
585 44.5162
590 44.7096
595 44.7965
600 44.6905
5 0
10 44.2995
15 44.5828
20 44.5846
25 44.6145
30 43.9406
35 45.1927
40 44.6127
45 44.604
50 43.9532
55 44.3807
60 44.3166
65 44.6414
70 44.584
75 44.5688
80 44.5381
85 44.6119
90 44.6277
95 44.6024
100 44.6975
105 43.926
110 43.3843
115 45.1805
120 44.6004
125 44.612
130 44.6468
135 44.6252
140 44.6154
145 44.9751
150 44.6225
155 44.5895
160 44.6277
165 44.6
170 44.6463
175 44.5971
180 43.8136
185 44.581
190 43.9259
195 43.9573
200 44.6403
205 44.9495
210 44.3004
215 44.6646
220 44.6067
225 44.6269
230 44.6246
235 43.9114
240 44.6649
245 44.6272
255 44.6013
260 44.5661
265 44.6937
270 44.6012
275 44.6265
280 44.658
285 44.2299
290 44.9487
295 44.6643
300 44.6427
305 44.6407
310 44.2273
315 44.9495
320 44.5989
325 44.61
330 44.6312
335 44.2039
340 45.0096
345 44.6244
350 44.6558
355 43.9611
360 44.5179
365 44.6745
370 44.6313
375 44.6386
380 44.9604
385 44.579
390 44.6418
395 44.6623
400 44.6379
405 43.9642
410 44.6476
415 44.5885
420 44.9246
425 44.5974
430 44.6166
435 44.2322
440 44.3099
445 44.5894
450 44.6022
455 44.6638
460 44.5714
465 44.3391
470 44.2419
475 44.6237
480 44.5839
485 44.616
490 44.6245
495 44.6496
500 44.5973
505 44.6629
510 44.6295
515 44.8299
520 44.2601
525 44.6307
530 44.6288
535 44.592
540 44.329
545 44.9049
550 44.5992
555 44.6619
560 44.6156
565 43.6639
570 45.6544
575 44.5875
580 44.6215
585 44.6464
590 43.9374
595 45.275
600 44.5863
5 36.698
10 44.6589
15 44.6146
20 44.6451
25 44.6783
30 44.6969
35 44.6603
40 44.6741
45 44.167
50 45.1047
55 44.6604
60 44.0257
65 44.7125
70 44.6579
75 43.9771
80 44.619
85 44.6101
90 44.6528
95 44.6446
100 44.6399
105 44.9276
110 44.3856
115 44.6563
120 44.675
125 44.6666
130 44.0022
135 44.6481
140 44.6553
145 44.6218
150 44.6534
155 43.9754
160 45.2829
165 44.6756
170 44.6511
175 44.671
180 44.2323
185 45.0174
190 44.6341
195 44.6981
200 44.6934
205 43.9978
210 45.2283
215 44.6487
220 44.6444
225 44.6501
230 44.3344
235 44.9216
240 44.6525
245 44.6482
250 44.9399
255 44.6388
260 44.7183
265 44.6777
270 44.6842
275 44.6687
280 44.7004
285 44.6466
290 44.6336
295 44.6334
300 43.9802
305 44.6518
310 44.685
315 43.9768
320 45.2493
325 44.6885
330 44.6766
335 44.6716
340 44.6466
345 44.6456
350 44.6828
355 44.6901
360 44.6653
365 44.6499
370 44.6678
375 44.673
380 44.7236
385 44.687
390 44.6545
395 44.6617
400 44.6384
405 44.6686
410 44.6628
415 44.6547
420 44.6689
425 44.6687
430 44.6675
435 44.274
440 44.9816
445 44.6788
450 44.651
455 44.6537
460 44.9781
465 44.3883
470 44.6333
475 44.0221
480 44.6576
485 44.2961
490 45.0262
495 45.0314
500 43.9027
505 44.6708
510 44.2635
515 45.0581
520 44.6524
525 44.6387
530 44.7387
535 44.6276
540 44.739
545 44.7057
550 44.6499
555 44.6838
560 43.5592
565 44.9158
570 44.6131
575 44.6045
580 45.3378
585 43.9149
590 44.0409
595 44.6593
600 44.6362
5 36.1715
10 44.6533
15 44.6664
20 44.6767
25 44.6459
30 44.6697
35 43.9628
40 44.6916
45 44.6907
50 44.6752
55 44.6549
60 44.6308
65 43.9852
70 44.6377
75 44.6424
80 44.0893
90 44.651
95 45.0249
100 44.6531
105 44.0298
110 45.253
115 44.6568
120 44.612
125 44.6534
130 44.636
135 44.6464
140 44.6646
145 44.619
150 44.7013
155 44.6269
160 43.9845
165 44.6741
170 44.624
175 44.6821
180 44.0101
185 45.2932
195 44.654
200 44.6707
205 44.6252
210 44.9986
215 44.6777
220 44.0363
225 44.678
230 44.3
235 44.9625
240 43.9717
245 43.987
250 44.6374
255 44.9467
260 44.9381
265 44.6205
270 44.655
275 44.6334
280 44.6373
285 44.6263
290 44.6323
295 43.9609
300 44.6245
305 44.6454
310 44.6803
315 44.6632
320 44.6732
325 44.6303
330 44.6719
335 44.6801
340 44.6495
345 44.6427
350 44.6485
355 44.651
360 44.6928
365 44.6714
370 44.6748
375 44.6755
380 44.6966
385 44.6651
390 44.6352
395 44.6667
400 44.6384
405 44.9501
410 44.7168
415 44.6533
420 44.6604
425 44.6332
430 44.677
435 44.6677
440 44.6429
445 44.3284
450 45.2839
455 44.6769
460 44.6504
465 44.6543
470 44.6618
475 44.6609
480 44.6721
485 43.9379
490 44.685
495 44.668
500 43.9597
505 44.6179
510 44.0142
515 45.3636
520 43.9652
525 44.6681
530 44.6536
535 44.6109
540 44.6652
545 44.6775
550 44.6602
555 43.9819
560 44.2712
565 44.9991
570 44.6427
575 44.6565
580 44.6569
585 44.3428
590 44.3318
595 44.638
600 44.642
5 0
10 44.6408
15 44.016
20 45.0033
25 44.711
30 44.6979
35 44.7301
40 44.7201
45 44.7513
50 44.7229
55 44.107
60 44.7119
65 44.705
70 43.3185
75 45.3569
80 44.6717
85 44.7425
90 44.6782
95 44.7039
100 43.9434
105 45.6013
110 44.0596
115 44.7059
120 44.696
125 44.6572
130 44.0768
135 45.3314
140 44.6497
145 44.6766
150 44.7331
155 44.6883
160 44.6981
165 44.6917
170 44.6559
175 44.6933
180 44.035
185 45.3313
190 44.6892
195 44.7401
200 44.6676
205 45.0083
210 44.4113
215 44.7489
220 43.9863
225 44.6872
230 44.0599
235 45.3214
240 44.6956
245 44.6876
250 44.3426
255 44.9718
260 44.0564
265 44.7016
270 44.6872
275 44.7194
280 44.7217
285 44.6517
290 44.691
295 44.7588
300 44.7074
305 44.6595
310 44.7233
315 44.702
320 44.0521
325 44.7056
330 44.7232
335 44.7182
340 44.7135
345 44.6772
350 44.7172
355 44.6549
360 44.7099
365 44.696
370 44.6995
375 44.7061
380 44.6803
385 44.644
390 43.9978
395 44.6901
400 44.3278
405 44.996
410 43.9918
415 44.6762
420 43.9918
425 44.6636
430 44.7292
435 44.0945
440 45.2776
445 45.0071
450 44.674
455 44.3525
460 45.232
465 44.4379
470 44.7364
475 44.657
480 44.7192
485 44.343
490 45.3179
495 44.6812
500 44.6713
505 44.7025
510 44.3531
515 45.0133
520 44.6968
525 44.669
530 44.6671
535 44.652
540 45.0055
545 44.723
550 44.698
555 44.7216
560 44.7257
565 44.6888
570 44.6984
575 44.7194
580 45.0097
585 44.6913
590 44.6952
595 44.6672
600 44.6941
5 0
10 43.6434
15 44.6232
20 44.5976
25 44.6547
30 44.6296
35 44.6299
40 44.6446
45 44.6359
50 44.5826
55 43.9945
60 44.6284
65 44.6312
70 44.6869
75 44.2666
80 44.3398
85 45.3286
90 44.6377
95 44.6347
100 44.6039
105 43.9822
110 44.5722
115 44.937
120 44.6431
125 44.6445
130 44.3435
135 44.913
140 44.5998
145 44.6174
150 44.5996
155 43.9229
160 45.3749
165 44.6447
170 44.6879
175 44.6309
180 43.9251
185 45.278
190 44.6186
195 44.6207
200 44.5984
205 44.9479
210 44.3055
220 44.6947
225 44.6218
230 44.2811
235 44.9187
240 44.6709
245 44.6365
250 44.6158
255 44.5972
260 44.6215
265 44.637
270 44.6285
275 44.6072
280 44.6156
285 44.6401
290 44.6696
295 44.6248
300 44.6511
305 44.6429
310 44.6373
315 44.6159
325 44.6055
330 44.6154
335 44.647
340 44.65
345 44.608
350 44.6529
355 44.9385
360 44.6555
365 44.6305
370 44.6374
375 44.0348
380 45.2295
385 44.2894
390 45.0149
395 44.6637
400 44.6323
405 44.0301
410 45.4437
415 44.7009
420 44.6003
425 44.6014
430 44.6399
435 43.9236
440 45.3265
445 44.6393
450 44.6485
455 44.6334
460 44.9662
465 44.3578
470 44.6232
475 44.6226
480 43.9576
485 44.2316
490 44.9683
495 44.6508
500 44.6149
505 44.6153
510 44.2492
515 44.9872
520 44.6412
525 44.9346
530 44.3868
535 43.557
540 44.9162
545 44.6345
550 44.6183
555 44.5956
560 44.6069
565 44.6428
570 44.685
575 44.6341
580 44.6312
585 44.598
590 44.6271
595 44.6289
600 44.6291
10 41.7811
15 44.7
20 45.0384
25 44.677
30 45.0073
35 44.0365
40 44.6257
45 44.6669
50 44.0282
55 44.7024
60 44.6827
65 44.6904
70 44.7257
75 44.0178
80 45.2992
85 44.6862
90 44.6904
95 44.7062
100 44.6508
105 44.7288
110 44.7184
115 44.7189
120 44.6693
125 44.6914
130 43.3304
135 43.7144
140 45.1126
145 44.0382
150 44.6984
155 44.0377
160 44.3463
165 45.0485
170 44.7292
175 44.6764
180 44.0027
185 44.6342
190 44.7518
195 44.6732
200 44.6504
205 44.0179
210 44.3055
215 45.1415
220 44.9733
225 44.674
230 44.018
235 43.4437
240 46.0072
245 44.7015
250 44.6933
255 44.6978
260 43.0614
265 45.6349
270 43.9784
275 44.665
280 44.6519
285 44.6529
290 44.7022
295 44.7282
300 44.6663
305 44.6922
310 43.9008
315 43.4536
320 45.3255
325 44.7005
330 44.6794
335 44.6788
340 44.1144
350 44.0372
355 44.6822
360 43.9415
365 44.6749
370 44.7034
375 44.5967
380 44.7459
385 44.6747
390 44.677
395 44.7298
400 44.0334
405 44.6462
410 44.7036
415 44.677
420 44.6963
425 44.7244
430 44.6732
435 44.6718
440 44.995
445 44.3597
450 44.2858
455 44.9838
460 44.7004
465 44.9982
470 44.3241
475 44.7408
480 44.6799
485 44.6923
490 43.7759
495 45.0647
500 44.6763
505 44.6961
510 44.6771
515 44.6497
520 44.7314
525 44.7029
530 44.6598
535 44.7162
540 44.6991
545 44.718
550 44.7121
555 44.6647
560 44.6976
565 44.0455
570 45.3102
575 44.6617
580 44.705
585 44.6851
590 44.0368
595 45.321
600 44.2776
10 43.0099
15 43.9684
20 44.6604
25 44.6476
30 44.9801
35 44.0216
40 44.951
45 44.673
50 44.6496
60 44.6973
65 44.6475
70 44.6617
75 44.0389
80 44.6826
85 43.9999
90 44.6748
95 44.6915
100 44.6806
105 43.9782
110 45.3094
115 44.6447
120 44.668
125 44.6855
130 44.0097
135 45.291
140 43.984
145 44.638
150 44.6567
155 44.3483
160 45.034
165 44.984
170 44.9868
175 44.7096
180 43.8934
185 44.6313
190 44.7136
195 43.9276
200 44.6503
205 44.0561
210 45.2043
215 44.9671
220 44.6717
225 44.6887
230 45.0082
235 44.9342
240 44.646
245 44.6845
250 44.0276
255 44.6434
260 44.0745
265 44.285
270 44.6754
275 44.9922
280 44.6593
285 44.048
290 44.6812
295 44.6447
300 44.699
305 44.6721
310 44.0729
315 44.698
320 44.692
325 44.6645
330 43.8748
335 45.2525
340 44.6619
345 44.9761
350 44.6514
355 44.6471
360 44.6987
365 44.6939
370 43.9961
375 44.6903
380 44.665
385 44.6374
390 44.6707
395 44.6614
400 44.0067
405 44.6906
410 45.3184
415 44.6728
420 43.9989
425 44.3178
430 44.693
435 43.2963
440 45.3217
445 44.6463
455 44.652
460 44.0239
465 45.318
470 45.0182
475 44.6482
480 43.9473
485 44.5967
490 44.7258
495 44.673
500 44.6373
505 44.6603
510 44.9063
515 44.76
520 43.9574
530 44.6393
535 44.6631
540 44.6731
545 43.9601
550 44.6403
555 44.6445
560 44.6584
565 44.6868
570 44.6745
575 44.6513
580 44.0062
585 44.3051
590 44.6143
595 45.005
600 44.6958
5 36.2671
10 44.7032
15 44.7092
20 44.9931
25 44.685
30 44.6809
35 44.706
40 44.7106
45 44.2814
50 44.27
55 44.7319
60 44.7074
65 44.7011
70 43.9903
75 44.6881
80 44.6746
85 44.7005
90 44.6997
95 44.6882
100 44.647
105 44.7006
110 44.6852
125 44.7212
130 44.6917
135 44.0142
140 44.6921
145 44.6805
150 44.0002
155 44.7403
160 44.0509
165 44.6769
170 44.6839
175 44.7027
180 44.6688
185 44.7366
190 44.98
195 44.663
205 44.3087
210 44.4012
215 44.766
220 44.6879
225 44.7119
230 44.6122
235 44.7884
240 44.678
245 44.0391
250 44.6872
255 44.6802
260 44.757
265 44.7438
270 44.7183
275 44.6853
280 44.3762
285 44.9765
290 44.6463
295 45.0912
300 44.9758
305 44.6716
310 44.7529
315 44.6984
320 44.6974
330 44.7571
335 44.6552
340 44.6939
345 44.9958
350 44.6838
355 44.7715
360 44.6926
365 44.7008
370 44.685
375 44.6896
380 44.7383
385 44.7099
390 44.6884
395 44.7095
400 44.6827
405 44.0257
410 44.42
415 44.368
425 44.667
430 44.6993
435 43.7349
440 45.0551
445 44.3472
450 44.0532
455 44.6772
460 44.6728
465 44.7024
470 44.6747
475 44.6978
480 44.7318
485 44.0459
490 45.6101
495 44.721
505 44.661
510 44.8962
515 44.7968
520 44.7044
525 44.7117
530 45.001
535 44.0951
540 44.6227
550 44.7
555 44.7566
560 44.3795
565 44.9521
570 44.6831
575 44.69
580 45.3038
585 43.937
590 44.6899
595 44.7302
600 44.0621
5 36.2521
10 44.678
15 44.655
20 44.6452
25 44.6878
30 44.6417
35 44.0093
40 44.6956
45 44.6465
50 44.6353
55 44.6341
60 44.6544
65 44.644
70 43.9319
75 44.6309
80 44.0018
85 44.6621
90 44.614
95 44.6369
100 43.5588
105 44.9055
110 44.6661
115 44.6264
120 44.6373
125 43.9778
130 44.6208
135 44.6405
140 44.6277
145 43.9869
150 44.6481
155 44.7602
160 44.5938
165 44.6125
170 44.645
175 44.5955
180 43.6666
185 45.5942
190 44.6056
195 44.0141
200 44.6546
205 44.2675
210 44.9561
215 43.9952
220 44.646
225 44.6239
230 43.7461
235 45.5604
240 44.6384
250 44.6515
255 44.0009
260 45.2717
265 44.6477
270 43.972
275 44.6474
280 44.2857
285 45.0008
290 44.6634
295 43.9517
300 44.6493
305 44.6235
310 44.6972
315 44.635
320 44.6771
325 44.6584
330 44.6249
335 44.6397
340 44.6677
345 44.6411
350 44.977
355 44.6068
360 44.5739
365 44.638
370 44.6101
375 44.6279
380 44.6496
385 44.6523
390 44.6708
395 44.6444
400 44.6883
405 44.6348
410 44.6674
415 44.6781
420 44.6398
425 44.6459
430 44.6448
435 44.651
440 44.6446
445 44.6384
450 44.6117
455 44.5938
460 43.4008
465 45.2451
470 44.6455
475 44.6378
480 44.6604
485 44.3418
490 44.9909
495 44.6528
500 44.6859
505 44.6224
510 44.0998
515 45.3
520 44.6343
525 44.6193
530 44.6578
535 43.68
540 44.9872
545 44.943
550 44.6771
555 44.6293
560 44.3197
565 44.9878
570 43.957
575 44.6413
580 44.6592
585 43.6909
590 45.5933
595 44.6059
600 44.6407
5 35.394
10 43.6721
15 44.6818
20 44.6816
25 44.6686
30 44.6438
35 44.6683
40 45.0038
45 44.6681
50 44.664
55 43.9829
60 44.6667
65 44.6515
70 44.661
75 44.6401
80 44.3092
85 44.9846
90 44.6495
95 44.6895
100 44.6776
105 44.6549
110 44.6267
115 44.9983
120 44.6541
125 44.6729
130 44.6365
135 44.6791
140 44.6772
145 44.6766
150 44.6594
155 44.661
160 44.6598
165 44.6598
170 44.6383
175 44.6371
180 44.6606
185 44.6435
190 44.6637
195 44.656
200 44.624
205 44.6454
210 44.6557
215 44.6425
220 44.6463
225 44.6742
230 44.6722
235 43.9557
240 44.6439
245 44.6312
250 44.6294
255 44.6217
260 44.6618
265 44.6766
270 44.6772
275 44.7004
280 44.6443
285 44.9754
290 44.3243
295 44.6818
300 44.0077
305 44.6634
310 44.6649
315 44.6607
320 44.9191
325 44.6773
330 44.6708
335 44.9706
340 44.3725
345 44.649
350 44.6655
355 44.6453
360 44.0117
365 45.2697
370 44.6909
375 43.9762
380 44.678
385 44.554
390 44.7015
395 44.6383
400 44.6516
405 44.6649
410 44.677
415 44.6738
420 44.6731
425 44.6518
430 44.9817
435 44.3332
440 44.9779
445 44.6414
450 44.6404
455 44.6819
460 44.6544
465 44.6676
470 44.6355
475 44.6967
480 44.6601
485 43.917
490 44.6946
495 44.6251
500 44.6547
505 44.6504
510 44.6698
515 44.0481
520 44.6627
525 44.6759
530 44.6857
535 43.8916
540 44.7044
545 44.9629
550 44.6404
555 44.6459
560 44.6005
565 44.0818
570 45.376
575 44.7208
580 43.9854
585 44.6791
590 43.9946
595 45.3584
600 44.6133
5 29.675
10 42.3768
15 44.6739
20 44.7261
25 44.6998
30 44.6945
35 44.6964
40 44.6741
45 44.7238
50 44.6886
55 44.734
60 44.7209
65 44.6558
70 44.6886
75 44.6749
80 44.714
85 44.6916
90 44.6792
95 44.6513
100 44.6742
105 44.6158
110 44.6885
115 44.6869
120 44.7134
125 44.6316
130 44.6986
140 44.9972
145 44.6961
150 44.6937
155 44.6774
165 45.058
170 44.0835
175 44.7024
180 44.6909
185 44.3318
190 44.9671
195 44.7073
200 44.6714
205 44.3064
210 44.6703
215 44.6608
220 44.6954
225 44.6799
230 44.6972
235 44.6895
240 44.663
245 44.7327
250 44.6822
255 44.6931
260 44.7009
265 44.7337
270 43.9943
275 44.6755
280 44.7123
285 44.6723
290 44.7047
295 44.6805
300 44.6749
305 44.6987
310 44.6838
315 44.6584
320 44.6488
325 44.7171
330 44.6915
335 44.6415
340 44.674
345 44.6821
350 44.6833
355 44.6589
360 44.666
365 44.6478
370 44.7016
375 44.6602
385 44.7018
390 44.6856
395 44.6953
400 44.7006
405 44.7085
410 44.6316
415 44.9572
420 44.4579
425 44.7069
430 44.6501
435 44.6803
440 44.9894
445 44.4169
450 44.6905
455 44.7218
460 44.714
465 44.6571
470 44.6906
475 44.0125
480 44.677
485 44.6974
490 44.3948
495 44.9661
500 44.6937
505 44.731
510 44.6538
515 44.6792
520 44.6774
525 44.6851
530 44.0071
535 44.7104
540 44.7124
545 44.0988
550 44.6893
555 44.627
560 44.6798
565 44.6658
570 44.7027
575 44.6983
580 44.6921
585 44.6761
590 44.6811
595 44.6849
600 44.6686
5 0
10 41.9314
15 44.6029
20 44.6144
25 44.618
30 44.6376
35 44.6564
40 44.5985
45 44.6313
50 44.643
55 44.6201
60 44.6024
65 44.6453
70 44.6272
75 44.634
80 44.5605
85 44.9217
90 44.6398
95 44.6181
100 44.6626
105 44.6371
115 45.0164
120 44.632
125 44.6448
130 44.6142
140 44.8874
145 43.944
150 44.5619
155 44.5995
160 44.6163
165 44.7449
170 44.6647
175 44.6134
180 44.6604
185 44.3318
190 44.9605
195 44.6359
200 44.6056
205 44.6347
210 43.9291
215 45.3075
220 44.6483
225 44.6291
230 44.6386
235 43.684
240 45.591
245 44.6239
250 44.6235
255 44.6463
260 44.5166
265 44.6814
270 44.6035
275 44.9943
280 44.6321
285 44.2578
290 44.9628
295 44.6579
300 44.6487
305 44.6209
310 44.6169
315 44.6106
320 44.6412
325 43.9097
330 44.65
335 44.6436
340 44.6046
345 44.6241
350 44.6056
355 44.6338
360 44.5753
365 44.6644
370 44.6484
375 44.6207
380 44.6315
385 44.6041
390 44.5992
395 44.6163
400 43.9476
405 44.915
410 44.6147
415 43.9504
420 44.6545
425 44.6086
430 44.6313
435 44.6138
440 44.3003
445 44.949
450 44.6522
455 44.6369
460 44.6242
465 43.6551
470 44.9128
475 44.6293
480 44.923
485 44.6612
490 44.3604
495 44.9641
500 44.6382
505 44.625
510 44.633
515 43.6897
520 45.5269
525 44.6291
530 44.6401
535 44.6349
540 43.9696
545 45.1886
550 44.6187
555 44.6629
560 44.6565
565 43.6724
570 44.9133
575 44.6373
580 44.6279
585 44.6359
590 44.5716
595 45.0144
600 44.6118
5 36.3975
10 42.8058
15 44.6587
20 44.7056
25 44.7055
30 44.2976
35 45.0531
40 44.6456
45 44.0208
50 44.7279
55 44.6628
60 44.7518
65 44.7168
70 44.7176
75 44.7382
80 43.5998
85 44.9678
90 44.7017
95 44.6673
100 44.6492
105 44.7168
110 44.1265
115 45.369
120 44.6638
125 44.736
130 44.6505
135 44.6777
140 44.6748
145 44.7013
150 44.0267
155 44.6934
160 44.7467
165 44.717
170 44.6714
175 44.6937
180 44.6847
185 44.7426
190 44.68
195 44.6802
200 44.6693
205 44.6482
210 44.6902
215 44.7306
220 44.6857
225 44.0236
230 43.9738
235 44.7697
240 44.6982
245 44.708
250 44.7078
255 44.6919
260 44.716
265 44.6825
270 44.7097
275 44.7302
280 44.6997
285 44.2938
290 45.1111
295 44.6981
300 44.7483
305 44.6961
310 43.9598
315 44.0348
320 44.7272
325 44.7138
330 44.7205
335 44.0705
340 45.6324
345 45.0118
350 44.7175
355 44.7241
360 44.6605
365 44.7337
370 44.7062
375 44.6985
380 44.7296
390 44.9916
395 44.0193
400 44.7314
405 42.6677
410 45.8413
415 44.1
420 44.0425
425 44.6961
430 44.7135
435 44.6913
440 44.7165
445 44.6374
450 44.6954
455 44.6915
460 44.6926
465 44.4046
470 45.027
475 44.7047
480 44.7067
485 44.6937
490 44.9328
495 44.7313
500 44.6859
505 44.6938
510 44.7043
515 44.7232
520 44.7265
525 44.7057
530 43.9997
535 44.689
540 44.6705
545 44.7117
550 44.7063
555 44.7771
560 44.375
565 44.7282
570 45.0345
575 44.6634
580 44.6897
585 44.2331
590 43.445
595 45.1033
600 44.7096
5 36.3422
10 44.6681
15 44.6417
20 43.956
25 44.6506
30 44.6719
35 44.6273
40 44.5989
45 44.6534
50 44.6863
55 44.6518
60 44.6375
65 44.6592
70 44.6794
75 44.5778
80 44.695
85 44.6143
90 44.5984
95 44.6175
100 44.6004
105 44.2696
110 44.9439
115 44.6866
120 44.6508
125 44.6043
130 44.5903
135 44.651
140 44.6256
145 44.6127
150 44.6123
155 43.6841
160 45.5267
165 44.5828
170 44.655
175 44.6253
180 44.5559
185 44.7424
190 44.6793
195 44.5786
200 44.6317
205 44.1604
210 44.9986
215 44.6181
220 44.6214
225 44.6331
230 44.4674
235 44.7079
240 44.6305
245 44.6258
250 44.2608
255 44.8663
260 44.9593
265 44.6266
270 44.6339
275 44.6546
280 44.8787
285 44.6819
290 44.6188
295 44.5975
300 44.5986
305 44.6592
310 44.6648
315 43.9568
320 45.2945
325 44.6186
330 44.6244
335 44.6371
340 44.6302
345 45.2221
350 44.6684
355 44.0079
360 44.6229
365 44.5998
375 44.6509
380 44.5871
385 44.6165
390 44.6063
395 44.5799
400 44.6298
405 44.6133
410 44.6696
415 44.2774
420 44.585
425 44.6426
430 44.6337
435 43.9301
440 45.6359
450 44.6115
455 44.6587
460 44.5999
465 44.6268
470 44.6448
475 43.9395
480 44.613
485 44.6233
490 44.5921
495 44.6111
500 44.6202
505 44.6393
510 44.637
515 44.6468
520 44.6258
525 44.6597
530 44.657
535 44.6446
540 44.6182
545 44.6101
550 43.9569
555 44.6665
560 43.2687
565 45.2001
570 44.6534
575 44.6384
580 44.6106
585 44.6085
590 44.6809
595 44.5975
600 44.6469
5 43.1326
10 44.6857
15 44.7077
20 44.6616
25 44.6221
30 44.7084
35 44.2946
40 44.6794
45 44.708
50 44.6826
55 44.754
60 44.623
65 44.6812
70 44.6627
75 44.2844
80 44.6622
85 45.0392
90 44.679
95 44.6488
100 44.9877
105 44.6458
110 44.6809
115 44.674
120 44.686
125 44.6511
130 44.3085
135 44.6999
140 45.2042
145 44.6768
150 44.6837
155 44.631
160 44.6941
165 44.7112
170 44.6648
175 44.6622
180 44.6458
185 44.6499
190 44.6702
195 44.7106
200 44.6302
205 44.6434
210 44.6607
215 44.662
220 44.6917
225 44.6661
230 44.639
235 44.6454
240 44.6732
245 44.6585
250 44.6701
255 44.6794
260 44.6697
265 45.0385
270 44.6953
275 44.6714
280 44.6604
285 43.999
290 45.3216
295 43.9522
300 44.6841
305 44.6771
310 44.602
315 44.6621
320 44.6677
325 44.7029
330 44.6511
335 44.6686
340 44.9825
345 44.6325
350 44.7343
355 44.6721
360 43.9676
365 45.3568
370 44.6552
375 44.6903
380 44.6764
385 44.283
390 45.0101
395 44.6583
400 44.6484
405 44.6627
410 44.3423
415 44.9879
420 44.6745
425 44.6118
430 44.6737
435 44.6687
440 44.3247
445 45.0324
450 44.6785
455 44.6831
460 44.6437
465 44.6449
470 44.6438
475 44.9681
480 44.722
485 44.6973
490 44.6536
495 44.6995
500 44.6291
505 44.6669
510 44.6967
515 44.6782
520 44.6558
525 44.6655
530 44.6656
535 44.6544
540 44.6648
545 44.6672
550 44.6702
555 44.669
560 44.6328
565 44.6775
570 44.678
575 44.6297
580 44.6637
585 44.6553
590 44.6417
595 44.6768
600 44.6832
5 29.8965
10 42.7846
15 44.0963
20 44.7668
25 44.7984
30 44.0282
35 45.3792
40 44.1181
45 45.3713
50 44.127
55 45.8615
60 44.5106
65 44.8086
70 44.3798
75 45.1238
80 44.0478
85 45.0168
90 44.7341
95 44.7441
100 44.1261
105 44.3345
110 44.4775
115 44.7624
120 44.7706
125 44.735
130 44.0544
135 45.3363
140 44.1047
145 44.7848
150 44.8017
155 44.0686
160 44.7917
165 44.7389
170 44.7615
175 45.0559
180 44.7559
185 44.7758
190 44.7864
195 44.0992
200 44.0998
205 43.5482
210 45.05
215 44.7365
220 44.7808
225 44.7355
230 44.4144
235 44.5065
240 45.0988
245 44.8129
250 44.7794
255 44.37
260 45.0963
270 44.7257
275 44.775
280 44.3938
285 45.3924
290 44.8265
295 44.7986
300 44.8296
305 44.7387
310 44.5816
315 45.0845
320 44.7814
325 44.7594
330 44.7578
335 44.377
340 45.115
345 44.7672
350 45.0678
355 44.8013
360 44.057
365 44.4604
370 44.7421
375 44.7515
380 44.7519
385 44.7723
390 44.7756
395 44.7723
400 45.0836
405 44.448
410 44.7422
415 44.7564
420 45.0731
425 44.7595
430 44.7611
435 44.8025
440 44.7517
445 44.7708
450 44.7572
455 44.7878
460 44.8315
465 44.7463
470 44.8243
475 44.8312
485 44.1523
490 45.3578
495 44.7712
500 44.7628
505 44.7849
510 44.3891
515 44.7793
520 44.7535
525 44.7579
530 44.773
535 44.7351
540 44.167
545 45.3594
550 44.1455
555 45.376
560 44.7796
565 44.183
570 45.3607
575 44.7702
580 44.7417
585 44.7584
590 43.8257
595 45.0847
600 44.7621
10 43.4014
15 44.9752
20 44.7826
25 44.0629
30 44.3929
35 45.0851
40 44.7686
45 44.7573
50 44.1198
55 44.1087
60 45.3417
65 44.8191
70 44.7733
75 44.7615
80 44.1347
85 45.4298
90 44.773
95 44.7766
100 44.7836
105 44.0701
110 45.4469
115 44.8095
120 44.7618
125 44.7958
130 44.4516
135 45.0322
140 44.7849
145 44.7799
150 44.79
155 44.82
160 44.7819
165 44.7497
170 44.8329
175 44.7781
180 44.7711
185 44.8201
190 44.7681
195 44.7631
200 44.767
205 44.7505
210 44.7853
215 44.7456
220 44.7429
225 44.798
230 44.7776
235 44.7566
240 44.786
245 44.8017
250 45.0864
255 44.0275
260 44.8006
265 44.7242
270 44.7652
275 44.7614
280 44.7671
285 44.7932
290 44.8123
295 44.7538
300 44.8145
305 44.7787
310 44.7963
315 44.7835
320 44.7847
325 44.7951
330 44.7874
335 44.7553
340 44.8041
345 44.7885
350 44.7622
355 44.0854
360 45.0746
365 45.1067
370 45.0859
375 44.7846
380 45.0709
385 44.7589
390 44.8436
395 44.8071
400 44.7791
405 44.7427
410 44.7648
415 45.1267
420 44.7798
425 44.859
430 44.7777
435 43.115
440 45.7875
445 44.8423
450 44.7568
455 44.7161
460 44.1281
465 45.4154
470 44.7567
475 44.7399
480 44.8135
485 44.0087
490 44.8486
495 44.7693
500 44.7729
505 44.7456
510 44.4282
515 45.0922
520 44.8222
525 44.7897
530 44.7564
535 44.1368
540 45.3759
545 44.7994
550 44.7786
555 44.7371
560 44.7321
565 45.0818
570 44.7616
575 44.8051
580 45.0708
585 44.7684
590 44.8047
595 44.8799
600 44.763
20 44.7013
25 43.9392
30 45.3107
35 44.6748
40 44.7523
45 44.6717
50 44.7633
55 44.947
60 44.0105
65 44.6745
70 44.6784
75 44.6755
80 44.7082
85 44.6002
90 44.6792
95 44.0383
100 45.3258
105 44.0258
115 44.7087
120 44.668
125 44.6578
130 44.3547
135 45.0324
140 44.648
145 44.7035
150 44.7
155 45.0051
160 44.3887
165 44.6597
170 44.6592
175 44.7032
180 44.5878
185 44.7524
190 44.6973
195 44.6896
200 44.6627
205 44.362
210 44.9368
215 44.6823
220 44.7055
225 44.6935
230 44.6616
235 44.6963
240 44.6913
245 44.6523
250 44.6889
255 44.6688
260 44.7151
265 44.723
270 44.6715
275 44.6872
280 44.6966
285 44.6169
290 44.6868
295 44.6597
300 44.6501
305 44.6754
310 44.9716
315 44.3653
320 44.6654
325 44.6752
330 44.6798
335 44.7286
340 44.6931
345 44.6633
350 44.6864
355 44.4375
360 44.7163
365 45.0083
370 44.7417
375 44.6663
380 44.356
385 44.7506
390 45.3532
395 44.7129
400 44.0201
405 44.6945
410 44.411
415 45.0029
420 44.7053
425 44.6644
430 44.3106
435 44.6898
440 44.7034
445 44.7256
450 44.6943
455 44.6991
460 44.9399
465 44.3711
470 44.7158
475 44.7017
480 44.6805
485 44.034
490 45.2957
495 44.6956
500 44.6932
505 44.7006
510 44.3419
515 44.3489
520 44.287
525 44.7
530 44.6765
535 44.4006
540 44.9619
545 44.6623
550 44.9711
555 44.6516
560 44.7038
565 44.7223
570 44.6643
580 44.6923
585 44.659
590 44.7071
595 44.7017
600 44.701
10 45.3808
15 44.6912
20 44.7006
25 44.655
30 44.6826
35 44.6939
40 44.7272
45 44.7026
50 44.7084
55 44.758
60 44.6644
65 44.716
70 44.7244
75 44.6773
80 44.0521
85 45.3138
90 44.01
95 44.7261
100 44.6689
105 44.6679
110 44.7308
115 44.0169
120 44.6982
125 44.6754
130 44.6589
135 44.7502
140 44.6999
145 44.6673
150 44.6861
155 44.6786
160 44.6889
165 44.7011
170 44.6671
175 44.6885
180 44.6873
185 44.7049
190 44.6712
195 44.7409
200 44.7181
205 44.6723
210 44.7125
215 44.6769
220 44.698
225 44.7327
230 43.9062
235 44.705
240 44.7123
245 44.7087
250 44.6893
255 44.6787
260 44.7216
265 44.6599
270 44.7071
275 44.6574
280 44.6773
285 43.9914
290 45.324
295 44.7302
300 44.6787
305 44.315
310 44.0219
315 45.3391
320 44.7024
325 44.6679
330 44.7037
335 44.0307
340 45.352
345 44.685
350 44.6996
355 44.6981
360 44.3453
365 45.0283
370 44.6869
375 44.7043
380 44.7223
385 44.3653
390 44.9624
395 44.6842
400 44.721
405 44.6924
410 44.7604
415 44.7025
420 44.6722
425 44.7446
430 44.6972
435 44.6961
440 44.6845
445 44.6473
450 44.6742
455 44.6982
460 44.6488
465 44.7148
470 44.6731
475 44.7598
480 44.6901
485 44.7001
490 44.714
495 44.7105
500 44.6971
505 44.6739
510 44.6876
515 44.6813
520 44.6809
525 44.694
530 44.7383
535 44.7154
540 44.7659
545 44.6791
550 44.6977
555 44.7139
560 44.699
565 44.6897
570 44.0086
575 44.7007
580 44.7109
585 45.3554
590 43.4769
595 45.3138
600 44.7263
5 0
10 44.3201
15 44.6732
20 44.6964
25 44.6858
30 44.3729
35 44.9413
40 44.6642
45 44.6759
50 44.6933
55 44.3782
60 45.0219
65 44.6971
70 44.6993
75 43.9173
80 44.6524
85 44.7257
90 44.7178
95 44.6854
100 44.6855
105 44.0057
110 44.3728
115 45.0371
120 44.6512
125 44.6744
130 44.3289
135 45.0021
140 44.685
145 44.6659
150 44.6805
155 44.02
160 45.2656
165 44.6706
170 44.6617
175 44.666
180 44.2872
185 45.0435
190 44.6783
195 44.6586
200 44.6837
205 44.62
210 44.1374
215 44.676
220 44.6449
225 44.7116
230 44.3477
235 44.9345
240 44.6925
245 44.6481
250 44.6956
255 44.1999
260 44.9918
265 44.0626
270 44.6537
275 44.9414
280 44.6611
285 44.6596
290 44.6485
295 44.6312
300 44.6642
305 44.6942
310 44.6869
315 44.628
320 43.9863
325 44.7091
330 44.7301
335 44.6823
340 44.6393
345 44.6542
350 44.6442
355 44.7029
360 44.1095
365 44.6682
370 44.663
375 44.6813
380 44.6819
385 44.0618
390 44.6242
395 43.9935
400 44.7022
405 44.6388
410 44.6631
415 44.6343
420 43.9897
425 44.7086
430 44.9923
435 44.3872
440 44.6378
445 44.6255
450 44.6642
455 45.0588
460 44.3656
465 44.6848
470 44.6875
475 44.6442
480 44.7023
485 43.9481
490 45.3116
495 44.659
500 44.6196
505 44.6731
510 44.0061
515 45.3117
520 45.0275
525 44.65
530 44.6659
535 44.3293
540 44.9803
545 44.6986
550 43.9972
555 44.0004
560 44.3583
565 44.8927
570 44.6858
575 44.7281
580 44.6857
585 44.6488
590 44.6727
595 44.6722
600 43.9768
5 0
10 45.3411
15 44.1201
20 44.0566
25 44.0013
30 44.1637
35 44.0831
40 44.119
45 44.7657
50 44.7358
55 44.7764
60 44.7105
65 44.7602
70 44.7584
75 44.8286
80 45.0432
85 44.4156
90 44.7395
95 44.7985
100 44.7542
105 45.3082
110 44.1034
115 44.7911
120 44.7674
125 44.7548
130 44.336
135 45.2242
140 44.7989
145 45.1035
150 44.7678
155 44.4105
160 45.1583
165 44.8179
170 44.0708
175 44.7353
180 44.4118
185 45.1149
190 44.7787
195 44.7772
200 44.7378
205 44.1205
210 45.4358
215 44.7347
220 44.4358
225 44.0449
230 45.1553
235 45.3221
240 44.0772
245 44.7743
250 44.7803
255 44.1203
260 45.3518
265 44.3838
270 44.7101
275 44.0996
280 44.3466
285 45.045
290 44.7993
295 44.7852
300 44.7998
305 44.7434
310 44.1432
315 44.7831
320 44.7725
325 44.7527
330 44.7395
335 44.1822
340 44.4001
345 44.7644
350 44.1074
355 44.6919
360 44.8217
365 44.7741
370 44.7361
375 44.7405
380 44.7414
385 44.7584
390 44.7543
395 44.7132
400 44.7807
405 44.7646
410 45.059
415 44.4478
420 44.78
425 44.7524
430 44.7876
435 44.7417
440 44.4014
445 44.7746
450 44.7713
455 45.108
460 44.1406
465 45.5022
470 44.7634
475 44.7756
480 44.7509
485 44.368
490 45.4749
495 44.8107
500 44.7791
505 44.1401
510 43.8073
515 45.8238
520 44.7724
525 44.7159
530 44.7797
535 44.0536
540 44.8106
545 44.7594
550 44.7562
555 44.7636
560 44.3692
565 45.1418
570 45.0926
575 44.758
580 44.0522
585 43.5259
590 46.0561
595 44.0959
600 44.7373
5 36.4164
10 44.6368
15 44.7179
20 43.9325
25 44.6548
30 44.715
35 44.9765
40 44.6344
45 44.6291
50 44.6584
55 44.6823
60 44.6612
65 44.6121
70 44.6399
75 44.6161
80 44.6516
85 44.6567
90 44.6372
95 44.6315
100 43.998
105 43.9797
110 44.6542
115 44.633
120 44.6506
125 44.9974
130 44.041
135 45.2879
140 43.975
145 44.6576
150 44.66
155 44.949
160 44.2749
165 44.6373
170 43.9358
175 43.9867
180 42.9723
185 45.0118
190 44.6663
195 44.6585
200 44.6664
205 44.3224
210 44.9299
215 44.6217
220 44.6213
225 44.6357
230 44.5933
235 45.2665
240 44.6279
245 44.6224
250 44.6591
255 43.6845
260 44.8989
265 44.6814
270 44.6489
275 43.9577
280 44.6022
285 44.6742
290 44.6164
295 44.664
300 44.6279
305 44.0128
310 45.247
315 44.6441
320 44.6504
325 44.6346
330 43.8835
335 44.7256
340 44.9562
345 44.9755
350 44.626
355 44.3035
360 44.9103
365 44.661
370 44.6603
375 44.6947
380 44.6548
385 44.0011
390 44.2826
395 44.6078
400 43.9547
405 44.6484
410 44.6573
415 43.9801
420 44.6774
425 44.6982
430 43.9037
435 44.6455
440 43.9546
445 44.6829
450 44.6125
455 44.6361
460 44.6502
465 44.6383
470 44.6652
475 44.6642
480 44.6562
485 44.6528
490 44.6416
495 43.9488
500 43.9779
505 44.6698
510 45.0337
515 44.2902
520 44.6375
525 44.6646
530 44.2606
535 44.0191
540 45.3312
545 44.6494
550 44.6599
555 44.685
560 44.3504
565 44.9307
570 44.676
575 44.5978
580 44.6483
585 44.2466
590 45.022
595 44.6554
600 44.6213
5 42.713
10 45.6518
15 46.4253
20 46.8107
25 46.0012
30 46.6146
35 44.6822
40 44.7641
45 44.7278
50 45.064
55 44.3513
60 45.0118
65 44.7638
70 44.8108
75 44.772
80 44.4192
85 44.993
90 44.7334
95 44.7526
100 44.7483
105 44.759
115 44.7122
120 44.746
125 44.7814
130 44.7386
135 44.7529
140 44.7184
145 44.7344
150 44.7341
160 44.7023
165 44.7451
170 44.741
175 44.7183
180 44.7501
185 44.7732
190 44.779
195 44.7319
200 44.7459
205 45.0632
210 44.7108
215 44.7538
220 44.7484
225 44.7519
230 44.7823
235 44.7311
240 44.7718
245 44.7219
250 44.7375
255 44.7647
260 45.0424
265 44.7562
270 44.7489
275 44.7614
280 45.0655
285 44.4904
290 44.9946
295 44.0703
300 45.3081
305 44.1647
310 43.792
315 45.6705
320 44.7575
325 44.719
330 44.7039
335 44.0418
340 45.4096
345 44.705
350 44.8332
355 44.7271
360 44.0915
365 45.294
370 44.747
375 44.7759
380 44.7384
385 44.417
390 44.7878
395 45.035
400 44.7063
405 44.7691
410 44.7635
415 44.7436
420 45.3326
425 44.2049
430 44.7307
435 44.7549
440 45.0093
445 44.7565
450 44.7066
455 44.7069
460 44.7518
465 44.7411
470 44.7324
475 44.7454
480 44.7409
485 44.3656
490 45.0027
495 44.7498
500 44.7249
505 44.7575
510 44.4283
515 44.4037
520 44.7554
525 44.7705
530 44.7331
535 44.799
540 44.6842
545 44.7305
550 44.7792
555 45.3781
560 44.7391
565 43.7902
570 45.6882
575 44.7328
580 44.7268
585 45.0213
590 44.4454
595 45.086
600 44.7222
5 42.3696
10 44.7028
15 44.6707
20 44.6938
25 44.6926
30 44.0835
35 45.2826
40 44.7031
45 44.7079
50 44.7905
55 44.6981
60 44.7497
65 44.726
70 44.7268
75 44.7341
80 44.732
85 44.6923
90 44.7073
95 44.7188
100 44.7474
105 44.7128
110 44.9628
115 44.7461
120 44.7028
125 44.722
130 44.6721
135 44.7341
140 44.7201
145 44.6989
150 44.7165
155 44.7423
160 44.6656
165 44.0311
170 44.7323
175 44.7321
180 44.7116
185 44.1932
190 44.6859
195 44.7353
200 44.754
205 44.6965
210 44.6727
215 44.6728
220 44.7279
225 44.6772
230 44.6944
235 44.7335
240 44.6867
245 44.7229
250 44.7529
255 44.7325
260 44.0356
265 44.6766
270 44.7581
275 44.7318
280 45.2982
285 44.6473
290 44.7799
295 44.6789
300 44.6922
305 44.7567
310 44.3285
315 44.3654
320 44.7459
325 44.6765
330 44.6787
335 44.7245
340 44.7214
345 44.0439
350 44.7082
355 44.726
360 44.7591
365 44.7221
375 44.6967
380 44.6942
385 44.7642
390 44.7363
395 44.7221
400 44.6971
405 44.7272
410 43.9397
415 44.6812
420 44.7387
425 44.7639
430 44.7241
435 44.7326
440 44.6888
445 44.7258
450 44.7347
460 44.7006
465 44.7012
470 44.6688
475 44.0176
480 44.7285
485 44.6964
490 44.1417
495 43.6653
500 45.0356
505 44.7191
510 44.6584
515 44.7539
520 44.7775
525 44.6832
530 44.6731
535 45.0859
540 43.7748
545 45.4086
550 44.7351
555 44.6458
560 44.7363
565 44.0761
570 45.2452
575 44.7378
580 44.6836
585 44.7261
590 44.6605
595 44.7483
600 44.6739
5 44.7201
10 44.69
15 44.6867
20 44.7093
25 44.7102
30 44.7159
35 44.7033
40 44.7528
45 44.696
50 44.7056
55 44.7065
60 44.6736
65 44.6387
70 44.6781
75 44.3552
80 44.9916
85 44.7173
90 44.6667
95 44.6974
100 44.688
105 44.1038
110 45.3658
115 44.6589
120 44.6999
125 44.6864
130 44.4533
135 45.0509
140 44.7059
145 44.622
150 44.3324
155 43.7484
160 45.3402
165 44.736
170 44.0074
175 44.6759
180 44.6374
185 45.1355
190 45.0033
195 44.6756
200 44.7102
205 44.0752
210 45.3419
215 44.7084
220 44.6578
225 44.6832
230 44.3776
235 45.0635
240 44.6921
245 44.6735
250 44.0027
255 43.9948
260 44.6934
265 44.6543
270 44.6957
275 44.6499
280 43.427
285 46.1225
290 44.7055
295 43.968
300 44.6999
305 44.9727
310 44.4062
315 44.7042
320 44.7175
325 44.6864
330 44.3304
335 45.0554
340 44.6376
345 44.6733
350 44.6571
355 44.3304
360 44.9846
365 44.698
370 44.7027
375 44.6412
380 44.6511
385 44.7451
390 44.6821
395 44.6872
400 44.6643
405 44.617
410 44.6404
415 44.7171
420 44.9899
425 44.6646
430 44.6713
435 44.1581
440 45.368
445 44.7173
450 44.6869
455 44.3194
460 44.8718
465 44.6647
470 44.6618
475 44.6651
480 44.0595
485 44.9992
490 44.9638
495 44.715
500 44.7184
505 44.7095
510 43.4711
515 45.3761
520 44.7447
525 44.7085
530 44.6581
535 44.0992
540 45.3578
545 44.7771
550 44.6585
555 44.7431
560 44.3958
565 45.0469
570 44.9744
575 44.6748
580 44.0093
585 45.0909
590 44.3644
595 44.6954
600 44.7079
5 42.921
10 41.9737
15 44.6295
20 44.6325
25 44.6223
30 44.6004
35 44.6376
40 44.6197
45 43.9797
50 44.9425
55 44.5403
60 44.6843
65 44.641
70 44.6287
75 44.6428
80 44.5862
85 44.6478
90 44.6526
95 44.6432
100 44.6743
105 44.5913
110 44.9294
115 44.318
120 44.6207
125 44.6462
130 43.9951
135 45.2336
140 44.5981
145 44.6261
150 44.6306
155 44.2676
160 44.9652
165 44.6014
170 44.6305
175 44.6207
180 44.6371
185 44.6162
190 44.6364
195 44.6266
200 44.5865
205 44.6383
210 43.9883
215 44.6192
220 44.6454
225 44.6235
230 43.2292
235 45.2197
240 44.6172
245 44.6086
250 44.6282
255 44.6418
260 44.0447
265 45.2669
270 44.6909
275 44.6543
280 44.5872
285 43.921
290 44.657
295 44.5777
300 44.619
305 44.6464
310 43.6872
315 45.2855
320 44.9763
325 44.6379
330 44.6031
335 44.5791
340 44.635
345 43.9417
350 44.9245
355 44.6261
360 43.3983
365 45.9422
370 44.6197
375 44.6443
380 44.6168
385 43.9874
390 45.269
395 44.6246
400 44.6126
405 44.6433
410 44.2192
415 44.9808
420 44.6516
425 44.6057
430 44.6032
435 44.2823
440 43.6573
445 44.6256
450 44.6329
455 44.6212
460 44.6438
465 44.6406
470 44.5973
475 44.6367
480 45.253
485 44.6144
490 44.6263
495 44.6284
500 44.6436
505 44.6281
510 44.618
515 44.6292
520 44.6127
525 44.5963
530 44.608
535 44.6215
540 44.6596
545 43.9006
550 44.6131
555 44.626
560 44.6176
565 44.0479
575 44.6732
580 44.6195
585 44.6036
590 43.9948
595 45.2512
600 44.6228
5 36.8617
10 44.0119
15 44.7246
20 44.7292
25 43.9346
30 44.6995
35 44.6829
40 44.6966
45 44.722
50 44.6917
55 44.6836
60 44.6837
65 44.7173
70 44.699
75 45.0464
80 44.3719
85 44.7134
90 44.7447
95 44.6934
100 44.6975
105 44.7403
110 44.6311
115 44.7106
120 44.7277
125 44.6984
130 45.0435
135 44.3392
140 44.7164
145 44.6582
150 44.7214
155 44.9956
160 44.3554
165 44.6996
170 44.7421
175 44.679
180 43.7239
185 45.6974
190 44.7069
195 44.3396
200 45.0506
205 43.7624
210 45.5656
215 44.6793
220 44.7012
225 44.6733
230 44.0338
235 45.3474
240 44.6805
245 44.7235
250 44.7262
255 45.0451
260 44.3183
265 44.724
270 44.7161
275 44.7025
280 44.3783
285 45.2653
290 44.7021
295 44.6953
300 44.7144
305 44.7117
310 44.683
315 44.6886
320 44.692
325 44.6926
330 44.7642
335 44.7507
340 44.6824
345 44.7333
350 44.6955
355 44.6943
360 44.6904
365 44.7261
370 44.7068
375 44.6942
380 44.057
385 44.7233
390 44.693
395 44.705
400 44.6995
405 44.7033
410 44.0396
415 44.7026
420 44.7217
425 44.6942
430 44.6992
435 45.3717
440 44.0477
445 44.7259
450 44.7004
455 44.7164
460 44.3871
465 45.4074
470 44.3808
475 44.7114
480 44.6881
485 44.1574
490 45.9825
495 44.1099
500 43.3648
505 44.0163
510 44.383
515 45.004
520 44.6518
525 44.7034
530 44.6479
535 44.0727
540 45.3772
545 45.0551
550 44.701
555 44.7178
560 44.0398
565 45.2871
570 44.6604
575 44.0045
580 44.6818
585 44.6579
590 44.1222
595 44.7441
600 44.7233
5 0
10 46.9313
15 44.3317
20 44.6951
25 44.6474
30 44.6835
35 44.643
40 44.6646
45 43.9709
50 44.694
55 44.7087
60 44.6448
65 44.675
70 44.7518
75 44.6608
80 44.6609
85 43.9803
90 44.652
95 44.6802
100 44.6558
105 44.6671
110 44.9474
115 44.7347
120 44.6638
125 44.6454
130 45.2356
135 44.668
140 44.646
145 44.717
150 44.6838
155 44.6768
160 44.68
165 44.6493
170 44.6959
175 44.678
180 43.299
185 44.6488
190 44.6785
195 44.6774
200 44.704
205 45.302
210 44.018
215 44.6604
220 44.7253
225 44.6731
230 44.6794
235 44.9635
240 44.6936
245 44.6604
250 44.6908
255 44.3362
260 44.9966
265 44.6173
270 44.9571
275 44.6735
280 44.6588
285 44.7095
290 44.6736
295 44.668
300 44.6354
305 44.3583
310 45.2167
315 44.6733
320 44.671
325 44.6876
330 44.6704
335 44.6705
340 44.6631
345 44.7059
350 44.6912
355 44.6796
360 44.6619
365 44.6904
370 44.632
375 44.6698
380 44.6672
385 44.6638
390 44.7269
395 44.6888
400 44.6463
405 45.2828
410 44.0506
415 44.6438
420 44.618
425 44.6828
430 45.2353
435 44.1099
440 44.641
445 44.7175
450 44.6627
455 44.5962
460 44.9477
465 43.9845
470 44.6606
475 44.6753
480 45.2896
485 44.0812
490 44.7105
495 44.6565
500 44.9419
505 44.6615
510 45.2652
515 44.0308
520 44.6692
525 44.933
530 44.6613
535 45.5567
540 43.9612
545 44.6459
550 44.673
555 44.7188
560 43.9918
565 45.2805
570 44.6641
575 44.6359
580 44.6812
585 43.9498
590 45.3178
595 44.6824
600 44.9915
5 42.679
10 42.3538
15 44.5384
20 44.6107
25 44.5798
30 44.555
35 44.9457
40 44.5823
45 44.9913
50 44.57
55 42.4038
60 45.6159
65 44.5699
70 44.6088
75 44.5696
80 42.741
85 45.8767
90 44.8774
95 44.6133
100 44.5882
105 43.8602
110 45.2393
115 44.5933
120 44.601
125 44.6054
130 43.3887
135 44.9236
140 44.6114
145 43.9043
150 43.8529
155 43.8489
160 45.1269
165 44.5591
170 44.58
175 44.586
180 43.8829
185 44.5688
190 44.8841
195 44.5538
200 44.6394
205 44.5587
210 43.9471
215 44.6643
220 44.6104
225 44.3052
230 44.8543
235 43.8748
240 44.6506
245 44.5789
250 44.6412
255 44.5977
260 43.9934
265 45.2771
270 44.5991
275 44.6359
280 44.5985
285 43.3571
290 45.9947
295 44.6111
300 44.5453
305 44.1921
310 42.687
315 45.7802
320 44.9045
325 44.5564
330 44.55
335 43.8816
340 45.4336
345 43.9577
350 44.5553
355 44.8754
360 42.931
365 45.61
370 44.5636
375 44.552
380 44.592
385 43.6739
390 45.555
395 44.5784
400 44.6113
405 44.5764
410 44.508
415 44.6549
420 44.594
425 44.5997
430 44.5758
435 44.1194
440 44.8583
445 44.6779
450 44.6036
455 44.5915
460 44.2017
465 45.3265
470 44.9369
475 44.5955
480 44.582
485 43.9005
490 45.2451
495 43.9034
500 44.6024
505 44.5925
510 43.914
515 44.5977
520 44.6048
525 44.6007
530 44.5729
535 44.575
540 43.9439
545 45.3083
550 44.5805
555 44.5943
560 44.5894
565 44.5803
570 44.9017
575 44.6055
580 44.6041
585 44.5981
590 43.3289
595 45.3068
600 44.5887
5 0
10 45.3697
15 44.7522
20 44.7085
25 44.693
30 44.0076
35 45.3437
40 44.7182
45 44.6737
50 44.64
55 44.489
60 44.9534
65 44.7415
70 44.7125
75 44.6821
80 44.7713
85 45.0162
95 44.6964
100 44.6784
105 44.673
110 45.0836
115 44.3991
120 44.6913
125 44.7327
130 44.3187
135 45.0569
140 44.7417
145 44.7398
150 44.699
155 44.3963
165 44.0655
170 44.7098
175 44.712
180 44.7227
185 44.7185
190 44.7224
195 44.7661
200 44.9992
205 44.7223
210 44.7011
215 44.7252
220 44.6935
225 44.7289
230 44.7352
235 44.7251
240 44.7495
245 44.7204
250 44.7074
255 44.2724
260 44.6811
265 44.7349
270 43.3136
275 44.0035
280 44.6724
285 44.1677
290 44.7199
295 44.7135
300 44.722
305 44.6973
310 45.0247
315 44.675
320 44.6797
325 44.0062
330 44.6964
335 44.7042
340 44.6953
345 44.7531
350 44.6984
355 44.6443
360 44.7702
365 44.6851
370 44.7866
375 44.7037
380 44.7143
385 44.6854
390 44.0538
395 44.0562
400 45.0375
405 44.7088
410 44.0791
415 45.3566
420 44.7446
425 44.6802
430 44.7075
435 44.3626
440 44.7228
445 45.3212
450 44.6861
455 44.6772
460 44.3303
465 45.143
470 44.7631
475 44.7051
480 44.7338
485 44.07
490 45.2452
495 44.7296
500 44.7382
505 44.7035
510 44.3382
515 45.0424
520 44.715
525 44.7074
530 44.6785
535 44.6598
540 44.7302
545 44.7122
550 44.7031
555 44.6891
560 44.7128
565 44.6832
570 44.7359
575 44.7154
580 44.711
585 43.9598
590 44.7643
595 44.6898
600 44.7377
5 44.6848
10 43.9765
15 44.683
20 44.7009
25 44.6418
30 44.6314
35 44.6545
40 44.6463
45 44.2905
50 44.3445
55 44.6909
60 44.6862
65 44.6373
70 44.6785
75 44.64
80 44.6729
85 44.9232
90 44.6601
95 44.6645
100 44.6583
105 44.2607
110 44.9896
115 44.6508
120 44.6553
125 44.662
130 42.992
135 45.6471
140 43.3118
145 44.6812
150 44.0231
155 44.6599
160 44.6363
165 44.6555
170 44.6644
175 44.9891
180 44.3377
185 45.0109
190 44.6403
195 43.9848
200 44.6484
205 44.2726
210 44.9321
215 44.5997
220 44.6758
225 44.9724
230 44.71
235 44.6295
240 44.6155
245 44.6746
250 44.6277
255 43.8909
260 44.6002
265 44.6934
270 44.6797
275 44.6804
280 44.6412
285 44.3202
290 44.3936
295 44.6501
300 44.6926
305 44.6481
310 44.7071
315 44.6436
320 44.6044
325 44.6345
330 45.0011
335 44.6357
340 44.6243
345 44.6296
350 44.6463
355 43.9211
360 44.0951
365 44.6602
370 44.6438
375 44.6011
380 44.7395
385 44.6597
390 44.6379
395 44.6312
400 44.65
405 44.0013
410 44.698
415 44.6806
420 44.664
425 44.6713
430 44.6198
435 44.3159
440 43.9817
445 45.5952
450 44.6328
455 44.6608
460 45.2646
465 43.7002
470 44.6987
475 44.6364
480 44.9652
485 44.3046
490 45.0165
495 44.6398
500 44.6439
505 44.6433
510 44.284
515 45.006
520 44.6409
525 44.6208
535 44.6376
540 44.6694
545 44.6715
550 44.6151
555 44.6098
560 44.6152
565 44.0457
570 44.6823
575 44.6586
580 44.6546
585 44.6639
590 44.6438
595 44.6921
600 44.6728
5 0
10 44.6832
15 44.6407
20 44.7021
25 44.7095
30 44.6749
35 44.6891
40 44.6603
45 44.7102
50 44.695
55 44.6681
60 44.6826
65 44.6555
70 44.7132
75 43.9149
80 44.6418
85 44.6547
90 44.6687
95 44.6599
105 44.6787
110 44.0316
115 44.6946
120 44.6394
125 44.6847
130 45.0089
135 44.3604
140 44.7012
145 44.6828
150 44.6829
155 44.957
160 44.399
165 44.6827
170 44.6847
175 44.6838
180 44.9927
185 44.3915
190 44.7166
195 44.673
200 44.7122
205 45.3648
210 44.0849
215 44.6605
220 44.6804
225 44.736
230 44.3472
235 44.9686
240 44.6928
245 44.666
250 44.6893
255 44.721
260 44.6866
265 44.6415
270 43.9836
275 44.6654
280 44.7102
285 44.6978
290 44.673
295 44.7134
300 44.6702
310 44.6905
315 44.6777
320 43.9891
325 44.685
330 44.7015
335 44.7124
340 44.6633
345 44.6664
350 44.6973
355 44.6692
360 44.6703
365 44.6776
370 44.6988
375 44.6834
380 44.6603
385 44.6934
390 44.6828
395 44.6748
400 44.6599
405 44.69
410 44.0764
415 44.6594
420 44.684
425 44.6974
430 43.9283
435 44.6177
440 45.3172
445 44.6839
450 43.9755
455 44.6645
460 44.049
465 45.323
470 44.6882
475 44.6566
480 44.7074
485 44.4326
490 44.9161
495 44.6635
500 44.6522
505 44.707
510 43.901
515 44.6839
520 44.7134
525 44.6617
530 44.6671
535 44.6961
540 44.7106
545 44.7005
550 44.683
555 44.6761
560 44.7035
565 44.652
570 44.6872
575 44.6704
580 44.6986
585 44.6903
590 44.7041
595 44.6756
600 44.665
10 42.3937
15 43.9864
20 44.6814
25 44.6593
30 44.6271
35 44.6702
40 44.7322
45 44.3115
50 44.9397
55 44.3721
60 44.9881
65 44.6856
70 44.6624
75 45.0122
80 43.9899
85 44.6715
90 44.0272
95 44.6549
100 44.6681
105 43.704
110 45.718
115 44.657
120 44.6409
125 43.968
130 43.7086
135 44.9745
140 43.964
145 44.6765
150 44.7161
155 44.4026
160 45.2911
165 44.6618
170 44.6595
175 43.9776
180 44.6202
185 44.715
190 44.6582
195 44.6589
200 43.9956
205 44.7618
210 44.6225
215 44.0086
220 44.6733
225 44.6305
230 44.0184
235 45.2902
240 44.6468
245 44.6458
250 44.6579
255 44.6515
260 45.0143
265 44.6494
270 44.6608
275 44.6583
280 44.6303
285 44.3565
290 44.9902
295 43.9734
300 44.6522
305 44.3165
310 44.8849
315 44.6783
320 44.7103
325 44.6241
330 44.6516
335 44.6878
340 44.0085
345 44.6187
350 44.7386
355 43.9388
360 44.6442
365 43.9952
370 44.7019
375 44.7219
380 44.6421
385 44.6545
390 44.6822
395 44.676
400 43.9736
405 43.9589
410 44.3405
415 45.3111
420 44.6779
425 44.6194
430 44.025
435 43.9595
440 44.9541
445 45.0226
450 44.6699
455 44.6663
460 44.3183
470 44.6468
475 44.9783
480 43.4219
485 44.3618
490 45.3684
495 44.677
500 44.6593
505 43.9955
510 43.4124
515 45.9344
520 44.6489
525 44.652
530 44.3265
535 43.459
540 45.9288
545 43.2985
550 44.6898
555 43.979
560 44.5544
565 44.9929
570 43.9636
575 44.7305
580 44.6323
585 44.6482
590 44.732
595 44.6962
600 44.6352
15 41.7338
20 43.7855
25 44.7313
30 44.0965
35 44.7784
40 44.7756
45 44.8034
50 44.7798
55 44.112
60 44.8226
65 44.7606
70 44.7497
75 44.7941
80 43.4021
85 45.3447
90 44.788
95 44.1281
100 44.8041
105 44.7681
110 45.0118
115 44.4781
120 44.7688
125 44.7481
130 44.7374
135 44.7716
140 45.0497
145 44.7698
150 44.0986
155 44.7654
160 44.7807
165 44.0937
170 44.762
175 44.7323
180 44.7865
185 44.7253
190 44.094
195 45.3263
200 44.7749
205 44.7826
210 44.7587
215 44.7457
220 44.7922
225 44.7567
230 44.7924
235 44.7552
240 44.7576
245 44.7931
250 44.773
255 44.7462
260 44.7965
265 44.7655
270 44.7703
275 44.7576
280 44.4295
285 45.0372
290 44.7541
295 44.7509
300 44.7337
305 44.4794
310 44.7665
315 45.1159
320 44.7179
325 44.7419
330 44.4119
335 44.786
340 45.0761
345 44.7328
350 44.7505
355 44.7902
360 43.7707
365 45.6891
370 44.7582
375 44.7747
380 44.768
385 44.1334
390 45.3838
395 44.7501
400 44.7298
405 44.0772
410 44.3868
415 45.0838
420 44.742
425 44.7699
430 44.742
435 44.6945
440 44.7707
445 44.7611
450 44.096
455 44.7613
460 44.6999
465 44.781
470 44.7495
475 44.7473
480 44.7576
485 44.6963
490 44.7813
495 44.7306
500 44.7608
505 44.7132
510 44.8122
515 45.0263
520 44.8139
525 44.7418
530 44.7324
535 45.0732
540 44.7206
545 44.7764
550 45.0235
555 44.7423
560 44.7311
565 44.7607
570 44.7482
575 44.7518
580 44.7479
585 44.7927
590 44.7421
595 44.7555
600 44.7578
5 44.6073
10 44.6061
15 44.6149
20 44.629
25 44.6234
30 44.5997
35 44.5841
40 44.5682
45 44.6267
50 44.6222
55 44.6408
60 44.6165
65 44.6366
70 43.9357
75 44.602
80 43.9602
85 45.2346
90 44.6362
95 44.6531
100 44.6227
105 44.2346
110 44.3432
115 45.2815
120 44.6262
125 44.9598
130 43.656
135 45.5387
140 44.6148
145 44.621
150 44.6191
155 44.5991
160 44.6619
165 44.6415
170 44.6314
175 44.6135
180 44.6124
185 44.2898
190 44.9304
195 44.6209
200 44.6201
205 44.6256
210 44.6382
215 44.6381
220 43.9501
225 44.6364
230 44.5777
235 44.6083
240 44.6143
245 44.604
250 44.6257
255 44.6266
260 44.6157
265 44.6214
270 44.6538
275 44.62
280 44.6267
285 44.5794
290 44.6172
295 44.6414
300 44.6076
305 44.611
310 44.6333
315 44.6296
320 44.6499
325 44.625
330 44.6521
335 44.636
340 44.5976
345 44.613
350 44.5894
355 44.5841
360 44.6238
365 43.9443
370 44.6349
375 44.6642
380 44.6654
385 44.6374
390 43.9046
395 44.6197
400 44.6601
405 44.6849
410 43.9427
415 45.2052
420 44.6172
425 44.6083
430 44.6367
435 44.6042
440 44.6599
445 44.5987
450 44.6098
455 44.6427
460 44.2871
465 44.9361
470 44.6395
475 44.6663
480 44.6308
485 44.6281
490 44.6417
495 44.624
500 44.608
505 44.6241
510 44.5932
515 44.565
520 44.5823
525 44.6226
530 44.6103
535 44.6148
540 44.0165
545 44.6524
550 44.6219
555 44.6205
560 44.6413
565 44.6139
570 44.642
575 44.6313
580 44.6211
585 44.6111
590 44.0011
595 44.6286
600 44.6463
10 43.5698
15 44.9753
20 44.6916
25 44.6681
30 44.667
35 44.652
40 43.9987
45 44.6488
50 43.8987
55 44.6507
60 44.3013
65 43.9721
70 44.3343
75 44.9452
80 44.6555
85 44.0209
90 44.6423
95 44.296
100 43.9802
105 44.6706
110 44.7109
115 44.6508
120 44.6562
125 44.6746
130 44.9334
135 44.3412
140 44.6434
145 44.6294
150 43.9932
155 43.9765
160 45.3195
165 44.6909
170 44.6398
175 44.7117
180 44.2978
185 45.2747
190 44.6626
195 44.6502
200 43.9713
205 44.3239
210 44.9592
215 44.6312
220 44.6642
225 44.6567
230 44.6063
235 44.7376
240 43.9569
245 44.6391
250 44.6528
255 44.6898
260 44.6337
265 44.6263
275 44.6541
280 43.4439
285 44.9385
290 44.6124
295 44.6607
300 43.3026
305 44.67
310 44.6537
315 44.6445
320 44.6909
325 44.6782
330 44.6547
335 44.7485
340 44.6321
345 44.6779
350 44.6832
355 44.6141
360 44.6341
365 44.6848
370 44.6459
375 44.6727
380 44.6117
385 44.6973
390 44.7181
395 45.3003
400 44.631
405 44.6385
410 44.0732
415 43.9906
420 44.5939
425 44.6725
430 44.6862
435 44.9179
440 44.7191
445 44.6512
450 44.6156
455 43.9915
460 43.3179
465 45.3208
470 43.9858
475 44.6137
480 44.6216
485 44.0457
490 45.2845
495 44.6672
500 44.6692
505 44.7008
510 44.0316
515 45.2823
520 43.9513
525 44.0336
530 44.6634
535 44.6019
540 44.6303
545 44.6504
550 43.2872
555 44.6726
560 44.6627
565 44.0425
570 44.6925
575 43.9885
580 44.6728
585 44.6531
590 44.6909
595 44.6516
600 44.6913
5 44.661
10 43.9508
15 44.964
20 44.6418
25 44.675
30 44.6696
35 44.6608
40 44.6365
45 44.6365
50 44.6611
55 44.6753
60 44.6386
65 44.674
70 44.6662
75 44.6807
80 44.6641
85 44.6656
90 44.7092
95 43.9658
100 44.6687
105 44.3221
110 45.0244
115 44.6456
120 44.667
125 44.6643
130 44.3305
135 44.9771
140 44.6469
145 44.9393
150 44.6231
155 44.327
160 45.0593
165 44.6935
170 44.6833
175 44.7063
180 44.2566
185 45.4053
190 44.6221
195 43.9491
200 45.2647
205 43.6981
210 44.9703
215 44.6481
220 44.6609
225 44.642
230 44.2549
235 45.0253
240 44.6454
245 44.6415
250 44.6763
255 44.3141
260 44.394
265 44.6585
270 44.6903
275 44.6831
280 44.6471
285 44.2841
290 45.2336
295 44.656
300 44.6474
305 44.3329
310 44.9108
315 44.6525
320 44.6417
325 43.9918
330 44.6595
335 44.6227
340 44.6797
345 44.6736
350 44.7146
355 43.912
360 44.6471
365 44.6702
370 44.6583
375 44.6693
380 44.6364
385 44.9583
390 44.6273
395 44.6288
400 44.652
405 43.9904
410 45.2522
415 44.6874
420 44.6719
425 44.6733
430 43.9872
435 44.9527
440 44.6764
445 44.3619
450 43.9953
455 43.979
460 44.9788
465 44.9945
470 44.6823
475 44.9794
480 44.0097
485 44.3049
490 45.7103
495 44.6462
500 44.6768
505 43.9852
510 45.25
515 44.7126
520 44.6541
525 44.6477
530 44.7417
535 43.7099
540 45.6775
545 44.6485
550 44.6945
555 43.9645
560 44.3207
565 45.6772
570 44.6841
575 44.007
580 43.9791
585 44.9852
590 45.0153
595 44.7184
600 44.6296
