5 31.8014108696
10 31.4636621622
15 31.4568325
20 31.4839
25 31.4611488372
30 31.5631904762
35 31.4452025
40 31.4709428571
45 31.4640609756
50 31.4594302326
55 31.5062219512
60 31.4805125
65 31.5171619048
70 31.4929695652
75 31.4940363636
80 31.5797777778
85 31.4010512821
90 31.4856609756
95 31.4612738095
100 31.4978913043
105 31.5498731707
110 31.3904166667
115 31.4298682927
120 31.4723155556
125 31.5195195652
130 31.5312382979
135 31.4254666667
140 31.4542680851
145 31.4937893617
150 31.4447957447
155 31.58058
160 31.400702439
165 31.5158444444
170 31.4727020833
175 31.4867148936
180 31.4658652174
185 31.40152
190 31.3971363636
195 31.4642723404
200 31.4207413043
205 31.4508847826
210 31.501545
215 31.4041347826
220 31.4493511111
225 31.4507733333
230 31.5918695652
235 31.3459358974
240 31.4476488372
245 31.3820565217
250 31.4347888889
255 31.5100270833
260 31.4633906977
265 31.4385931818
270 31.4045680851
275 31.5062130435
280 31.431534
285 31.5090068182
290 31.4218295455
295 31.4441425532
300 31.4290458333
305 31.48175625
310 31.47542
315 31.4500268293
320 31.4609266667
325 31.4173416667
330 31.496075
335 31.4490372093
340 31.4200837209
345 31.4551931818
350 31.4896511628
355 31.4914977778
360 31.5329955556
365 31.3941725
370 31.4178066667
375 31.4052422222
380 31.4747666667
385 31.4991222222
390 31.3459853659
395 31.4600731707
400 31.46778125
405 31.465326087
410 31.4242914894
415 31.3979564103
420 31.4074906977
425 31.4139255319
430 31.5309979167
435 31.542987234
440 31.3996904762
445 31.3994125
450 31.4288444444
455 31.4845209302
460 30.8207717391
465 30.6851522727
470 31.4409644444
475 31.4235465116
480 31.4713956522
485 31.5194040816
490 31.4004219512
495 31.444602381
500 31.48088
505 31.4654386364
510 30.8467955556
515 30.6839380952
520 31.3914431818
525 31.4954977778
530 31.4654255319
535 31.423802
540 31.4415086957
545 31.3865
550 31.4604612245
555 31.4698391304
560 31.5081413043
565 31.4205
570 31.4255533333
575 31.4475090909
580 31.47846875
585 31.4653382979
590 31.5173930233
595 31.3940325581
600 31.4777787234
