5 28.170425
10 43.5017923077
15 44.4833769231
20 44.6313214286
25 44.5821375
30 44.5533
35 44.704475
40 44.66065
45 44.5642266667
50 44.5973
55 44.3360176471
60 44.8952411765
65 44.6239647059
70 44.6306
75 44.51820625
80 44.4265882353
85 44.9548375
90 44.6341117647
95 44.6306625
100 44.5663529412
105 44.44108125
110 44.7437058824
115 44.8474705882
120 44.6578470588
125 44.5528647059
130 44.27708
135 44.7929625
140 44.6282294118
145 44.6085222222
150 44.7175777778
155 44.4456882353
160 44.8325722222
165 44.7115722222
170 44.5829058824
175 44.6358125
180 40.4796027778
185 9.43426666667
190 9.458947
195 9.62453333333
200 9.348675
205 9.563178
210 9.61939
215 9.73558444444
220 9.72424444444
225 9.46115428571
230 9.61585
235 9.7146225
240 9.40096666667
245 9.52065545455
250 9.52054
255 9.72943727273
260 9.44805571429
265 9.7426
270 9.580288
275 9.629654
280 9.65403888889
285 9.19919857143
290 9.8223525
295 9.615458
300 9.58747833333
305 9.28667272727
310 9.61998428571
315 9.58931272727
320 9.60998888889
325 9.58651666667
330 9.435892
335 9.273275
340 9.85086625
345 9.38134181818
350 9.61986090909
355 9.67260222222
360 9.239174
365 9.71870285714
370 9.39066
375 9.54385833333
380 9.75294444444
385 9.037415
390 9.93719
395 9.58770454545
400 9.63746
405 9.52140375
410 9.39776636364
415 9.788709
420 9.49129222222
425 9.75289166667
430 9.55629545455
435 9.350716
440 9.59819444444
445 9.7812
450 9.57767363636
455 9.68444777778
460 9.387815
465 9.61080571429
470 9.46898111111
475 9.54951916667
480 9.63623454545
485 9.34620307692
490 9.76043888889
495 9.67249833333
500 9.672686
505 9.61240555556
510 9.53336818182
515 9.84305181818
520 9.6005825
525 9.63389615385
530 9.53546083333
535 9.681999
540 9.71215666667
545 9.642151
550 9.492976875
555 9.60171692308
560 9.46112222222
565 9.661061
570 9.60828153846
575 9.65585916667
580 9.56542916667
585 9.555418
590 9.36440181818
595 9.58151375
600 9.66509363636
