5 30.651926
10 30.09175
15 30.0674291667
20 30.101722
25 30.059106
30 30.14718
35 30.0392346939
40 30.0748795918
45 30.0868163265
50 30.0671081633
55 30.153022
60 29.9935714286
65 30.0847229167
70 30.072754
75 30.114132
80 30.1493367347
85 29.996586
90 30.0870541667
95 30.0564857143
100 30.098196
105 30.1600755102
110 30.0373163265
115 30.063322
120 30.073044
125 30.097492
130 30.1478204082
135 30.0062979167
140 30.091068
145 30.080234
150 30.088834
155 30.220086
160 29.9688918367
165 30.0981612245
170 30.08265
175 30.075684
180 30.132586
185 43.9670127907
190 43.7515938776
195 43.7223876289
200 43.7393636364
205 43.4761683673
210 43.8886837209
215 43.7890760417
220 43.7095141414
225 43.7432618557
230 43.4843242424
235 43.9425658824
240 43.7658494845
245 43.7335959596
250 43.708276
255 43.5652414141
260 43.7975860759
265 43.7962897959
270 43.7315793814
275 43.7187520408
280 43.582196
285 43.7177115385
290 43.8896947917
295 43.7175122449
300 43.7461606061
305 43.6429979798
310 43.6943783133
315 43.8244195876
320 43.7312393939
325 43.71807
330 43.672634
335 43.6635325301
340 43.8582125
345 43.7341265306
350 43.723836
355 43.616636
360 43.6469915663
365 43.8793085106
370 43.711465625
375 43.7174438776
380 43.711906
385 43.6154542169
390 43.8866934783
395 43.7307673469
400 43.694679798
405 43.6867191919
410 43.6687988506
415 43.8559528736
420 43.7546278351
425 43.7421121212
430 43.6291020833
435 43.6337818182
440 43.824806383
445 43.8360237113
450 43.7293818182
455 43.7211877551
460 43.5086453608
465 43.9065186047
470 43.7901020833
475 43.7322489796
480 43.72903
485 43.5809649485
490 43.7939450549
495 43.7441086957
500 43.7551298969
505 43.6958959596
510 43.6008979592
515 43.8668744186
520 43.778142268
525 43.7261625
530 43.7397767677
535 43.63546875
540 43.7632283951
545 43.8090115789
550 43.7259591837
555 43.737776
560 43.5773329897
565 43.7692467532
570 43.8468969072
575 43.7305565657
580 43.6797262626
585 43.6913122449
590 43.7189463415
595 43.8130463158
600 43.7158626263
