5 31.0082675676
10 43.1263744681
15 43.7272
20 43.714788
25 43.745572
30 43.5895857143
35 43.8616428571
40 43.721582
45 43.730938
50 43.763784
55 43.5343612245
60 43.89875
65 43.748214
70 43.715212
75 43.67736
80 43.492174
85 44.011128
90 43.731734
95 43.7374
100 43.668682
105 43.548086
110 43.9319897959
115 43.793794
120 43.733526
125 43.718536
130 43.421758
135 43.9467755102
140 43.80151
145 43.73092
150 43.744986
155 43.490514
160 43.885808
165 43.768336
170 43.766492
175 43.73795
180 43.405222449
185 47.0126785714
190 47.0594229167
195 47.0752242424
200 47.0838010101
205 47.151979798
210 47.0233105882
215 47.0463469388
220 47.0742848485
225 47.108730303
230 47.089908
235 47.0543
240 47.0871541667
245 47.0601734694
250 47.0548161616
255 47.122162
260 47.0466883117
265 47.0646
270 47.0776040404
275 47.0821707071
280 47.0915717172
285 47.0768168831
290 47.0387591837
295 47.0720752577
300 47.092104
305 47.0917525773
310 47.0753153846
315 47.0369608247
320 47.067062
325 47.059694
330 47.143789899
335 47.0899176471
340 47.044155102
345 47.0617262626
350 47.0706755102
355 47.1071333333
360 47.0752283951
365 47.0638583333
370 47.0848154639
375 47.0719418367
380 47.101758
385 47.0945192771
390 47.007993617
395 47.0801421053
400 47.0573693878
405 47.0984622449
410 47.1833172414
415 46.9665826087
420 47.0848896907
425 47.0717666667
430 47.0960222222
435 47.1431434783
440 47.0439191489
445 47.064728866
450 47.076598
455 47.1123868687
460 47.105212766
465 47.0193035294
470 47.0686530612
475 47.0704383838
480 47.039238
485 47.1599744681
490 47.0247033708
495 47.0626808511
500 47.0726979798
505 47.0872424242
510 47.1593202128
515 47.0067211765
520 47.0570653061
525 47.0614808081
530 47.0734520833
535 47.1276442105
540 47.0590382716
545 47.0279210526
550 47.0800102041
555 47.084396
560 47.1332021053
565 47.0397
570 47.0468505155
575 47.0686040816
580 47.065759596
585 47.1347434343
590 47.0356222222
595 47.0547556701
600 47.058988
