5 24.6417166667
10 43.6198142857
15 44.2912285714
20 44.6688142857
25 44.7212
30 44.5004875
35 44.7373625
40 44.5920375
45 44.6280714286
50 44.596325
55 44.2037625
60 44.9097625
65 44.5957375
70 44.6685625
75 44.529325
80 44.355925
85 45.0527428571
90 44.59315
95 44.5701285714
100 44.5893375
105 44.1030571429
110 45.0093875
115 44.8433875
120 44.6368375
125 44.502925
130 44.2858428571
135 44.8395
140 44.67935
145 44.5962555556
150 44.7110222222
155 44.3933125
160 44.8423444444
165 44.7827
170 44.68355
175 44.6670375
180 44.4443
185 19.80458
190 18.4417
195 18.381
200 18.71864
205 18.453475
210 18.93085
215 18.2382833333
220 18.8861142857
225 18.5870571429
230 18.46188
235 18.90645
240 18.2663833333
245 18.50398
250 18.568775
255 18.5965333333
260 18.682125
265 18.14924
270 18.49705
275 18.6735333333
280 18.5383
285 18.665475
290 17.5755
295 18.4924571429
300 18.6756166667
305 19.0737
310 18.4633
315 18.6622333333
320 18.6643666667
325 18.4800833333
330 18.66895
335 19.22646
340 17.7388666667
345 18.58526
350 18.6065666667
355 18.4563666667
360 19.12162
365 18.3469
370 18.6228571429
375 18.6700875
380 18.37405
385 19.3094333333
390 18.1900571429
395 18.6851666667
400 18.5132
405 18.7688
410 18.6853
415 18.0874
420 18.71634
425 18.72432
430 19.2572833333
435 18.920825
440 18.8143333333
445 18.4263857143
450 18.65876
455 19.12765
460 18.0829166667
465 18.71378
470 18.2506
475 18.75115
480 18.412375
485 19.11305
490 18.13235
495 18.63565
500 18.4236666667
505 18.3681
510 18.85384
515 18.5785142857
520 18.35762
525 18.79955
530 18.5537
535 18.531
540 19.08985
545 18.28015
550 18.67726
555 18.58738
560 18.6726
565 18.85836
570 18.27255
575 18.68074
580 18.645625
585 18.9105
590 18.120375
595 18.58786
600 18.2068666667
