10 66.89412
20 69.09204
30 68.55865
40 67.9632
50 68.05592
60 69.51654
70 67.0487
80 69.40212
90 68.82488
100 68.5866
110 68.5195
120 67.61282
130 69.22485
140 67.88528
150 67.61878
160 69.40474
170 67.37178
180 68.32006
190 67.95668
200 68.32968
210 69.25224
220 67.3116
230 68.92324
240 68.52566
250 69.5649
260 66.66164
270 68.74266
280 68.27984
290 69.99394
300 67.7613
310 68.59796
320 68.49078
330 70.63352
340 67.47788
350 67.59562
360 68.09834
370 67.70554
380 68.07584
390 67.52688
400 70.51792
410 68.7235
420 67.47246
430 69.38728
440 68.325825
450 68.50464
460 68.88048
470 68.502
480 68.14586
490 68.53044
500 68.75978
510 67.965925
520 68.56802
530 68.32546
540 68.93402
550 68.90722
560 68.78394
570 68.31962
580 68.81935
590 68.33414
