10 39.71934
20 40.84178
30 39.53028
40 39.97556
50 39.6093
60 40.7789
70 39.4473
80 39.60462
90 39.14538
100 40.02378
110 39.78706
120 39.16412
130 40.0658
140 38.7666
150 39.36128
160 39.87154
170 39.56874
180 37.50854
190 38.89804
200 39.04836
210 38.538475
220 39.381525
230 39.14416
240 39.28528
250 38.82162
260 39.24395
270 39.0317
280 39.5333
290 39.71862
300 40.35032
310 39.43862
320 39.88418
330 40.03976
340 40.71288
350 38.90246
360 38.880225
370 38.88758
380 39.5558
390 38.500475
400 39.44736
410 40.01666
420 38.6519
430 40.58418
440 39.29616
450 39.3688
460 39.049475
470 39.60148
480 39.54746
490 39.12194
500 39.38158
510 39.35072
520 39.26575
530 40.0185
540 39.8696
550 39.1725
560 40.27602
570 39.6937
580 39.4638
590 39.1854
