10 67.0349
20 68.6383
30 66.894
40 68.4511
50 65.962
60 69.6387
70 67.7192
80 68.07
90 69.8742
100 67.7989
110 69.0686
120 67.4892
130 69.437
140 66.7753
150 66.2373
160 69.2458
170 67.4107
180 65.787
190 69.9609
200 67.7409
210 68.3599
230 69.0984
240 66.5757
250 70.1586
260 67.1565
270 67.5643
280 70.4971
290 70.1532
300 69.9712
310 68.6476
320 69.5407
330 71.8945
340 65.7763
350 67.6799
360 67.0846
370 64.9096
380 70.0616
390 66.8506
400 70.9845
410 68.2196
420 67.54
430 69.5153
440 68.2718
450 69.1305
460 68.8187
470 67.7634
480 69.1277
490 69.7444
500 68.3303
510 67.7551
520 69.6578
530 70.0589
540 68.4382
550 67.9803
560 72.0977
570 67.8905
580 67.0978
590 67.3364
10 63.979
20 69.4907
40 66.2139
50 70.5475
60 70.8458
70 65.544
80 68.1654
90 70.2355
100 70.0509
110 68.115
120 67.1105
130 67.8393
140 67.0464
150 66.7812
160 68.6436
170 67.4235
180 67.9575
190 68.2244
200 67.7207
210 72.8332
220 64.9601
230 71.8004
240 68.7799
250 67.5536
260 69.8052
270 70.3635
280 68.5824
290 68.3181
300 68.906
310 67.9516
320 69.3881
330 73.3131
340 67.2615
350 67.362
360 70.06
370 68.0422
380 68.7819
390 64.9561
400 72.2832
410 66.3981
420 68.7248
430 73.5058
440 66.5798
450 68.8957
460 67.5733
470 67.4189
480 68.5928
490 69.877
500 70.406
510 67.4372
520 69.9656
530 69.1891
540 71.3696
550 69.7041
560 69.3544
570 69.6418
580 71.6389
590 68.8244
10 65.3499
20 69.5766
30 66.8124
40 70.2216
50 67.5232
60 68.802
70 69.0342
80 68.4982
90 69.02
100 68.9546
110 66.6415
120 69.2009
130 69.8132
140 67.8703
150 67.8884
160 70.1522
170 67.4233
180 68.6672
190 67.6531
200 69.9352
210 68.0616
220 68.5618
230 70.0702
240 65.1145
250 70.9656
260 65.1379
270 69.1689
280 68.2148
290 69.4958
300 66.8015
310 69.1628
320 67.4254
330 69.3305
340 69.2664
350 65.9071
360 68.404
370 67.3132
380 68.0504
390 67.2561
400 68.8904
410 71.0596
420 68.39
430 67.5186
440 68.5549
450 66.6863
460 70.3062
470 68.0833
480 68.0391
490 68.2019
500 67.314
510 68.4005
520 68.5654
530 67.9632
540 69.9594
550 66.0149
560 68.8805
570 66.2335
580 66.7842
590 69.8892
10 68.3572
20 68.2394
30 69.818
40 65.4618
50 68.1065
60 68.3493
70 66.5729
80 73.5555
90 67.1721
100 69.1666
110 67.769
120 66.0334
130 69.8099
140 68.9552
150 69.0071
160 69.3369
170 67.0008
180 70.961
190 68.5311
200 67.2043
210 67.7577
220 68.5712
230 66.4844
240 70.0506
250 67.8526
260 66.0812
270 70.4965
280 67.4
290 72.71
300 66.6198
310 69.3566
320 68.5516
330 70.7314
340 68.2321
350 70.3147
360 68.2166
370 68.0122
380 66.3499
390 68.276
400 72.8101
410 69.5022
420 65.0786
430 65.9909
440 69.8968
450 69.1633
460 70.5193
470 71.4663
480 67.4333
490 67.7085
500 67.9586
520 69.0966
530 67.0339
540 68.2613
550 69.9731
560 68.9797
570 66.4841
590 68.823
10 69.7496
20 69.5152
30 70.7102
40 69.4676
50 68.1404
60 69.9469
70 66.3732
80 68.7215
90 67.8226
100 66.962
110 71.0034
120 68.2301
140 68.7792
150 68.1799
160 69.6452
170 67.6006
180 68.2276
190 65.4139
200 69.0473
210 69.2488
220 67.1533
230 67.1628
240 72.1076
250 71.2941
260 65.1274
270 66.1201
280 66.7049
290 69.2926
300 66.508
310 67.8712
320 67.5481
330 67.8981
340 66.8531
350 66.7144
360 66.7265
370 70.2505
380 67.1354
390 70.2956
400 67.6214
410 68.438
420 67.6289
430 70.4058
450 68.6474
460 67.1849
470 67.7781
480 67.5364
490 67.1204
500 69.79
510 68.2709
520 65.5547
530 67.3822
540 66.6416
550 70.8637
560 64.6074
570 71.3482
580 69.7565
590 66.7977
