10 38.8375
20 41.9493
30 41.5359
40 40.3748
60 40.0197
70 39.5031
80 38.5866
90 38.8074
100 40.7653
110 39.7142
120 38.4054
140 38.3997
150 37.3915
160 41.4987
170 40.9473
180 36.7417
190 39.3608
200 38.4364
210 38.7324
220 39.3196
230 40.8028
240 40.4106
250 40.1625
270 40.778
280 38.753
290 39.7112
300 41.1993
310 40.8993
320 40.9354
330 39.5089
340 41.9251
350 39.0962
370 40.9684
380 39.3935
390 39.4799
400 38.8334
410 40.0948
420 38.9039
430 39.7157
440 38.7184
450 39.2012
470 39.2659
480 39.1933
490 36.6302
500 40.4503
510 40.3197
520 38.5223
530 40.0585
540 40.1981
550 39.1735
560 41.583
570 39.5558
580 38.81
590 38.7333
10 39.443
20 41.85
30 39.108
40 40.3314
50 38.6203
70 40.7132
80 39.0604
90 40.2233
100 42.9444
110 39.1477
120 38.5179
130 39.6174
140 38.335
150 40.2057
160 40.1222
170 38.1103
180 38.8104
190 38.9265
200 37.2309
220 39.2039
230 37.9104
240 38.8752
250 38.0813
260 40.3712
270 39.0963
280 40.1281
290 37.9321
300 39.8216
310 39.6538
320 41.8572
330 39.5232
340 41.6075
350 39.6245
360 39.399
370 39.2582
380 41.4917
390 37.3341
400 38.1086
410 41.1895
420 39.4091
430 40.0668
440 38.0891
450 40.7359
460 38.2405
470 39.5819
480 38.8885
490 41.1048
500 37.7401
510 39.9639
520 38.7533
530 41.0049
540 39.6378
550 37.9933
560 40.966
570 40.6111
580 40.1588
590 40.5867
10 40.3177
20 39.4909
30 39.4923
40 39.6136
50 39.7042
60 40.9841
70 38.2835
80 39.3025
90 39.5627
100 40.3776
110 41.4456
120 40.6899
130 38.5681
140 37.3331
150 39.1332
160 38.1449
170 38.9449
180 36.6142
190 39.3395
200 39.9419
210 39.6432
230 39.1318
240 38.6037
250 38.8718
260 37.2396
270 36.3632
280 40.8676
290 40.4903
300 41.2207
310 42.2557
320 39.1754
330 40.1033
340 39.414
350 38.5911
360 38.1444
370 38.2084
380 37.0416
390 39.1044
400 39.4801
410 39.4301
420 37.6619
430 42.1023
440 40.831
450 38.9665
460 38.6255
470 41.0301
480 40.8874
490 41.0527
500 38.8525
510 38.0201
520 40.2237
530 39.8735
540 40.8937
550 40.8274
560 40.0707
570 40.1336
580 38.8098
590 38.4505
10 40.2517
20 39.9217
30 38.0701
40 39.6928
50 40.2823
60 39.4872
70 39.0477
80 39.6085
90 38.1137
100 38.4318
110 41.8894
120 39.255
130 39.5429
140 40.9376
150 39.695
160 40.5493
170 40.2706
180 37.5936
190 38.7269
200 40.0741
210 38.0664
220 39.0255
230 38.2691
240 40.7294
250 38.6025
260 38.1479
270 40.2044
280 39.6687
290 39.828
300 40.0684
310 36.7934
320 38.0824
330 40.2407
340 40.4085
350 38.387
360 40.9242
370 38.0347
380 40.8938
400 39.6715
410 39.9381
420 38.5992
430 40.2998
440 38.6704
450 39.2166
460 39.7948
470 38.6072
480 38.2967
490 38.3131
500 39.5295
510 39.835
520 39.5637
530 38.0717
540 40.3275
550 38.4272
560 41.168
570 38.9491
580 39.6185
590 36.8098
10 39.7468
20 40.997
30 39.4451
40 39.8652
50 39.8304
60 42.6246
70 39.689
80 41.4651
90 39.0198
100 37.5998
110 36.7384
120 38.9524
130 42.5348
140 38.8276
150 40.381
160 39.0426
170 39.5706
180 37.7828
190 38.1365
200 39.5585
210 37.7119
220 39.9771
230 39.6067
240 37.8075
250 38.39
260 41.2171
270 38.7166
280 38.2491
290 40.6315
300 39.4416
310 37.5909
320 39.3705
330 40.8227
340 40.2093
350 38.8135
360 37.0533
370 37.9682
380 38.9584
390 38.0835
400 41.1432
410 39.4308
420 38.6854
430 40.7363
440 40.1719
450 38.7238
460 39.5371
470 39.5223
480 40.4714
490 38.5089
500 40.3355
510 38.6149
530 41.0839
540 38.2909
550 39.4411
560 37.5924
570 39.2189
580 39.9219
590 41.3467
