5 31.3736125
10 43.7046166667
15 44.5315944444
20 44.6411684211
25 44.6216904762
30 44.5775809524
35 44.714647619
40 44.6309142857
45 44.588805
50 44.6131761905
55 44.3562136364
60 44.8423909091
65 44.5876772727
70 44.6366954545
75 44.554347619
80 44.4352590909
85 44.9175380952
90 44.5802045455
95 44.5788285714
100 44.5883318182
105 44.4304142857
110 44.7171409091
115 44.8032409091
120 44.6596818182
125 44.5495227273
130 44.25896
135 44.749952381
140 44.6934454545
145 44.6225695652
150 44.7067043478
155 44.4228545455
160 44.8379043478
165 44.714073913
170 44.5851909091
175 44.6456380952
180 44.39193
185 36.49867
190 37.2852
195 33.7219333333
200 34.5395555556
205 34.1377181818
210 37.0553272727
215 37.26
220 32.6893333333
225 35.0846166667
230 34.1899947368
235 34.5092153846
240 36.9244
245 33.24275
250 34.0509333333
255 33.57585
260 34.59483125
265 36.5623
270 34.670675
275 34.7352
280 34.3770722222
285 34.3042764706
290 37.4581333333
295 34.4767555556
300 37.2652
305 34.4063375
310 34.82775
315 36.837175
320 36.2692428571
325 34.4759333333
330 33.81337
335 34.8316166667
340 35.88382
345 35.8804166667
350 34.2575
355 34.67545
360 34.5977789474
365 35.9858833333
370 37.24512
375 32.96175
380 34.0999066667
385 34.74597
390 36.30495
395 37.4225
400 33.99114
405 34.1430285714
410 34.7662789474
415 36.5252571429
420 37.2834333333
425 31.9512833333
430 34.6372357143
435 34.5502157895
440 36.0229333333
445 37.113
450 32.465
455 34.5028538462
460 34.5034166667
465 37.6420666667
475 33.2126375
480 35.1472125
485 34.42679
490 35.3559181818
495 36.8545
500 34.22345
505 35.7691
510 34.3802388889
515 36.0741
525 33.8694571429
530 34.4429333333
535 34.43277
540 36.3531166667
550 33.5655222222
555 36.93005
560 34.967425
565 35.2267857143
570 37.2129
575 35.0367142857
580 35.95015
585 34.6922823529
590 35.1223857143
595 37.2885
600 35.7953166667
