5 43.8649
10 44.6252
15 43.9422
20 44.6256
25 44.6279
30 44.6278
35 44.6093
40 44.6415
45 44.6693
50 44.6144
55 43.6683
60 45.5895
65 43.9282
70 44.6414
75 44.6376
80 44.2701
85 44.9379
90 44.6169
95 43.9221
100 44.609
105 44.5732
110 44.6683
115 44.6678
120 43.9961
125 43.9651
130 43.2393
135 44.8495
140 44.3754
145 44.6312
150 44.6222
155 44.6646
160 44.6222
165 44.9519
170 44.6179
175 44.6166
180 44.6376
195 29.1582
200 29.1526
205 28.2376
220 29.1754
225 28.5746
230 29.166
245 29.4012
250 29.1346
255 28.8796
260 29.9488
275 28.5639
280 29.6812
285 28.8789
305 29.1746
310 29.1749
330 29.1622
335 29.4339
355 29.1516
360 28.8678
380 29.1148
385 28.8468
405 29.1516
410 28.5433
425 29.1818
430 29.1767
435 28.8534
450 29.1518
455 29.165
460 28.8555
475 29.1814
480 28.8755
485 28.836
500 29.1715
505 29.1421
510 28.8748
530 28.8604
535 29.455
560 29.1676
565 29.1478
585 29.1449
590 29.1501
5 0
10 44.3766
15 44.6487
20 44.6778
25 44.6575
30 43.9843
35 45.2676
40 44.652
45 44.6171
50 44.6586
55 43.9475
60 44.6543
65 44.6709
70 44.6496
75 44.6272
80 44.6406
85 44.6591
90 44.6178
95 44.6505
100 44.6772
105 44.2856
110 44.401
115 45.2864
120 44.6291
125 44.6243
130 44.0033
135 45.2138
140 44.6334
145 44.6648
150 44.6476
155 44.3173
160 44.6266
165 44.6527
170 44.6632
175 44.6522
180 44.5884
185 37.5066
200 37.2243
205 36.4253
210 37.8445
225 35.6689
230 38.0267
235 37.8404
245 37.2062
250 35.8171
255 37.8253
260 37.2716
270 37.1879
280 37.9146
285 37.2495
295 37.2343
305 35.6975
310 37.8203
315 36.5547
320 37.2149
330 36.4528
335 38.0367
345 37.2302
355 36.4162
360 37.9218
380 36.4481
385 37.9149
405 37.9001
410 37.2171
430 37.1947
435 36.5191
455 37.2132
460 36.5463
465 37.8859
480 37.2199
485 35.7983
490 37.8286
495 37.2207
505 37.2124
510 36.4158
515 37.9146
535 36.4289
540 37.9173
555 36.7864
560 36.9029
565 37.8875
575 37.2014
580 37.2086
585 35.6867
590 38.5211
600 37.2178
5 29.8013
10 40.4385
15 44.7073
20 44.7234
25 44.7095
30 43.9653
35 45.2837
40 44.7449
45 44.6616
50 44.6692
55 43.9296
60 45.2837
65 44.7401
70 44.7041
75 44.0302
80 43.9736
85 45.265
90 44.71
95 44.7286
100 44.6818
105 43.1672
110 45.7621
115 44.7232
120 44.7346
125 44.6957
130 44.6961
135 44.3242
140 44.9861
145 44.6873
150 44.7096
155 43.2062
160 45.2062
165 45.3563
170 44.6864
175 44.751
180 44.7141
185 36.6987
205 34.6356
210 38.7158
235 38.0255
260 38.063
275 37.2552
285 36.3553
300 37.2652
310 36.3391
325 37.254
330 36.0674
335 37.573
340 38.0707
350 37.2822
360 36.4625
365 37.2568
375 37.256
385 36.4808
390 37.9607
400 37.1227
410 36.4373
415 37.9328
435 37.1717
440 36.5981
460 37.2852
465 36.466
485 37.2653
490 36.4468
510 37.2454
515 36.488
535 37.1496
540 36.4687
560 37.2404
565 36.4483
590 37.0501
5 37.9845
10 44.9728
15 44.6107
20 44.614
25 44.641
30 44.6404
35 44.6044
40 43.9332
50 44.6399
55 44.6115
60 44.6422
65 44.6423
70 44.6367
75 44.5949
80 44.6437
85 44.6122
90 44.6502
95 44.6233
100 44.6067
105 44.7168
110 44.6504
115 44.9751
120 44.9158
125 44.6107
130 44.6651
135 44.6411
140 44.6206
145 44.6283
150 44.6376
155 44.6293
160 44.943
165 44.6412
170 44.6451
175 44.5933
180 44.6319
185 36.3491
205 37.2532
210 36.5486
230 36.5602
235 37.018
255 37.2279
260 36.5334
280 37.1474
285 36.3355
310 37.9107
325 37.2426
330 37.2404
335 36.4446
350 37.2471
355 37.2266
360 36.4617
365 37.9159
375 37.2462
385 37.056
400 37.2635
410 37.0524
415 37.324
425 37.8889
435 37.2553
440 37.0004
460 39.1232
465 37.1467
485 37.1261
490 37.1273
510 37.2525
515 36.4646
535 36.5488
540 36.3553
560 37.2694
565 36.4281
585 37.2407
590 36.4599
5 36.1996
10 43.9616
15 43.9381
20 44.623
25 44.6602
30 44.7118
35 43.9926
40 44.6571
45 44.6361
50 44.6436
55 44.6357
60 44.2713
65 44.6626
70 44.6532
75 44.683
80 44.6581
85 44.6653
90 44.6395
95 44.6529
100 44.7128
105 44.2784
110 44.3739
115 44.9328
120 44.6599
125 44.6829
130 44.6845
135 44.6609
140 44.668
145 43.9554
150 44.7081
155 45.0121
160 44.3664
165 44.6666
170 44.651
175 44.6412
180 43.5592
200 37.2034
205 36.1968
220 37.2158
230 38.3811
245 37.2254
255 36.4369
270 37.2298
280 37.1997
295 37.2459
305 38.5522
310 37.2139
320 37.7848
330 37.2343
335 37.2278
345 37.2343
355 36.5319
360 37.2512
380 37.2258
385 37.2286
405 36.6731
410 37.7754
430 35.9257
435 38.2635
455 37.1648
460 36.6592
480 37.2343
485 36.6451
505 36.5343
510 36.5654
535 36.559
550 37.2179
560 36.4389
575 37.224
585 36.4211
600 36.5562
25 44.7181
30 44.7409
35 44.7649
40 44.7312
45 44.0313
50 44.7763
55 44.7477
60 44.7342
65 44.7108
70 44.7022
75 43.936
80 45.2884
90 44.7237
100 44.738
110 45.3636
115 44.7178
120 44.7753
125 44.7216
135 45.068
140 44.7715
145 44.746
150 44.7061
160 45.0369
165 44.7423
170 44.7657
175 44.7343
185 37.6827
210 38.0115
235 37.9303
260 38.0186
265 37.3205
280 36.5044
285 38.03
290 37.3239
310 37.9945
315 37.2982
340 37.9513
365 37.3434
370 37.311
390 38.6877
395 37.2934
415 38.6311
420 37.317
430 37.3389
440 38.1111
465 38.6943
485 35.7214
490 38.5516
495 36.4883
515 38.5716
535 35.7557
540 38.6119
560 36.4937
565 38.6441
570 37.2129
585 35.725
590 38.569
595 37.2885
5 0
10 42.852
15 44.0332
20 44.692
25 44.6751
30 44.7378
35 44.6366
40 44.6721
45 45.0059
50 44.665
55 44.0589
60 45.328
65 44.6573
70 44.6696
75 44.9638
80 44.0213
85 45.0333
90 44.0052
95 44.6793
100 44.6572
105 44.0522
110 45.2328
115 44.7
120 44.6795
125 44.6933
130 44.7119
135 44.7005
140 44.6703
145 44.7018
150 44.6751
155 44.6866
160 44.6867
165 44.6753
170 44.6901
175 44.6442
180 44.6872
200 37.239
205 37.2438
210 37.2356
225 36.1935
230 37.9326
250 37.2581
255 37.2515
260 37.894
275 37.2558
280 37.2085
285 36.5606
305 37.2223
310 37.869
330 37.2586
335 37.0873
355 37.2451
360 37.2093
370 37.2518
380 37.2252
385 36.4367
395 37.2308
405 37.2403
410 36.5439
420 37.2501
430 37.2497
435 36.4517
445 37.113
455 37.2529
460 36.6576
480 37.257
485 36.4296
505 37.2302
510 37.1492
515 37.808
530 37.2162
535 36.947
540 38.054
555 37.2333
560 37.0363
565 37.9344
585 37.2285
590 37.1241
10 44.112
15 44.1584
20 44.7259
25 45.0803
30 44.5956
35 44.7398
40 44.7043
45 44.7752
50 44.1036
55 44.0309
60 44.7749
65 44.7537
70 44.6917
75 44.7619
80 43.3516
85 46.1964
90 44.7819
95 44.7342
100 44.032
105 43.648
110 45.623
115 44.744
120 44.7044
125 44.0298
130 44.0007
135 45.258
140 44.7095
145 44.7114
150 44.6932
155 43.938
160 45.3875
165 44.7163
170 44.749
175 44.7035
180 43.9714
195 37.2614
205 34.6457
210 38.6368
220 37.3025
230 34.9063
245 37.3757
255 34.4147
260 39.2957
270 37.9486
280 35.6139
285 38.5903
305 35.7002
310 38.5021
330 35.7073
335 38.526
355 35.0825
360 37.7491
380 35.8634
385 38.6759
410 38.8468
430 36.6062
435 36.5964
450 37.2924
460 36.3536
475 37.2931
485 36.4811
500 37.2853
510 36.4769
515 38.1326
525 37.958
535 36.4866
540 38.004
550 37.2897
560 37.2933
565 37.924
585 37.1928
590 37.3104
145 44.6401
150 44.9997
155 44.6924
160 44.7056
165 44.6417
195 37.8679
205 38.1885
230 36.4389
235 37.833
255 37.1888
260 35.8112
285 37.1992
305 37.2064
355 37.1952
380 37.199
385 35.6685
435 36.4027
475 37.1907
485 36.4051
490 38.0459
500 37.2437
535 36.4074
540 37.3136
585 37.981
590 36.4051
20 44.747
25 44.7434
30 44.7228
35 45.0785
40 44.7701
45 44.7294
50 44.8325
55 44.4782
60 45.003
65 44.7429
70 44.3984
75 44.4339
80 43.7601
85 45.7187
90 44.7081
95 44.7706
100 45.0479
105 45.042
110 44.4821
115 44.7122
120 44.713
125 44.7407
130 44.6121
135 44.8653
140 44.7535
145 44.7604
150 44.733
155 44.0753
160 45.3516
165 44.7176
170 44.7009
175 44.6739
180 44.7252
185 37.6713
195 37.1922
205 37.8557
210 37.8769
220 37.1877
230 37.8241
235 37.3558
245 37.3362
255 36.4803
260 37.9955
270 37.9471
280 37.2974
285 36.6031
295 37.3072
305 36.494
310 37.9785
330 36.5028
335 37.9535
355 37.2933
360 37.2844
380 37.1644
385 36.7076
390 36.3807
405 37.8995
410 37.495
415 37.0868
430 37.2796
435 36.6223
440 37.9464
455 37.3128
460 36.7024
465 37.8529
485 36.494
490 38.1207
500 37.2733
510 37.4132
515 37.8313
525 37.4133
535 37.909
540 38.107
550 37.266
560 37.2974
565 38.0293
575 37.2903
585 36.5042
590 37.9902
600 37.2938
5 29.6605
10 42.53
15 44.7224
20 44.7291
25 44.6447
30 44.691
35 44.9797
40 44.7062
45 44.0377
50 44.0222
55 44.7038
60 44.7361
65 44.6928
70 44.7143
75 44.6891
80 44.315
85 44.7217
90 44.7006
95 44.6459
100 44.6892
105 44.6953
110 44.7383
115 44.9843
120 44.6977
125 44.6706
130 44.7013
135 44.6976
140 44.6796
145 44.6606
150 44.7587
155 44.7024
160 44.6515
165 44.6809
170 44.6755
175 44.7198
180 44.0167
185 29.2169
205 29.4413
210 28.918
230 29.7181
235 29.1906
255 29.1949
260 29.2183
280 29.192
285 28.9129
305 29.1628
310 28.9116
330 29.1865
335 28.3167
355 29.2175
360 28.898
375 29.2107
380 28.9122
385 28.5951
400 29.2059
410 28.6308
425 29.2155
435 28.8946
450 29.4866
460 29.2217
475 29.1899
485 28.5743
490 29.479
510 29.6985
515 29.736
535 28.9067
540 29.7501
560 29.1928
565 29.1914
585 29.2111
590 29.1924
5 36.5358
10 44.9943
15 44.7146
20 44.0132
25 44.7005
30 44.3435
35 44.7045
40 44.6832
45 43.9963
50 44.7056
55 44.9924
60 44.7099
65 43.9989
70 44.6832
75 44.0214
80 44.7368
85 44.6133
90 44.6694
95 44.6676
100 44.6678
105 44.6553
110 44.1268
115 45.299
120 44.6662
125 44.0075
130 45.0472
135 43.7098
140 44.0195
145 44.6684
150 44.7585
155 44.6234
160 44.7665
165 44.7212
170 44.7243
175 44.6987
180 44.3558
195 29.1597
200 29.1705
205 28.6152
220 29.1892
230 28.5736
235 29.7398
245 29.1739
255 28.2748
260 29.7194
270 29.1682
280 28.591
285 29.7138
295 29.2365
305 28.5723
310 29.7258
330 28.5929
5 0
10 40.0628
15 45.5008
20 44.7058
25 44.7006
30 44.7103
35 44.6885
40 44.7049
45 44.656
50 44.5824
55 44.7415
60 44.6603
65 44.7599
70 44.6881
75 44.2997
80 44.3796
85 45.2927
90 44.7063
95 44.7125
100 43.3074
105 44.9542
110 45.0761
115 44.7055
120 44.7126
125 44.7115
130 43.9878
135 45.4277
140 45.0085
145 45.007
150 44.6572
155 44.3249
160 44.9873
165 44.7137
170 44.6804
175 44.7041
180 43.5862
185 37.746
195 37.2353
205 36.4541
210 37.9186
220 37.2374
230 38.078
235 37.9722
240 37.2579
245 37.26
255 36.5514
260 37.8874
265 35.875
270 37.9734
280 37.2617
285 37.3174
290 37.1684
305 36.7097
310 37.8705
315 36.2193
330 37.2612
335 37.4589
340 37.026
355 36.7015
360 36.6698
365 37.0369
380 37.2582
385 36.7937
390 37.7362
405 37.1532
410 36.8248
415 37.7908
435 36.573
440 37.8681
450 37.2407
455 36.5934
460 37.3841
465 37.8066
475 37.2724
480 37.5184
485 36.3326
490 37.8755
500 37.2838
510 36.5569
515 37.8638
525 37.0622
535 36.6868
540 37.9525
560 36.6876
565 37.8767
585 37.3377
590 37.3177
20 44.5846
25 42.7765
30 44.9748
35 44.5678
40 44.9134
45 44.604
50 44.6256
55 44.3712
60 44.9048
65 44.6414
70 44.8813
80 44.6126
85 44.8498
90 44.5963
95 44.6024
100 44.6357
105 44.7191
110 44.001
115 44.6161
120 44.6004
125 44.612
140 44.6154
145 44.6302
150 44.6225
155 44.93
160 44.3156
165 43.9327
170 43.9756
185 37.7612
195 37.2038
205 36.4116
225 37.2189
230 37.1094
285 36.4847
310 36.5141
330 36.5199
355 36.4117
360 37.215
375 37.2174
385 36.275
405 34.7748
410 38.3198
425 37.0939
430 37.2082
435 36.5393
455 37.0323
460 37.275
475 37.2006
485 37.1061
490 37.3184
510 37.1833
515 36.4798
535 37.1759
540 37.9521
565 36.5237
585 29.873
55 43.4306
60 45.9558
65 45.0133
70 44.6579
75 44.6471
80 44.619
85 44.64
90 44.6871
95 44.6446
100 44.6399
105 44.6549
110 44.6067
115 45.0047
120 44.675
125 44.6666
130 44.6487
135 44.6481
140 43.9882
145 44.6218
150 44.6534
155 43.9754
160 45.2829
165 44.6756
170 44.6862
175 44.7044
180 44.2282
195 29.2241
205 29.1737
220 29.1664
230 28.588
235 29.7119
245 29.1864
255 28.5771
260 29.5047
270 29.1861
280 28.663
285 29.7173
310 29.7489
325 28.9312
330 28.885
335 29.7306
340 29.1907
360 29.1977
375 28.8938
385 29.2112
400 29.1878
405 29.1894
410 28.9075
415 29.1796
425 29.1811
430 29.1937
435 29.1739
440 28.6135
460 29.1558
475 29.2205
485 29.1882
490 28.9576
500 29.1622
510 28.5443
515 29.5248
525 29.1922
535 28.6326
540 29.7509
550 29.1853
565 29.4661
590 29.7348
5 43.8761
10 44.6533
15 44.6664
20 44.6767
25 44.6459
30 44.6697
35 43.9628
40 44.6916
45 44.6907
50 44.6752
55 44.0364
60 44.6308
65 44.6561
70 43.9649
75 44.6424
80 44.6793
85 44.6594
90 44.651
95 44.6818
100 44.6531
105 44.6378
110 44.2302
115 45.0042
120 44.647
125 44.6647
130 44.6283
135 44.6464
140 44.6646
145 44.619
150 44.6599
155 44.6269
160 44.0228
165 44.6425
170 44.624
175 44.6821
180 44.0268
200 37.2475
205 37.0474
225 37.2565
230 36.4519
255 36.4289
270 37.246
280 37.1643
295 37.2215
305 37.2592
310 37.237
320 37.9001
330 36.4552
335 37.933
345 36.5512
355 37.2569
360 36.3457
370 37.1424
380 36.4491
385 37.937
405 35.7358
410 38.567
430 35.8108
435 38.3482
455 36.6904
460 37.7708
480 37.2497
485 37.1153
505 37.1311
510 37.2716
535 36.3325
550 37.2449
560 36.6587
575 37.2511
585 36.3415
600 37.2294
5 36.2406
10 43.9956
15 44.6915
20 44.7004
25 44.711
30 44.6979
35 44.761
40 44.7201
45 44.7169
50 44.7229
55 44.7214
60 44.7119
65 44.705
70 44.6967
75 44.7127
80 44.6728
85 44.7425
90 44.6782
95 44.7039
100 44.6684
105 44.6872
110 44.7352
115 44.7011
120 44.696
125 44.6572
130 43.4412
135 44.6838
140 44.9476
145 44.6766
150 44.7334
155 45.2532
160 44.6981
165 44.6917
170 44.6559
175 44.6933
180 44.7477
195 29.1948
205 29.1659
220 28.581
230 29.1825
235 29.1867
245 29.1615
255 28.5776
260 29.4154
285 29.7069
310 29.7019
330 28.5986
335 29.7287
350 28.2432
355 29.9208
360 29.1798
365 29.1781
375 27.9464
380 29.7126
385 29.4412
390 29.1464
405 29.4398
410 29.1947
425 29.1465
435 29.1813
450 29.1535
455 29.162
460 28.8472
475 29.1525
485 29.1565
490 29.1637
510 28.8967
525 29.1679
535 29.1639
550 28.6008
560 28.5791
565 29.7211
575 29.1876
585 28.5836
590 29.7003
5 43.8818
10 43.9486
15 43.9496
25 44.622
30 44.0389
35 44.6299
40 44.6446
45 44.6359
50 44.6198
55 44.6067
60 44.6284
65 44.6312
70 44.6869
75 44.6104
80 44.6294
85 44.6701
90 44.6377
95 44.6704
100 44.6039
105 44.2901
110 44.5715
115 44.6328
120 44.6808
125 44.6445
130 43.0887
135 45.2927
140 44.5682
145 43.9431
150 44.9406
155 43.9187
160 45.3289
165 44.9881
170 43.7182
175 43.9604
180 44.1877
200 29.1161
205 29.1011
220 29.1486
230 29.1297
235 28.8653
245 29.1381
255 28.199
260 29.6655
270 29.1285
280 29.1269
285 28.8434
295 29.1166
305 29.1467
310 29.1375
330 29.1301
335 29.1423
355 29.1341
360 29.146
380 28.5195
385 29.6792
405 29.157
410 29.6885
430 29.1511
435 29.13
455 29.1452
460 29.6567
485 28.8759
500 29.1374
510 29.1467
525 29.1418
535 28.8292
550 28.8574
10 44.0842
15 44.6276
20 44.6956
25 44.7096
30 44.6723
35 44.6441
40 44.6257
45 44.6669
50 44.6777
55 44.739
60 44.6827
65 44.6904
70 44.6925
75 44.7029
80 44.6603
85 44.7141
90 44.7224
95 44.7062
100 44.6508
105 44.3387
110 45.2131
115 44.3335
120 44.7034
125 44.6914
130 44.3698
135 44.4348
140 45.3183
145 44.7095
150 44.6984
155 44.3494
160 44.6098
165 45.0937
170 44.6989
175 44.7021
180 44.6745
185 37.2395
205 35.5735
210 38.6566
5 45.9102
10 44.3903
15 44.6401
20 44.6262
25 44.6476
30 44.6645
35 44.6939
40 43.9796
45 44.673
50 44.6496
55 44.6538
60 44.6636
65 44.6475
70 44.6617
75 44.6906
80 44.0328
85 45.2505
90 44.6748
95 44.6915
100 44.6806
105 44.3001
110 44.9737
115 44.6447
120 44.639
125 43.9834
130 43.3164
135 45.8575
140 44.6556
145 44.6394
150 44.6567
155 44.0506
160 45.2847
165 44.6813
170 44.6831
175 44.748
180 44.2688
200 37.2418
205 35.6914
225 35.5953
230 37.3516
245 37.2454
255 36.4355
270 36.5579
280 35.5633
295 36.5666
305 35.7905
310 38.4249
320 37.2509
330 35.395
335 38.0375
355 35.6594
360 38.5052
380 34.7272
385 38.4621
405 37.2371
410 37.2712
430 37.2643
435 37.2516
455 35.6953
460 37.853
485 37.7642
500 37.2304
510 37.9473
525 37.1508
535 36.4502
550 37.231
555 36.4417
560 37.2594
565 37.9525
575 37.9073
585 37.2546
590 37.1882
600 37.2568
5 36.4559
10 44.0307
15 44.6803
20 44.6951
25 44.685
30 44.6809
35 45.0486
40 44.7106
45 44.6582
50 44.6933
55 44.1146
60 44.0313
65 44.0272
70 44.668
75 44.6881
80 44.7073
85 44.732
90 43.3239
95 44.0143
100 44.6816
105 44.0599
110 44.0107
115 44.9666
120 44.6958
125 44.6939
130 44.0774
135 44.7185
140 44.6921
145 44.6805
150 44.6752
155 44.7065
160 45.0425
165 44.0055
170 44.2995
175 44.7027
180 44.6688
205 29.179
230 29.7091
245 29.203
250 29.1842
255 28.6338
270 29.2174
280 28.8807
295 29.2147
305 29.2129
310 29.7562
320 29.2192
330 29.2004
335 29.1717
345 29.1945
355 29.2233
360 29.2064
380 29.2161
385 29.1965
405 29.1995
410 29.4879
430 28.2707
435 29.971
455 28.8979
460 29.1574
480 28.5937
485 29.9775
510 29.1712
535 29.4788
550 29.1967
560 28.6292
575 29.1953
585 28.5862
600 29.2179
5 36.4433
10 44.0192
15 44.655
20 44.6452
25 44.6878
30 44.6417
35 44.6811
40 44.661
45 44.6465
50 44.6353
55 44.6341
60 44.6221
65 44.2695
70 44.6039
75 44.6283
80 44.6104
85 44.6621
90 44.614
95 43.9633
100 44.6247
105 44.6278
110 44.6339
115 44.6264
120 44.6373
125 44.6492
130 44.6229
135 43.9652
140 44.6277
145 44.6597
150 44.6481
155 43.9586
160 44.6887
165 45.1751
170 44.645
175 44.5955
180 44.5639
200 37.2608
205 37.2022
230 36.4821
250 36.4493
255 37.7873
270 37.2572
275 35.8659
280 38.6121
295 37.1475
305 38.706
320 37.273
330 34.8592
335 38.489
345 37.9159
355 37.2242
360 37.1046
370 37.2246
380 36.463
385 38.0685
395 37.9032
405 37.2512
410 37.2694
430 37.251
435 37.2551
455 37.2119
460 36.5568
480 37.2292
485 37.2432
505 37.3645
510 37.0346
530 37.2522
535 37.3518
555 37.2588
560 37.3321
580 34.6917
585 39.4562
5 45.1233
10 44.6354
15 44.6818
20 44.6816
25 45.0113
30 44.617
35 44.6683
40 44.7019
45 44.6681
50 44.664
55 43.9829
60 45.3138
65 44.6869
70 44.661
75 44.6401
80 44.3129
85 44.6322
90 44.6495
95 44.6895
100 44.6776
105 44.6549
110 44.3027
115 44.6931
120 44.6541
125 44.6729
130 44.6365
135 44.0856
140 45.2822
145 44.6766
150 44.6594
155 44.661
160 44.6598
165 44.6598
170 44.6383
175 44.6371
180 44.9985
185 37.1147
190 37.2852
205 37.2912
210 37.2457
215 37.26
235 37.9503
240 36.5909
250 36.4623
260 37.2748
265 36.4914
280 37.1652
285 36.6739
290 37.8821
305 35.8941
310 38.7236
315 37.2765
320 37.2418
330 36.5576
335 36.6779
340 37.1804
345 37.1564
355 37.2663
360 36.6818
365 37.1842
370 37.2958
385 36.2441
390 37.918
395 37.2626
400 37.1758
410 36.4865
415 37.7317
420 37.2832
