5 43.6737
10 43.681
15 43.669
20 43.6816
25 43.6838
30 43.6837
35 43.6653
40 43.6644
45 43.725
50 42.9966
55 44.2831
60 43.7232
65 43.6554
70 43.6973
75 42.3182
80 44.3249
85 44.3297
90 43.6727
95 43.6512
100 43.6648
105 43.5714
110 43.4288
115 44.3703
120 43.7244
125 43.6904
130 43.6257
135 43.7051
140 43.7196
145 43.692
150 43.6782
155 43.7203
160 43.6781
165 43.7057
170 43.6738
175 43.6725
180 43.6935
195 34.0772
200 37.5551
5 42.158
10 43.4834
15 43.7047
20 43.7337
25 43.7244
30 43.6841
35 43.7238
40 43.7079
45 43.6728
50 43.7175
55 43.6782
60 43.7102
65 43.7266
70 43.7055
75 43.6832
80 43.6964
85 43.715
90 43.6737
95 43.7064
100 42.9741
105 43.9041
110 44.0732
115 43.6957
120 43.6848
125 43.6802
130 43.0775
135 44.2306
140 43.6893
145 43.7207
150 43.7035
155 43.0887
160 44.2761
165 43.7086
170 43.7192
175 43.7081
180 43.328
185 30.5837
200 28.5738
205 28.0053
210 29.0976
230 28.0041
235 29.0988
245 28.5665
255 27.9893
260 29.0718
270 28.5477
280 27.998
285 29.0528
295 28.5919
305 28.0141
310 29.0818
320 28.5652
330 28.0235
335 29.0801
345 28.5866
355 27.9878
360 29.0888
380 28.324
385 29.0834
405 28.561
410 28.5935
430 28.557
435 28.5516
455 28.5818
460 28.3125
480 28.5784
485 28.2766
505 28.5734
510 27.9877
515 29.0946
530 28.545
535 28.0003
540 29.0993
555 28.3176
560 28.289
565 29.0705
575 28.5571
585 28.0078
590 29.0805
600 28.5597
5 35.4783
10 43.743
15 43.7634
20 43.7794
25 43.7653
30 43.7696
35 43.7511
40 43.768
45 43.7174
50 43.725
55 43.7454
60 43.7422
65 43.7577
70 43.76
75 43.7707
80 43.7372
85 43.7738
90 43.7658
95 43.7845
100 43.7378
105 43.7526
110 43.7556
115 43.7792
120 43.7904
125 43.7516
130 43.7521
135 43.769
140 43.6943
145 43.7433
150 43.7654
155 43.7806
160 43.0359
165 44.4152
170 43.7424
175 43.7718
180 43.77
185 36.099
205 35.994
210 36.6626
235 36.6206
260 35.8878
275 36.6446
285 35.8847
300 36.6548
310 37.3838
325 36.6435
335 35.8673
340 37.3123
350 37.4066
360 38.2234
365 37.3453
375 36.6455
385 37.8904
390 37.3311
400 37.3697
410 35.8486
415 37.3032
435 36.6582
440 35.9906
460 36.5783
465 35.8637
485 36.6547
490 35.8449
510 36.6348
515 36.0109
540 35.88
565 35.8596
585 36.6599
590 35.8651
5 28.682
10 41.6742
15 43.6668
20 43.6699
25 43.6969
30 43.6948
35 43.6368
40 43.6622
45 43.0058
50 44.3449
55 43.3025
60 43.9469
65 43.6981
70 43.6926
75 43.6508
80 43.3092
85 43.9552
90 43.6736
95 43.6792
100 43.6625
105 43.7026
110 43.7053
115 43.7277
120 43.6704
125 43.6665
130 42.9512
135 44.2536
140 43.6767
145 43.6841
150 43.6935
155 43.2644
160 44.0124
165 43.697
170 43.7009
175 43.6492
180 43.6164
185 37.6482
205 36.6427
210 36.6201
230 36.6337
235 35.9402
255 35.9345
260 36.4508
280 35.1249
285 37.3642
305 35.1142
310 37.3257
325 36.6321
335 37.3522
350 36.6367
360 36.5909
365 37.2863
375 36.6356
385 35.8774
400 36.653
410 37.1593
425 37.2754
435 36.6448
460 36.6479
465 35.9983
485 36.6155
490 36.4836
510 36.642
515 36.5185
535 36.6201
540 35.7391
560 36.6589
565 36.5167
585 36.6302
590 35.8648
5 44.0075
10 43.6887
15 43.6656
20 43.6789
25 43.7162
30 43.7106
35 43.7517
40 43.7129
45 43.692
50 43.6995
55 43.6915
60 43.7025
65 43.7185
70 43.7091
75 43.7086
80 43.714
85 43.7212
90 43.6953
95 43.7089
100 43.7359
105 43.3637
110 44.0269
115 43.6868
120 43.7158
125 43.7388
130 43.0807
135 44.3264
140 43.7239
145 43.6819
150 43.7273
155 43.0693
160 44.3441
165 43.7225
170 43.707
175 43.6973
180 43.3406
200 35.9176
205 36.556
220 36.6053
225 35.2193
230 37.2516
245 36.615
255 36.4309
270 36.6192
280 37.4032
285 36.6101
295 36.6353
305 37.1305
310 37.2834
320 36.5474
330 35.8536
335 37.2916
345 37.363
355 35.8303
360 37.3166
380 35.8428
385 37.2938
405 36.6232
410 36.641
430 36.6166
435 35.9459
455 36.6277
460 36.6318
480 36.6238
485 35.9206
505 36.6077
510 35.8479
535 36.5725
550 36.7424
560 35.6014
575 36.6134
585 35.8324
600 36.6267
10 43.814
15 43.7904
20 43.8225
25 43.774
40 43.7869
45 43.3987
50 44.1786
60 43.7901
65 43.7667
70 43.7581
75 43.0083
80 43.7287
85 44.4478
90 43.7797
95 43.8087
100 43.7978
105 43.1861
110 44.4153
115 43.7736
120 43.8313
125 43.7777
130 43.4572
135 44.0887
140 43.8275
145 43.8019
150 44.0666
155 43.4619
160 44.0888
165 43.7982
170 43.8217
175 43.7902
185 37.1188
205 35.9475
210 37.3818
235 37.3832
255 35.9221
260 37.389
265 36.6193
280 36.6349
285 37.4005
290 36.7133
305 37.3256
310 37.3649
315 35.8988
335 37.3784
340 36.6797
360 37.4178
365 36.7329
370 36.7004
385 36.7695
390 36.7069
415 37.3737
420 36.7064
440 36.765
465 37.2357
490 37.3743
495 36.6761
515 37.3889
535 35.9155
540 37.372
555 36.7178
560 35.9125
565 37.3975
570 36.6991
585 35.9171
590 37.3895
595 36.6779
5 35.2979
10 44.0153
15 43.7589
20 44.0572
25 43.7311
30 43.7616
35 43.7224
40 43.7281
45 43.7624
50 43.7209
55 43.113
60 44.3857
65 43.7132
70 43.7204
75 43.7211
80 43.0754
85 44.384
90 43.7319
95 43.7351
100 43.7132
105 43.7387
110 43.1176
115 44.4036
120 43.7353
125 43.7493
130 43.7698
135 43.7531
140 43.7262
145 43.7576
150 43.7309
155 43.7362
160 43.7488
165 43.7312
170 43.7458
175 43.7
180 43.7431
185 28.5711
205 28.5974
210 28.592
230 28.8471
235 28.5764
255 28.8843
260 28.8829
280 27.3188
285 29.7888
305 28.5754
310 28.8728
330 28.3458
335 29.0767
355 28.5906
360 28.843
380 28.5912
385 28.3301
400 28.303
410 27.994
425 28.5737
435 28.5881
450 28.5751
460 29.3408
475 28.6018
485 28.0147
490 29.1133
500 28.5806
510 28.013
515 29.1198
535 28.0387
540 29.5508
560 28.0272
565 29.102
585 28.5762
590 28.8425
10 40.7077
15 44.3611
20 43.7818
25 43.7556
30 43.7765
35 43.7574
40 43.7602
45 43.7949
50 43.8154
55 43.763
60 43.7893
65 43.7716
70 43.7477
75 43.8178
80 43.0524
85 44.5027
90 43.8426
95 43.7901
100 44.0725
105 42.8212
110 44.7195
115 43.7999
120 43.7604
125 43.7642
130 43.0919
135 44.4548
140 43.7655
145 43.7672
150 43.7491
155 43.6611
160 43.911
165 43.7721
170 43.8049
175 43.7595
180 43.4235
195 36.6509
205 37.2498
210 37.2567
220 36.6921
230 37.4867
245 37.3034
255 35.9148
260 37.3724
270 36.6758
280 36.7232
285 37.3497
305 36.6647
310 35.9702
330 36.6752
335 36.625
355 36.7038
360 36.6453
380 36.6512
385 36.4802
405 36.6808
410 35.7551
435 36.111
450 36.6819
460 35.8631
475 36.6826
485 35.8923
490 37.3661
500 36.6748
510 35.8882
515 37.3209
525 36.6551
535 35.8809
540 37.4378
550 35.7983
560 35.9114
565 37.3399
585 35.8896
590 37.4403
20 43.6734
25 43.0735
30 43.9845
35 43.4917
40 43.0798
45 44.3376
50 43.7368
55 43.3073
60 44.0438
65 43.6995
70 43.7068
75 43.7123
80 43.7568
85 43.7359
90 43.737
95 43.7159
100 43.7224
105 42.9297
110 44.2741
115 43.727
120 43.7058
125 43.7397
130 43.665
135 43.722
140 43.7296
145 43.6959
150 43.7555
155 43.3311
160 44.0759
165 43.6975
170 43.7064
175 43.7272
180 43.691
185 29.0729
195 28.5654
205 28.0033
210 29.109
230 28.0314
235 29.0998
255 28.2676
260 28.8313
280 28.556
285 28.3103
305 27.664
310 28.877
330 28.5354
335 27.9896
345 28.5605
355 28.5519
360 28.0042
385 27.9875
400 28.3002
410 28.0012
425 28.5931
435 27.9901
450 28.5769
460 28.0164
475 28.5497
485 27.9934
490 28.8508
500 28.8693
510 28.5759
515 28.5731
535 27.9793
540 29.0964
560 28.5819
565 28.3047
585 28.5844
590 28.5506
20 42.2749
25 44.7996
30 44.0856
35 43.4947
40 43.7947
45 44.0601
50 44.1306
55 43.7687
60 43.8256
65 43.7987
70 43.8051
75 43.8047
80 43.4625
85 44.1149
90 43.7641
95 43.8264
100 43.4254
105 43.5044
110 44.4728
115 43.7681
120 43.7688
125 43.7965
130 42.8696
135 44.6533
140 43.8093
145 43.8162
150 43.7889
155 43.4024
160 44.157
165 43.7735
170 43.7567
175 43.7298
180 43.1458
185 37.3687
195 36.6766
205 35.8983
210 37.3305
220 36.6769
230 37.2639
235 37.353
245 36.7256
255 37.2348
260 37.3658
270 36.6787
280 35.1675
285 38.0269
295 36.6967
305 35.9052
310 36.6868
330 35.9141
335 37.324
355 36.6828
360 36.7668
365 36.5637
380 36.6773
385 36.849
390 36.4892
405 36.6716
410 36.6599
415 36.7162
430 36.6691
435 36.0999
440 37.3093
460 35.7611
465 37.5435
485 37.3571
490 36.659
500 36.6627
510 36.122
515 37.2106
525 36.6788
535 37.3587
540 37.3498
550 35.973
560 35.9104
565 37.3531
575 36.6798
585 35.9156
590 37.3607
600 36.6832
5 0
10 43.5125
15 43.7515
20 43.754
25 43.7006
30 43.711
35 43.7889
40 43.7621
45 43.7623
50 43.7462
55 43.7597
60 43.7919
65 43.7487
70 43.7703
75 43.7449
80 43.7903
85 43.7776
90 43.7564
95 43.7019
100 43.7451
105 43.7512
110 43.769
115 43.7363
120 43.7534
125 43.7264
130 43.7549
135 43.7555
140 43.7356
145 43.7165
150 43.7816
155 43.7587
160 43.7116
165 43.7367
170 43.7315
175 43.7758
180 43.7399
185 29.1434
205 28.3083
210 28.8913
230 28.607
235 28.6164
255 28.6325
260 28.6364
280 28.6178
285 28.3455
305 28.5887
310 28.6384
330 28.6123
335 28.623
355 28.6434
360 28.3423
375 28.3519
380 28.888
385 28.0453
400 28.6317
405 28.642
410 28.0811
425 28.6412
435 28.0392
450 28.6355
460 35.1332
475 37.2892
485 35.8375
490 37.3934
510 35.9447
515 37.3303
535 36.6222
540 36.7465
560 36.7621
565 36.5782
585 36.6348
590 36.0553
5 29.136
10 41.9257
15 43.7704
20 43.7384
25 43.7562
30 43.7398
35 43.7604
40 43.7392
45 43.72
50 43.7625
55 43.7499
60 43.7657
65 43.7234
70 43.7391
75 43.7477
80 43.0662
85 44.3398
90 43.7252
95 43.7234
100 43.7237
105 43.4277
110 44.0631
115 43.7115
120 43.722
125 43.7314
130 43.0629
135 44.3528
140 43.7452
145 43.7243
150 43.7489
155 43.3864
160 44.0821
165 43.7401
170 43.7803
175 43.7546
180 43.734
195 36.5941
200 35.2495
205 37.2549
220 36.6464
230 35.8544
245 36.6221
255 35.8649
260 37.2857
270 36.614
280 36.432
285 37.2985
295 36.6712
305 37.4286
310 37.3145
330 35.8622
335 37.3025
355 35.8626
360 37.3269
380 37.2748
385 36.6463
5 0
10 43.4974
15 43.7566
20 43.7618
25 43.7529
30 43.7709
35 43.7443
40 43.7609
45 43.7118
50 43.6399
55 43.6999
60 43.7846
65 43.7831
70 43.7441
75 43.0155
80 43.9413
85 44.0936
90 43.7624
95 43.7683
100 43.7313
105 43.0512
110 44.4878
115 43.7281
120 43.7686
125 43.7674
130 44.0126
135 43.7844
140 43.7237
145 43.7603
150 43.713
155 43.7722
160 43.6932
165 43.7696
170 43.7362
175 43.7601
180 43.2807
185 29.7476
195 28.5893
205 28.0206
210 29.0986
220 28.5976
230 28.0549
235 29.1518
245 28.6285
255 28.3121
260 28.8865
265 28.6047
270 28.6517
280 28.629
285 29.107
290 28.0732
305 28.626
310 28.8886
315 27.717
330 28.6218
335 28.8764
340 28.0372
355 28.6245
360 29.1341
365 28.0367
5 0
10 43.2218
15 43.6387
20 43.6405
25 43.6704
30 43.2645
35 44.0012
40 43.6688
45 43.6599
50 43.6814
55 43.0857
60 44.2503
65 43.6971
70 43.6401
75 43.6249
80 43.5941
85 43.6323
90 43.6523
95 43.6583
100 43.6918
105 43.7288
110 43.666
115 43.6422
120 43.6561
125 43.6677
130 43.7028
135 43.6813
140 43.6713
145 43.686
150 43.6785
155 43.9875
160 43.37
165 43.656
170 43.702
175 43.653
180 43.9643
185 36.4136
195 36.5933
205 36.5913
210 36.5874
230 36.504
235 36.7384
255 36.5767
260 36.663
280 36.5922
285 35.9782
305 36.609
310 36.0356
330 36.5942
335 35.8073
355 35.0911
360 37.2277
375 36.607
385 36.6194
400 36.6038
410 35.8467
425 36.5746
435 36.5126
450 36.5978
460 35.7996
465 37.9269
475 36.5902
485 36.7288
490 37.2132
510 36.5728
515 36.6453
535 36.5654
540 37.1978
560 36.5
565 37.3276
585 36.6212
590 35.7809
5 43.7255
10 43.7143
15 43.6706
20 43.7012
25 43.7341
30 43.7247
35 43.7161
40 43.6988
45 43.6914
50 43.7443
55 43.7163
60 43.7528
65 43.7684
70 43.7139
75 43.703
80 43.6749
85 43.666
90 43.7088
95 43.7006
100 43.6959
105 43.9856
110 43.4395
115 43.7123
120 43.7307
125 43.7226
130 43.7047
135 43.7346
140 43.7111
145 43.6777
150 43.7093
155 43.7016
160 43.6944
165 43.0604
170 44.3524
175 43.7268
180 43.6991
200 36.653
205 35.9578
225 35.2399
230 37.1189
255 35.8396
270 36.6245
275 36.5467
280 35.9979
295 36.616
305 37.1105
310 37.3229
320 36.6225
330 36.636
335 36.6287
345 36.6174
355 35.9605
370 36.6374
380 36.6325
385 36.6392
405 36.6295
410 36.6364
430 36.6449
435 36.5187
455 36.431
460 36.7938
480 36.6229
485 36.5442
505 36.6197
510 35.8225
530 35.2644
535 37.2712
560 35.7031
585 35.8618
600 36.6098
5 35.3825
10 43.7092
15 43.7223
20 43.7326
25 43.7018
30 43.7256
35 43.6892
40 43.7474
45 43.7465
50 43.7312
55 43.6821
60 43.6866
65 43.7118
70 43.6936
75 43.7387
80 43.7343
85 43.6854
90 43.7068
95 43.7722
100 43.7089
105 43.6939
110 43.6645
115 43.7127
120 43.6677
125 43.7092
130 43.6919
135 43.7023
140 43.7205
145 43.6749
150 43.7117
155 43.6836
160 43.7143
165 43.6983
170 43.6799
175 43.738
180 43.7426
200 36.6371
205 35.8472
225 36.646
230 35.972
255 35.8402
270 36.7647
280 35.8564
295 36.6111
305 36.3005
310 37.3229
320 36.6287
330 37.9955
335 36.7159
345 36.6251
355 35.8673
360 37.3285
370 36.6297
380 36.5396
385 36.7214
405 36.6354
410 36.6586
430 36.6185
435 36.6439
455 36.6465
460 36.6297
465 35.8524
480 35.1374
485 37.9622
505 36.6167
510 36.6616
535 37.2929
550 36.6343
560 35.8301
575 36.6405
585 35.9778
590 37.2394
600 36.6187
5 43.7428
10 43.7274
15 43.7474
20 43.7565
25 43.7669
30 43.7538
35 43.7859
40 43.776
45 43.7727
50 43.7787
55 43.7772
60 43.7677
65 43.7609
70 43.7525
75 43.7685
80 44.0025
85 43.7984
90 43.7341
95 43.7599
100 42.9921
105 44.295
110 43.7911
115 43.757
120 43.7519
125 43.7105
130 43.7501
135 43.7397
140 43.7056
145 43.7325
150 43.7892
155 43.7481
160 43.7541
165 43.7476
170 43.7118
175 43.7495
180 43.7656
195 28.6207
205 28.6056
220 28.0209
225 28.8598
230 28.6223
235 28.8679
245 28.5874
255 28.0277
260 29.077
280 27.6752
285 29.3272
305 28.3218
310 29.106
330 28.0487
335 29.1328
360 28.3337
365 28.604
380 28.0225
385 29.0993
390 28.0191
400 28.2817
405 28.86
410 28.605
425 28.5724
435 28.6071
440 28.5915
450 28.5793
455 28.5877
460 28.5581
475 28.5784
480 28.6029
485 28.5965
500 28.579
510 28.3214
515 28.869
525 28.5938
535 28.3193
540 28.8695
550 28.6028
555 28.3311
560 28.0294
565 29.1253
575 28.6133
585 28.6117
590 29.1044
5 42.165
10 44.6728
15 43.6792
20 43.6536
25 43.6777
30 43.6553
35 43.7204
40 43.7004
45 43.6918
50 43.6384
55 43.6627
60 43.6843
65 43.6869
70 43.743
75 43.6713
80 43.7147
85 43.6925
90 43.6934
95 43.6905
100 43.6599
105 42.9772
110 44.3812
115 43.6887
120 43.699
125 43.7005
130 42.7418
135 43.8592
140 44.2618
145 43.6732
150 43.6555
155 41.8246
160 45.1373
165 43.7006
170 43.7437
175 43.6868
180 42.9977
200 38.1366
205 35.8039
220 36.626
230 34.1775
245 36.6052
255 34.9283
260 37.944
270 36.5996
280 35.7105
285 37.3695
295 36.5889
305 34.8333
310 37.5647
330 35.0754
335 37.8976
355 35.8138
360 37.2634
380 35.1898
385 38.4423
405 35.6188
410 37.3807
430 36.6086
435 36.682
455 35.2155
460 37.4834
480 36.6042
485 35.9192
500 36.5961
505 34.4177
510 37.8828
525 36.6134
535 37.7431
550 36.602
560 35.8216
575 36.6268
585 35.8354
590 37.2521
5 33.6941
10 44.059
15 43.4263
20 44.0262
25 43.7329
30 44.0657
35 43.4353
40 43.6816
45 43.7227
50 43.7337
55 42.8957
60 44.3154
65 43.7462
70 43.7484
75 43.7263
80 42.8821
85 44.3251
90 43.7465
95 43.7621
100 43.7065
105 43.3949
110 44.2794
115 43.7365
120 43.7253
125 43.7473
130 43.715
135 43.7786
140 43.7809
145 43.7654
150 43.7542
155 43.7599
160 43.1258
165 44.4837
170 43.7548
175 43.7325
180 42.1904
185 38.5375
205 35.9651
210 37.4012
230 35.9716
235 36.4103
255 35.263
260 37.2335
280 36.6297
285 35.987
300 36.6162
310 35.9742
315 37.2297
325 36.6652
335 35.7638
340 37.3863
350 37.4797
360 35.8566
375 36.6266
385 35.8607
390 37.3223
400 36.6405
410 35.8686
415 37.3154
435 36.6438
440 36.6387
460 36.6513
465 36.6441
485 36.6498
490 37.5007
510 36.6471
515 37.4566
535 36.6685
540 36.8287
560 36.653
565 36.6563
590 36.7375
5 43.7144
10 43.7336
15 43.6961
20 43.6822
25 43.7035
30 43.7204
35 43.75
40 43.7065
45 43.7289
50 43.7056
55 42.3229
60 44.9795
65 43.7034
70 43.7176
75 43.7466
80 42.6689
85 44.6189
90 43.7307
95 43.7475
100 43.7365
105 43.0309
110 43.7202
115 44.349
120 43.6949
125 43.7069
130 42.9454
135 44.378
140 43.7116
145 43.6952
150 43.7128
155 43.0035
160 44.3335
165 43.7372
170 43.7391
175 43.7656
180 42.1753
200 36.6313
205 35.0068
230 36.3826
245 36.6348
250 35.2556
255 36.5993
270 36.6311
280 34.848
285 38.0514
295 36.6393
305 35.747
310 37.3938
320 36.6404
330 34.3835
335 38.2938
355 34.1871
360 38.5764
380 34.9857
385 37.8791
405 34.2987
410 38.2987
430 35.2501
435 37.3198
455 35.9466
460 36.5349
480 36.6094
485 36.0646
500 35.9395
510 35.7298
525 36.6339
535 35.8615
550 36.6205
560 35.8477
565 37.3228
575 36.6354
585 37.3745
590 37.248
600 37.3057
10 41.7252
15 43.7362
20 43.751
25 43.741
30 43.7366
35 43.7619
40 43.7666
45 43.7141
50 43.7493
55 43.7612
60 43.7633
65 43.757
70 43.7239
75 43.737
80 43.7361
85 43.7562
90 43.7554
95 43.7441
100 43.7374
105 43.7272
110 43.741
115 43.7147
120 43.7516
125 43.7508
130 43.7723
135 43.7414
140 43.7479
145 43.7365
150 43.7309
155 43.7632
160 43.7902
165 43.7328
170 43.7397
175 43.7587
180 43.7255
200 36.6708
205 35.8762
230 35.8956
245 36.682
255 36.0278
270 36.6907
275 36.673
280 35.8848
295 36.6993
305 38.1192
320 36.6793
330 35.9139
335 37.3213
345 36.7638
355 35.9276
360 37.3508
380 36.7068
385 36.6673
405 35.9988
410 37.3498
430 36.6703
435 36.6346
455 36.6583
460 36.5251
480 36.6775
485 36.7585
505 36.648
510 36.0692
525 36.6757
530 36.668
535 36.1221
550 36.6754
560 35.8993
575 36.6572
585 35.8929
600 36.6983
5 33.1741
10 42.5502
15 43.711
20 43.7011
25 43.7438
30 43.6725
35 43.7665
40 43.7169
45 43.7023
50 43.6913
55 43.1518
60 44.3417
65 43.6998
70 43.6597
75 43.687
80 43.3976
85 44.0259
90 43.6699
95 43.693
100 43.6806
105 42.4312
110 44.9182
115 43.6823
120 43.6932
125 43.7046
130 42.703
135 44.67
140 43.6835
145 43.7155
150 43.704
155 43.3543
160 43.9452
165 43.6683
170 43.701
175 43.6513
180 43.2766
200 36.6503
205 35.7982
225 36.6181
230 35.3802
250 36.6347
255 35.8742
270 36.6467
280 35.6048
295 36.6386
305 35.2632
320 36.6625
330 34.0954
345 36.644
355 34.9498
360 37.8669
370 37.9058
380 34.8692
385 38.0424
395 36.6312
405 34.1928
410 38.5933
430 34.3172
435 38.4206
455 35.9446
460 37.8347
480 36.6187
485 36.5925
505 36.627
510 36.5363
530 35.1389
535 38.0066
555 36.6483
560 37.365
585 37.3342
5 42.032
10 39.7886
15 43.7375
20 43.7376
25 44.0686
30 43.0643
35 43.9654
40 43.7577
45 43.724
50 43.7198
55 42.948
60 44.3223
65 43.7074
70 43.7169
75 43.696
80 42.9353
85 44.3676
90 43.7054
95 43.7454
100 43.7334
105 43.2655
110 44.0329
115 43.7491
120 43.71
125 43.7288
130 43.2733
135 44.0495
140 43.733
145 43.7326
150 43.7153
155 43.3316
160 43.9948
165 43.7156
170 43.6941
175 43.693
180 43.3235
185 37.5895
190 36.6749
205 36.4615
210 38.0101
215 36.6495
235 37.3207
240 36.6648
250 36.4615
255 35.3662
260 37.8675
265 36.6755
280 35.0092
285 37.3105
290 37.3893
305 35.1435
310 37.8803
315 35.8921
335 37.4686
340 37.3259
355 36.7883
360 35.7477
5 44.1098
10 43.7242
15 43.7297
20 43.7472
25 43.7557
30 43.7503
35 43.7522
40 43.7301
45 43.7797
50 43.7445
55 43.7898
60 43.7768
65 43.7119
70 43.7445
75 43.7308
80 43.77
85 43.7474
90 43.7351
95 43.7071
100 43.7301
105 43.6718
115 44.3466
120 43.7692
125 43.6875
130 43.7544
135 43.4163
140 44.0533
145 43.7521
150 43.7496
155 43.7333
160 43.3814
165 44.0453
170 43.7629
175 43.7582
180 43.747
185 35.7704
200 36.6426
205 35.1478
210 37.358
225 36.6499
230 36.6547
235 35.8825
250 36.6542
255 36.6593
260 35.8942
280 36.6879
285 35.8774
300 36.6414
305 35.1558
310 37.3736
325 36.6814
330 36.6556
335 35.8625
350 36.6715
355 35.9935
360 36.5248
375 36.6413
380 36.6667
385 35.9049
400 36.6765
405 36.6687
410 35.8645
430 36.6404
435 36.6393
455 36.6787
460 36.6665
460 36
480 36.666
485 36.6685
490 35.9006
505 36.6891
510 36.6499
515 35.8692
535 36.6579
540 35.9054
560 36.657
565 35.8806
585 36.6527
590 35.8857
5 43.6384
10 43.7072
15 43.6586
20 43.6702
25 43.6739
30 43.6937
35 43.7124
40 43.6545
45 43.6873
50 43.6988
55 43.6824
60 43.6485
65 43.6751
70 43.6831
75 43.6898
80 43.653
85 43.6711
90 43.6956
95 43.6739
100 43.7186
105 43.693
110 43.3511
115 44.0731
120 43.688
125 43.7005
130 43.6702
140 43.6903
145 43.6703
150 43.6177
155 43.6555
160 43.424
165 44.0697
170 43.7205
175 43.6694
180 43.7165
185 36.8226
200 36.6274
205 36.6269
210 35.9927
230 36.6433
235 36.0443
255 36.6455
260 35.8418
275 36.6533
280 36.6326
285 35.8603
300 36.6286
305 35.1134
310 37.4406
325 36.5825
330 36.6453
335 35.8603
350 36.6222
355 36.6301
360 35.831
375 36.6286
380 36.6343
385 35.9517
400 36.6264
405 35.7276
410 36.8338
430 36.6341
435 35.9534
460 36.6266
465 36.5903
485 36.6509
510 36.6287
515 36.6012
530 36.6458
535 36.5355
540 36.1451
560 36.64
565 35.844
585 35.9437
590 36.7205
10 44.3445
15 43.7147
20 43.7287
25 43.7615
30 43.0389
35 44.4143
40 43.7014
45 43.7461
50 43.7535
55 43.4098
60 44.0945
65 43.7393
70 43.7734
75 43.7942
80 43.0753
85 44.2706
90 43.7576
95 43.723
100 43.7053
105 43.7706
110 43.7724
115 43.78
120 43.7198
125 43.7534
130 43.7065
135 43.7077
140 43.7601
145 43.7858
150 43.7534
155 43.7493
160 43.8025
165 43.773
170 43.7274
175 43.7495
180 43.7407
185 37.2072
205 35.8506
210 37.3261
230 36.0156
235 37.3732
255 36.6263
260 36.0066
280 36.657
285 36.6488
305 36.6377
310 36.5932
330 36.6736
335 36.759
355 36.665
360 35.9662
375 35.3994
380 37.1913
385 36.6066
400 36.6517
405 36.6191
410 35.8784
425 36.6587
430 35.2699
435 37.23
450 36.7349
455 36.6444
460 35.8682
485 35.8747
510 35.9935
535 35.9867
540 37.3179
560 36.6762
565 36.7723
585 36.6313
5 0
10 41.5912
15 43.6408
20 43.6829
25 43.7064
30 43.6957
35 43.683
40 43.6548
45 43.7092
50 43.7044
55 43.7077
60 43.6933
65 43.6783
70 43.7352
75 43.6338
80 43.7212
85 43.6702
90 43.6543
95 43.6733
100 43.655
105 43.6761
110 43.6481
115 43.704
120 43.7065
125 43.6633
130 43.6726
135 43.674
140 43.7174
145 43.6685
150 43.6682
155 43.6587
160 43.6638
165 43.6386
170 43.7109
175 43.6813
180 43.5785
200 36.6114
205 36.4948
225 37.3318
230 36.7221
250 36.6291
255 35.9251
275 36.5201
280 35.8366
305 36.5612
320 36.6334
330 36.5446
345 36.5995
355 35.8644
370 36.5965
380 35.8176
395 36.5796
405 35.8051
410 37.2987
420 36.599
430 35.8349
435 37.282
455 35.8416
460 37.2715
480 35.9171
485 37.2714
505 35.9657
510 37.2872
530 35.9502
535 37.272
555 36.6233
560 36.6622
580 36.6098
585 35.8431
5 41.999
10 43.5333
15 43.7635
20 43.7175
25 43.6788
30 43.7957
35 43.6963
40 43.7353
45 43.764
50 44.4016
55 42.5415
60 44.3217
65 43.7371
70 43.7184
75 43.7146
80 43.3722
85 44.0559
90 43.735
95 43.7047
100 43.7003
105 43.7371
110 43.7342
115 43.7009
120 43.742
125 43.707
130 43.3632
135 44.0265
140 43.7079
145 43.7328
150 43.7396
155 43.6881
160 43.7435
165 43.7673
170 43.7206
175 43.7181
180 43.7018
185 29.9521
190 28.6032
200 28.3368
210 29.11
215 28.6325
225 28.6091
235 29.1485
240 28.6264
260 28.6144
265 28.6447
285 28.6322
290 28.6188
295 28.5768
310 28.8524
315 28.6041
320 28.6162
330 28.0398
340 28.6218
345 28.5953
355 28.6265
365 28.6219
380 29.1472
390 28.6221
415 29.1406
430 28.6164
440 29.1308
455 28.6322
465 29.0876
470 28.6317
480 28.3857
490 29.095
495 28.6191
505 28.6225
510 28.0553
515 29.1422
520 28.6156
540 29.1123
545 28.6136
570 28.3615
590 29.1151
595 28.6136
600 28.631
10 31.1878
15 43.0759
20 43.8227
25 43.8543
30 43.1878
35 44.4172
40 43.8237
45 43.8273
50 43.8517
55 43.8273
60 43.8578
65 43.8327
70 43.4347
75 44.1803
80 43.8496
85 43.7961
90 43.7901
95 43.8
100 43.8313
105 43.8118
110 43.7957
115 43.8183
120 43.8265
125 43.791
130 43.8576
135 43.8042
140 43.8327
145 43.8407
150 43.8575
155 43.868
160 42.9806
165 44.0927
170 44.4656
175 43.8101
180 43.8412
185 36.7468
205 35.789
210 37.5234
230 36.7133
235 36.7241
255 36.7127
260 36.5724
280 36.5974
285 36.0148
305 36.703
310 35.8067
330 36.687
335 35.9985
350 36.688
355 35.4529
360 37.3122
375 36.6789
380 35.4135
385 37.298
400 35.9044
405 37.3802
410 35.9158
425 36.7063
430 36.6895
435 35.915
450 36.6903
455 36.7084
460 35.9413
485 36.7013
510 35.8043
515 37.5132
535 36.6806
540 36.6448
560 36.7107
565 36.6682
585 36.6983
590 36.0284
5 35.5436
10 43.8167
15 43.7928
20 43.8383
25 43.7968
30 43.7624
35 43.861
40 43.8246
45 43.8132
50 43.8479
55 43.0456
60 44.4249
65 43.8442
70 43.8292
75 43.8175
80 42.779
85 44.7082
90 43.8289
95 43.8324
100 43.8021
105 43.7378
110 43.8874
115 43.8653
120 43.8175
125 43.8518
130 43.0743
135 44.4078
140 43.8407
145 43.8357
150 43.8102
155 44.219
160 43.5147
165 43.8056
170 43.8563
175 43.834
180 43.7905
195 36.6934
205 34.9055
220 36.6713
230 34.2003
245 36.7181
250 35.4255
255 36.7561
260 37.732
270 36.6886
280 35.173
285 38.0118
295 36.6901
305 35.8118
320 36.7121
330 35.8166
355 35.9106
360 37.3915
380 35.1728
385 37.9269
405 34.8946
410 38.0483
430 34.9083
435 37.5955
455 36.6701
460 36.1243
480 36.0398
485 36.9348
505 36.6817
510 35.7882
530 35.2947
535 37.2649
550 36.7151
555 36.6746
560 35.9198
575 36.7234
585 35.9206
600 36.6901
5 0
10 43.2351
15 43.7516
20 43.7573
25 43.7384
30 43.4525
35 44.0352
40 43.8082
45 43.7274
50 43.8192
55 43.39
60 44.0789
65 43.7303
70 43.7344
75 43.7315
80 43.425
85 44.0733
90 43.7351
95 43.746
100 43.7304
105 43.3733
110 44.0715
115 43.7645
120 43.7238
125 43.7137
130 42.9935
135 43.8072
140 43.7039
145 43.7592
150 43.7558
155 43.3845
160 44.0808
165 43.7155
170 43.715
175 43.759
180 43.0807
200 36.6104
205 35.8383
225 36.6223
230 35.8246
250 36.6315
255 35.8387
270 36.6164
280 35.8692
285 37.2399
295 36.6022
305 35.831
320 36.6064
330 36.9702
335 37.1816
345 36.6005
355 36.6801
360 36.6309
370 36.6496
380 36.4254
385 37.303
405 35.8319
410 37.2258
430 36.6201
435 36.4976
455 36.6217
460 36.0326
480 36.6171
485 36.0729
505 36.6281
510 35.5916
530 36.6084
535 35.7469
555 36.6082
560 35.8573
585 35.8202
600 36.6454
5 42.2028
10 45.0045
15 43.7472
20 43.7565
25 43.7108
30 42.4909
35 45.0212
40 43.783
45 43.7585
50 43.7702
55 42.7994
60 44.6742
65 43.7718
70 43.78
75 43.7332
80 42.3903
85 44.8881
90 43.7392
95 43.7819
100 43.7249
105 44.102
110 43.4873
115 43.7446
120 43.7541
125 43.7313
130 43.0172
135 44.0518
140 44.0691
145 43.7232
150 43.7419
155 43.3385
160 44.0309
165 43.757
170 43.7231
175 43.7445
180 44.1212
185 37.0272
190 36.6217
210 37.9433
215 36.6353
235 37.7311
240 36.6613
245 36.6645
260 37.3413
265 36.6231
270 36.6614
290 37.2402
295 36.6863
315 35.7533
320 37.4708
340 36.6571
355 34.8726
365 37.3915
375 36.6623
380 35.0055
390 37.2481
405 36.6487
415 37.3246
430 35.119
440 37.2486
445 36.6363
455 35.2676
465 37.3366
470 36.6399
490 37.3563
495 36.6564
515 37.3086
520 36.6424
525 36.6485
535 35.7686
540 37.3776
545 36.6373
550 36.6498
565 37.3348
570 36.6331
575 36.6529
595 36.8818
600 37.1855
5 43.7299
10 43.7802
15 43.7292
20 43.7523
25 43.7418
30 43.7205
35 43.7219
40 43.7202
45 43.7318
50 43.7493
55 43.7545
60 43.7262
65 43.7531
70 43.7553
75 43.7244
80 43.7354
85 43.7249
90 43.7397
95 43.7415
100 43.7054
105 43.7374
110 43.7447
115 43.7436
120 43.7071
125 43.7303
130 43.7292
135 43.7062
140 43.741
145 43.7217
150 43.7364
155 43.7268
160 43.7213
165 43.7267
170 43.6856
175 44.0666
180 42.7205
185 37.1931
190 36.6753
195 36.6572
200 36.6709
205 35.9742
210 37.3393
215 36.6684
225 36.6863
230 35.1255
235 37.9397
240 36.6677
250 36.6786
255 35.7276
260 37.4889
265 36.6422
280 35.8883
285 37.3265
290 36.6424
305 35.8847
310 37.3434
315 36.6248
320 36.6459
330 35.8964
335 37.3403
340 36.6544
345 36.6544
355 35.912
360 37.3593
365 36.6501
370 36.6539
375 36.6385
380 35.8846
385 37.329
390 36.6337
395 36.6428
405 35.8649
410 37.3267
415 35.9586
420 37.3155
430 37.173
435 36.6693
440 36.769
445 36.5197
455 36.6945
460 36.6678
465 36.6746
470 36.6681
480 36.6397
485 35.9462
490 37.3035
495 36.6507
505 36.6544
510 35.9701
515 37.3178
520 36.6722
525 36.6508
530 35.9765
535 36.7868
540 37.1855
545 36.6702
555 36.6558
560 35.8869
565 37.2944
570 36.6699
580 34.2776
585 38.1018
590 37.3254
595 36.6509
5 43.8147
10 43.7954
15 43.8265
20 43.7862
25 43.8092
30 43.8319
35 43.8128
40 43.8452
45 43.8216
50 43.788
55 43.8317
60 43.7665
65 43.8163
70 43.1761
75 44.5017
80 44.1005
85 43.47
90 43.7955
95 43.8213
100 43.381
105 44.6107
110 43.1545
115 43.8469
120 43.8234
125 43.8105
130 43.5295
135 44.1551
140 43.8547
145 43.8139
150 43.8236
155 43.4255
160 44.1801
165 43.8418
170 43.8004
175 43.7911
180 43.1273
205 35.9051
220 36.6953
230 36.7979
245 36.6994
255 36.2546
260 37.1314
270 36.5716
280 35.8974
295 36.721
305 35.9163
310 37.3519
320 36.7098
330 36.5205
335 37.4019
345 37.3666
355 35.9004
360 37.9516
380 36.0161
385 37.2984
405 36.6845
410 36.777
430 36.713
435 37.5174
455 36.7463
460 36.0946
480 36.6947
485 36.6876
505 36.7028
510 36.0223
530 36.7104
535 36.7876
550 36.6867
560 36.0313
575 36.6887
585 36.0048
590 37.3621
600 36.6697
5 43.669
10 43.6927
15 43.704
20 43.6797
25 43.7106
30 43.7419
35 43.6897
40 43.6903
45 43.685
50 43.7144
55 43.7105
60 43.7171
65 43.668
70 43.6586
75 44.4051
80 43.1718
85 43.7126
90 43.693
95 43.6874
100 43.7245
105 43.7053
110 43.7101
115 43.689
120 43.7065
125 43.7128
130 43.6899
135 43.0039
140 44.3445
145 43.7136
150 43.7159
155 43.6947
160 43.6815
165 43.6933
170 43.6638
175 43.7149
180 43.99
200 36.6187
205 37.3271
225 36.5946
230 37.3316
250 35.9304
255 36.4907
275 36.5909
280 36.0452
305 35.9224
325 35.7989
330 36.609
345 36.6189
350 36.5893
355 35.8222
370 36.612
380 37.2334
385 37.2538
395 36.589
405 37.4848
420 36.62
430 36.6222
435 36.5955
445 36.6173
455 36.5878
460 36.6003
470 36.6071
480 36.5144
485 37.9578
505 36.6552
510 37.2434
530 36.5965
535 37.3805
555 36.6458
560 36.6663
580 36.6056
585 36.5927
10 42.9817
15 43.7799
20 43.7939
25 43.7824
30 42.7146
35 44.6357
40 43.82
45 43.7837
50 43.8166
55 43.6954
60 43.2235
65 44.4661
70 43.8282
75 43.8278
80 42.5816
85 44.6564
90 43.7892
95 43.8084
100 43.8041
105 43.3911
110 44.1479
115 43.7681
120 43.802
125 43.8373
130 43.0456
135 44.397
140 43.7742
145 43.7902
150 43.7899
155 42.5493
160 44.5596
165 43.801
170 43.7968
175 43.7742
180 43.7668
185 37.9077
195 36.6831
205 34.8895
210 38.5613
220 36.6992
230 35.2806
235 36.7221
255 35.3017
260 38.6219
280 35.1831
285 37.9993
305 36.0287
310 37.9127
330 36.6615
335 35.8974
355 36.6774
360 36.1288
380 34.9303
385 37.4266
405 36.6688
410 35.9301
425 36.7066
435 37.0654
450 36.6703
460 37.2216
475 36.6769
485 35.8947
490 37.3667
500 36.6795
510 35.9215
515 37.3681
525 36.7223
535 36.6877
540 36.6864
560 36.6897
565 36.6867
585 36.6826
590 36.0064
5 35.7092
10 43.4395
15 43.7267
20 43.7496
25 43.7485
30 43.4445
35 44.0094
40 43.759
45 43.7974
50 43.78
55 43.7539
60 43.8056
65 43.7822
70 43.7826
75 43.79
80 43.788
85 43.7483
90 43.7632
95 43.7746
100 43.8035
105 43.7685
110 43.7459
115 43.8019
120 43.7587
125 43.778
130 43.7339
135 43.7902
140 43.776
145 43.7548
150 43.7723
155 43.76
160 43.7527
165 43.7603
170 43.7883
175 43.7879
180 43.7334
195 36.6596
205 36.645
220 36.6722
230 36.7775
255 36.6829
260 36.0831
280 37.3289
285 35.8882
305 36.6848
310 35.9596
330 36.6466
335 35.8862
355 36.6624
360 35.8983
380 33.5713
385 38.5785
405 36.6829
410 35.8775
430 36.6623
435 35.8833
450 36.669
455 36.6456
460 35.8784
460 37.3439
475 36.6457
480 36.6406
485 35.8696
500 36.6596
505 34.3221
510 37.8733
525 36.6373
535 36.0468
540 36.668
550 37.2157
560 37.3919
560 35.7665
585 36.668
590 35.8775
10 42.3748
15 43.7427
20 43.7333
25 43.7321
30 43.8011
35 43.7229
40 43.7748
45 43.7518
50 43.7252
55 43.7623
60 43.7295
65 43.6946
70 43.734
75 43.4087
80 44.0497
85 43.7732
90 43.7225
95 43.7532
100 43.4153
105 43.4514
110 44.3315
115 43.7148
120 43.7559
125 43.4177
130 44.0188
135 43.7621
140 43.7619
145 43.678
150 43.3859
155 43.6855
160 44.0322
165 43.7917
170 43.7323
175 43.7318
180 43.4664
200 36.673
205 36.5142
225 34.7268
230 38.1714
250 36.6607
255 36.0922
280 35.8375
305 37.1765
320 36.6572
330 37.1124
335 37.5419
345 36.6619
355 35.8637
370 36.6704
380 35.9921
385 37.1928
395 36.6455
405 35.7074
410 37.4353
420 36.6547
430 35.8575
435 37.2755
455 36.6262
460 36.6092
480 35.8822
485 37.266
505 36.658
510 36.6282
530 36.635
535 36.7099
555 36.6642
560 36.7052
580 35.2653
585 37.7513
10 42.874
15 44.6547
20 43.6532
25 43.6781
30 43.0882
35 44.3396
40 43.6757
45 43.7102
50 43.6946
55 43.0691
60 44.3527
65 43.6968
70 43.6846
75 43.6986
80 43.6725
85 43.6781
90 43.7085
95 43.6991
100 43.7304
105 43.685
110 43.6735
115 43.664
120 43.6765
125 43.7022
130 43.291
135 44.0832
140 43.6539
145 43.682
150 43.6864
155 43.3229
160 44.0215
165 43.6571
170 43.6863
175 43.6768
185 37.0142
200 36.5631
210 37.2661
225 34.8387
235 37.286
250 35.8303
260 37.2617
265 36.739
275 36.6065
285 37.3336
290 36.6446
300 36.581
310 36.5766
315 36.6393
335 36.5616
340 36.6205
365 36.713
390 36.6719
395 36.5949
415 37.4837
420 36.6086
440 37.2083
445 36.6012
465 35.0899
470 37.8646
490 37.2912
515 37.2726
540 37.2924
555 36.5967
565 36.5635
570 36.6489
580 36.6045
590 36.5384
5 35.4905
10 44.0646
15 43.7804
20 43.7852
25 43.7359
30 44.0399
35 43.3866
40 43.7524
45 43.778
50 43.7409
55 44.0321
60 43.3859
65 43.773
70 43.755
75 43.7867
80 44.06
85 43.3938
90 43.7666
95 43.7494
100 43.7533
105 43.4744
110 44.0286
115 43.7665
120 43.7837
125 43.7544
130 44.1001
135 43.007
140 44.0504
145 43.7142
150 43.7508
155 43.3407
160 44.1443
165 43.378
170 44.1448
175 43.7349
180 43.082
200 36.6628
205 35.147
230 37.3785
250 36.6599
255 35.4025
280 36.5677
295 36.6426
305 35.6427
320 36.6219
330 35.0037
345 36.6719
355 34.8745
360 38.0763
370 36.5162
380 35.043
385 38.0094
395 37.325
405 35.7409
410 38.0077
420 36.6638
430 35.1227
435 38.4499
455 35.1572
460 38.5046
480 35.1252
485 38.546
505 34.9992
510 37.3669
530 37.3581
535 36.0051
555 36.6594
560 35.8605
580 36.6456
585 35.7656
10 43.4256
15 43.6734
20 43.7508
25 43.7033
30 43.1474
35 44.2703
40 43.7205
45 43.6998
50 43.7128
55 43.7275
60 43.7047
65 43.7309
70 43.7294
75 43.7169
80 43.4025
85 44.0512
90 43.7078
95 43.7718
100 43.7118
105 43.1124
110 44.352
115 43.7559
120 43.7196
125 43.7012
130 43.4134
135 44.0378
140 43.7022
145 43.7348
150 44.358
155 43.1625
160 43.7015
165 43.7049
170 43.7197
175 43.7338
180 43.3444
200 28.6195
205 28.3423
225 28.5969
230 28.8506
250 28.6071
255 28.3296
280 28.6372
305 28.8652
320 28.605
330 28.0237
345 28.5945
355 28.0156
360 29.0963
370 28.5909
380 28.0027
385 29.1039
395 28.6197
405 28.0335
410 29.0775
420 28.824
430 28.0064
435 29.1075
455 28.5628
460 28.5922
480 28.6016
485 28.8595
505 28.5852
510 29.1022
530 28.5923
535 28.842
555 28.5906
560 28.8499
580 28.3291
585 28.5442
10 41.2616
15 43.5943
20 43.6666
25 43.6357
30 42.8865
35 44.2836
40 43.6381
45 43.663
50 43.6259
55 42.839
60 44.2513
65 43.6258
70 43.6647
75 43.0283
80 43.4744
85 44.2988
90 43.6325
95 43.6692
100 43.6442
105 43.2694
110 44.2099
115 43.6491
120 43.6569
125 43.6614
130 42.9342
135 44.1863
140 43.6647
145 43.634
150 43.5838
155 43.646
160 43.6458
165 43.9196
170 43.6051
175 43.6045
180 43.2502
185 30.0792
195 28.2552
205 27.9491
210 29.0472
230 28.5108
235 29.278
255 28.5133
260 29.0409
280 28.5319
285 29.0379
305 28.2688
310 28.7882
330 28.5013
335 28.7903
355 28.5176
360 29.0493
385 28.8048
400 28.5551
410 29.0459
425 28.5324
435 28.215
450 28.5435
460 28.526
465 27.97
475 28.5035
485 29.0301
490 28.8038
500 28.5223
510 28.5383
515 29.0497
535 28.5274
540 29.0106
560 28.5177
565 29.04
585 28.5407
590 29.0202
20 43.7644
25 43.7502
30 43.7211
35 43.7975
40 43.8067
45 43.7296
50 43.6974
55 43.8143
60 43.7316
65 43.7975
70 43.7682
75 43.7381
80 43.1183
85 44.4227
90 43.7752
95 43.7523
100 43.7341
105 43.7287
110 43.8195
115 43.7459
120 43.7473
125 43.7886
130 43.3765
135 44.1109
140 43.7626
145 43.7957
150 43.7548
155 43.4498
160 44.0216
165 43.795
170 43.7657
175 43.768
180 43.7787
205 35.9345
220 36.6691
230 36.055
245 36.6856
255 35.903
260 36.7111
270 36.6577
280 36.1427
295 36.6928
305 35.9151
310 37.3822
320 37.2688
330 36.1184
335 37.2062
355 36.1321
360 37.2004
380 36.6978
385 36.7491
405 36.6755
410 36.693
430 36.6803
435 36.0149
455 36.6458
460 36.2423
480 36.6943
485 36.1062
510 35.8779
525 36.6828
535 35.769
550 36.6666
560 37.1262
575 36.6771
585 35.9047
590 37.4009
600 37.3452
5 0
10 43.2528
15 43.6998
20 43.7223
25 43.7016
30 43.685
35 43.7105
40 43.7021
45 43.7271
50 43.7205
55 43.7467
60 43.7057
65 43.6931
70 43.7345
75 43.6958
80 43.4336
85 43.9813
90 43.7159
95 43.7203
100 43.7142
105 43.019
110 44.3457
115 43.7066
120 43.7112
125 43.7179
130 42.7373
135 44.6555
140 43.7389
145 43.7371
150 43.7526
155 43.7158
160 43.692
165 43.7114
170 43.7203
175 43.7431
180 42.7942
195 36.648
205 35.8263
210 37.3537
220 36.7955
230 37.3756
235 37.3032
245 36.667
255 35.8604
260 37.2718
280 35.859
285 37.3148
305 35.8649
310 37.3193
335 37.1806
355 35.8742
360 37.3388
365 36.0811
380 36.5829
385 37.3258
405 36.6607
410 36.5347
425 36.6561
430 36.6052
435 35.9857
450 36.637
460 35.9479
475 36.637
485 35.7212
490 37.5627
500 36.6249
510 36.0914
515 37.1706
525 36.6202
535 35.7415
540 37.4619
550 36.6198
560 36.5728
565 37.3214
585 35.8772
590 37.3168
5 0
10 43.7391
15 43.6967
20 43.7246
25 43.7652
30 43.7308
35 43.745
40 43.7162
45 43.7661
50 43.7508
55 43.7241
60 43.7385
65 43.7114
70 43.7692
75 43.7207
80 43.6977
85 43.7106
90 43.7245
95 43.7159
100 42.9719
105 44.3243
110 43.7216
115 43.7505
120 43.7298
125 43.7097
130 43.7649
135 43.709
140 43.757
145 43.7387
150 43.7388
155 43.7093
160 43.7475
165 43.7385
170 43.7405
175 43.7396
180 43.084
205 36.0065
230 35.8733
245 36.6437
250 36.6654
255 35.9255
270 36.6477
280 36.3509
295 36.6594
305 35.8843
310 37.3542
320 36.6429
330 37.3339
345 36.653
355 35.8757
360 37.3249
370 37.3201
380 35.8874
385 37.3529
405 37.3419
410 37.3466
430 35.8813
435 36.6848
455 36.6229
460 35.903
480 36.6512
485 36.717
505 36.6732
510 35.8745
530 36.6481
535 35.8994
555 37.3957
560 35.89
575 36.6513
585 35.9034
590 37.3533
600 36.6573
5 36.2376
10 48.4957
15 43.6929
20 43.7372
25 43.7153
30 43.6829
35 43.7262
40 43.7501
45 43.7336
50 43.7142
55 43.6849
60 43.7061
65 43.7415
70 43.7184
75 43.7341
80 43.6939
85 43.7273
90 43.7311
95 43.7109
100 43.7243
105 42.7886
110 44.6645
115 43.7128
120 43.6968
125 43.6958
130 43.2658
135 43.4957
140 44.2972
145 43.7324
150 43.7401
155 43.1578
160 44.3914
165 43.7177
170 43.7153
175 43.7036
180 42.7386
5 43.8603
10 44.1174
15 43.8018
20 43.7987
25 43.7874
30 43.5311
35 44.141
40 43.8011
45 43.7606
50 43.8964
55 43.8731
60 43.8132
65 43.8164
70 43.8057
75 43.85
80 43.149
85 44.4127
90 43.8438
95 43.852
100 43.8601
105 43.8241
110 43.7938
115 43.8244
120 43.8247
125 43.804
130 43.7555
135 43.2374
140 44.4542
145 43.8257
150 43.8292
155 43.8213
160 43.8367
165 43.8234
170 43.818
175 43.7883
180 43.8423
195 36.6824
200 35.4497
205 37.2228
220 36.7352
230 35.9399
245 36.7358
255 36.7066
260 36.7038
270 36.7319
280 35.9448
285 37.4037
305 35.9665
310 37.3858
330 35.9266
335 37.416
355 36.5117
360 36.885
380 36.6093
385 36.1553
405 35.0287
410 37.4121
430 36.703
435 36.0289
455 36.7149
460 35.9164
480 36.7205
485 35.9029
510 35.94
525 36.6958
535 35.9247
550 36.6691
560 35.9231
575 36.7108
585 36.056
590 37.3815
600 36.7145
5 43.663
10 43.662
15 43.6708
20 43.685
25 43.6793
30 43.3617
35 43.9457
40 43.6241
45 43.6827
50 43.6782
55 43.6967
60 43.6722
65 43.6924
70 43.6623
75 43.6578
80 42.7091
85 44.6484
90 43.692
95 43.709
100 43.6786
105 43.2936
110 44.0347
115 43.692
120 43.682
125 43.6761
130 42.9955
135 44.2967
140 43.6708
145 43.677
150 43.675
155 43.662
160 43.7117
165 43.6974
170 43.6873
175 43.6693
180 43.6683
185 30.7406
190 28.5573
200 28.2951
210 29.0909
215 28.5707
225 27.391
235 28.5726
240 28.5625
250 28.5756
260 29.0788
275 28.5594
285 29.3284
300 28.5643
310 29.0874
315 28.0097
325 28.5815
335 29.0933
340 28.5562
350 28.5464
360 29.0963
365 28.5497
385 28.5515
390 28.5595
405 28.6022
415 28.8295
420 28.5742
430 28.574
440 28.825
445 28.575
455 28.5705
465 28.8241
470 28.5708
480 28.5743
490 29.1053
495 28.5679
505 28.5633
515 29.0371
520 28.5477
530 28.5466
535 27.998
540 29.0687
555 28.2945
560 28.2942
565 29.0761
580 28.5593
590 29.0792
595 28.5705
5 0
10 43.9887
15 43.3884
20 43.7475
25 43.7238
30 43.7229
35 43.708
40 43.7265
45 43.7047
50 43.687
55 43.7065
60 43.7441
65 43.7008
70 43.7132
75 43.6904
80 43.7123
85 43.7381
90 43.6984
95 43.7243
100 43.7054
105 43.7272
110 43.7661
115 43.7067
120 43.7121
125 43.7304
130 43.31
135 44.0355
140 43.6994
145 43.6851
150 43.7192
155 43.3236
160 44.081
165 43.7468
170 43.6958
175 43.7315
180 43.0735
200 36.5917
205 35.7254
225 36.608
230 35.9348
245 36.5919
255 35.8337
270 36.6256
280 35.8458
295 36.6183
305 35.8446
320 36.627
330 36.637
335 36.6342
345 36.6143
355 35.9346
360 37.2609
370 36.6018
380 35.9503
385 37.2986
405 35.9635
410 37.3072
430 34.9821
435 37.9624
455 35.9277
460 36.1627
480 36.5802
485 36.0428
505 36.6246
510 35.9376
530 36.6038
535 35.8172
555 36.6216
560 35.9423
585 35.8338
5 37.5743
10 43.2043
15 43.7177
20 43.6976
25 43.7308
30 43.4137
35 44.1009
40 43.6925
45 43.6924
50 43.7171
55 43.7021
60 43.7269
65 43.73
70 43.722
75 43.0641
80 44.027
85 44.0676
90 43.7327
95 43.6935
100 43.7245
105 43.6849
110 43.7323
115 43.7014
120 43.7229
125 43.37
130 43.1159
135 44.6431
140 43.7029
145 43.6974
150 43.6789
155 42.4861
160 45.0712
165 43.7791
170 43.711
175 43.7622
180 43.7092
200 29.1215
205 28.8826
