5 43.6737
10 43.681
15 43.669
20 43.6816
25 43.6838
30 43.6837
35 43.6653
40 43.6644
45 43.725
50 42.9966
55 44.2831
60 43.7232
65 43.6554
70 43.6973
75 42.3182
80 44.3249
85 44.3297
90 43.6727
95 43.6512
100 43.6648
105 43.5714
110 43.4288
115 44.3703
120 43.7244
125 43.6904
130 43.6257
135 43.7051
140 43.7196
145 43.692
150 43.6782
155 43.7203
160 43.6781
165 43.7057
170 43.6738
175 43.6725
180 43.7272
195 36.6117
200 35.0926
205 37.3323
220 37.2789
225 35.8485
230 36.6503
245 37.2534
255 36.6509
280 37.2661
285 35.9292
305 36.627
310 36.7069
330 36.611
335 35.9044
355 36.6105
360 35.6129
380 37.4672
385 35.7242
405 36.5965
410 35.8278
425 36.6601
430 36.6185
435 35.8434
450 36.5979
455 36.6198
460 35.9546
475 36.6448
480 35.9334
485 36.6296
500 36.6388
505 36.6061
510 35.9672
535 35.9789
560 36.6256
565 36.5149
585 36.4634
590 35.7236
5 42.158
10 43.4834
15 43.7047
20 43.7337
25 43.7244
30 43.6841
35 43.7238
40 43.7079
45 43.6728
50 43.7175
55 43.6782
60 43.7102
65 43.7266
70 43.7055
75 43.6832
80 43.6964
85 43.715
90 43.6737
95 43.7064
100 42.9741
105 43.9041
110 44.0732
115 43.6957
120 43.6848
125 43.6802
130 43.0775
135 44.2306
140 43.6893
145 43.7207
150 43.7035
155 43.0887
160 44.2761
165 43.7086
170 43.7192
175 43.7081
180 43.612
185 30.341
200 28.5738
205 28.0053
210 29.0976
225 28.3038
230 28.2984
235 29.0988
245 28.5665
255 28.2836
260 29.0718
270 28.5477
280 27.998
285 29.0528
295 28.5919
305 28.0414
310 29.0818
320 28.5643
330 28.5988
335 29.0801
345 28.5866
355 27.9878
360 29.0888
380 28.0208
385 29.0834
405 28.561
410 28.5935
430 27.9751
435 29.071
455 28.5818
460 28.5882
480 28.5784
485 28.5555
490 28.5757
505 28.5734
510 28.279
530 28.545
535 28.0003
540 29.0993
555 28.317
560 28.2896
565 29.0705
575 28.5571
585 28.0078
590 29.0805
600 28.5597
5 35.4783
10 43.743
15 43.7634
20 43.7794
25 43.7653
30 43.7696
35 43.7511
40 43.768
45 43.7174
50 43.725
55 43.7454
60 43.7422
65 43.7577
70 43.76
75 43.7707
80 43.7372
85 43.7738
90 43.7658
95 43.7845
100 43.7378
105 43.7526
110 43.7556
115 43.7792
120 43.7904
125 43.7516
130 43.7521
135 43.769
140 43.6943
145 43.7433
150 43.7654
155 43.7806
160 43.0359
165 44.4152
170 43.7424
175 43.7718
180 43.77
185 35.9762
205 35.872
210 36.6568
230 35.1405
235 37.3952
255 36.6268
260 35.8878
275 36.6446
285 35.8847
300 36.6548
310 37.9421
325 36.6435
330 34.3114
335 37.8652
340 37.3123
350 37.4066
360 35.8738
365 37.3453
375 36.6455
385 35.892
390 37.3311
400 37.2925
410 35.8486
415 37.3032
435 36.6582
440 35.9906
460 35.9029
465 37.4614
485 36.6547
490 35.9499
510 36.6348
515 35.8992
535 36.6379
540 35.88
565 35.8596
590 35.8651
5 28.682
10 41.6742
15 43.6668
20 43.6699
25 43.6969
30 43.6948
35 43.6368
40 43.6622
45 43.0058
50 44.3449
55 43.3025
60 43.9469
65 43.6981
70 43.6926
75 43.6508
80 43.3092
85 43.9552
90 43.6736
95 43.6792
100 43.6625
105 43.7026
110 43.7053
115 43.7277
120 43.6704
125 43.6665
130 42.9512
135 44.2536
140 43.6767
145 43.6841
150 43.6935
155 43.2644
160 44.0124
165 43.697
170 43.7009
175 43.6492
180 43.3211
185 37.9139
205 36.6427
210 36.4885
230 36.6337
235 35.8171
255 36.6175
260 35.8149
280 35.9699
285 36.5478
305 35.237
310 37.241
325 36.6321
330 36.6301
335 35.8558
350 36.5052
360 35.8731
375 36.6356
385 35.7502
400 36.653
410 36.7788
415 37.1642
425 36.6178
435 36.6448
440 36.4809
460 36.6479
465 36.529
485 36.6155
490 36.4836
510 36.642
515 36.423
545 37.432
560 37.3932
565 35.9341
590 35.9865
5 44.0075
10 43.6887
15 43.6656
20 43.6789
25 43.7162
30 43.7106
35 43.7517
40 43.7129
45 43.692
50 43.6995
55 43.6915
60 43.7025
65 43.7185
70 43.7091
75 43.7086
80 43.714
85 43.7212
90 43.6953
95 43.7089
100 43.7359
105 43.3637
110 44.0269
115 43.6868
120 43.7158
125 43.7388
130 43.0807
135 44.3264
140 43.7239
145 43.6819
150 43.7273
155 43.0693
160 44.3441
165 43.7225
170 43.707
175 43.6973
180 43.3356
205 35.844
220 36.6053
230 35.8385
245 36.615
255 35.8481
260 37.2896
270 36.6192
280 35.8108
295 36.6353
305 35.7521
310 37.2834
320 37.1641
330 36.6238
335 36.6173
345 36.6237
355 35.8303
360 37.3166
380 36.6165
385 37.2938
405 35.1068
410 37.8387
430 35.843
435 36.6762
455 36.6277
460 35.9523
480 36.6238
485 35.9206
510 35.8479
535 35.7264
550 36.6074
560 35.8504
575 36.6134
585 36.5462
590 37.287
600 36.6267
10 43.814
15 43.7904
20 43.8225
25 43.774
40 43.7869
45 43.3987
50 44.1786
60 43.7901
65 43.7667
70 43.7581
75 43.0083
80 43.7287
85 44.4478
90 43.7797
95 43.8087
100 43.7978
105 43.1861
110 44.4153
115 43.7736
120 43.8313
125 43.7777
130 43.4572
135 44.0887
140 43.8275
145 43.8019
150 44.0666
155 43.4619
160 44.0888
165 43.7982
170 43.8217
175 43.7902
180 43.4499
185 37.246
205 35.9475
210 37.3818
235 37.3832
255 35.9221
260 37.389
265 36.71
280 36.6349
285 36.6795
290 37.4565
305 35.9197
310 37.3649
315 35.8989
335 37.3784
340 36.6797
365 36.7329
390 35.9178
395 37.4218
415 37.3737
420 36.7064
440 37.2778
465 37.2357
490 37.2978
495 36.0091
5 35.2979
10 44.0153
15 43.7589
20 44.0572
25 43.7311
30 43.7616
35 43.7224
40 43.7281
45 43.7624
50 43.7209
55 43.113
60 44.3857
65 43.7132
70 43.7204
75 43.7211
80 43.0754
85 44.384
90 43.7319
95 43.7351
100 43.7132
105 43.7387
110 43.1176
115 44.4036
120 43.7353
125 43.7493
130 43.7698
135 43.7531
140 43.7262
145 43.7576
150 43.7309
155 43.7362
160 43.7488
165 43.7312
170 43.7458
175 43.7
180 43.7431
185 28.5746
205 28.5974
210 28.592
230 28.5829
235 28.5827
255 28.8855
260 28.8829
280 28.565
285 28.8744
305 28.5754
310 28.6133
330 28.6165
335 28.8276
355 28.5965
360 28.8424
380 28.5912
385 28.6018
400 28.5833
410 28.5657
425 28.5737
435 28.3111
450 28.5751
460 29.5691
465 28.6368
475 28.6018
485 28.0147
490 29.1165
500 28.5806
510 28.013
515 29.1217
535 29.1028
540 29.086
560 28.0272
565 29.102
585 28.5762
590 28.8425
10 40.7077
15 44.3611
20 43.7818
25 43.7556
30 43.7765
35 43.7574
40 43.7602
45 43.7949
50 43.8154
55 43.763
60 43.7893
65 43.7716
70 43.7477
75 43.8178
80 43.0524
85 44.5027
90 43.8426
95 43.7901
100 44.0725
105 42.8212
110 44.7195
115 43.7999
120 43.7604
125 43.7642
130 43.0919
135 44.4548
140 43.7655
145 43.7672
150 43.7491
155 43.6611
160 43.911
165 43.7721
170 43.8049
175 43.7595
180 43.4555
195 36.7415
205 35.8909
220 36.6921
230 35.9078
245 36.6439
255 35.9148
260 37.3724
270 36.6758
280 37.3595
285 37.3497
305 36.6647
310 36.5202
330 36.6752
335 36.625
355 36.7038
360 36.7691
380 36.6512
385 36.7774
405 36.7691
410 36.0763
435 35.8871
450 36.6819
460 37.3672
475 36.6826
485 35.8923
490 37.3661
500 36.6748
510 35.8882
515 36.7814
525 37.464
535 35.8978
540 37.3743
550 36.6792
560 35.9114
565 37.2837
585 35.8896
590 37.4403
20 43.6734
25 43.0735
30 43.9845
35 43.4917
40 43.0798
45 44.3376
50 43.7368
55 43.3073
60 44.0438
65 43.6995
70 43.7068
75 43.7123
80 43.7568
85 43.7359
90 43.737
95 43.7159
100 43.7224
105 42.9297
110 44.2741
115 43.727
120 43.7058
125 43.7397
130 43.665
135 43.722
140 43.7296
145 43.6959
150 43.7555
155 43.3311
160 44.0759
165 43.6975
170 43.7064
175 43.7272
180 43.691
185 29.9231
195 28.8295
205 27.6727
210 29.3393
230 28.011
235 29.0974
255 28.2692
260 29.078
280 28.556
285 28.3039
305 28.5688
310 28.0559
330 28.5354
335 27.9896
355 28.5519
360 28.0042
380 28.5525
385 27.9875
400 28.5754
410 28.2964
425 28.5931
435 28.0058
440 29.0582
450 28.5769
460 28.0164
465 29.086
475 28.5497
485 27.9934
490 28.8505
500 28.6076
510 27.9986
515 29.0852
535 28.2803
540 28.5706
560 28.5819
565 28.5764
585 28.8467
590 28.5549
20 42.2749
25 44.7996
30 44.0856
35 43.4947
40 43.7947
45 44.0601
50 44.1306
55 43.7687
60 43.8256
65 43.7987
70 43.8051
75 43.8047
80 43.4625
85 44.1149
90 43.7641
95 43.8264
100 43.4254
105 43.5044
110 44.4728
115 43.7681
120 43.7688
125 43.7965
130 42.8696
135 44.6533
140 43.8093
145 43.8162
150 43.7889
155 43.4024
160 44.157
165 43.7735
170 43.7567
175 43.7298
180 43.7792
185 37.1119
195 36.6766
205 35.8983
210 37.3305
220 36.6769
230 37.2639
235 37.353
245 36.7256
250 35.0409
255 37.3987
260 37.3658
270 37.3336
280 35.9131
285 37.3542
295 36.6967
305 35.9052
310 37.3489
330 35.9141
335 37.324
355 36.6828
360 36.733
365 36.594
380 36.6773
385 35.9771
405 37.4046
410 36.875
415 36.4863
430 36.6691
435 36.7829
440 36.5827
455 36.7023
460 36.0041
465 37.2672
485 35.879
490 37.5145
500 36.6627
510 36.0165
515 37.2888
525 36.6788
535 35.9451
540 37.3498
550 36.6555
560 35.6667
565 37.3531
575 36.6798
585 35.9156
590 37.3607
600 36.6832
5 0
10 43.5125
15 43.7515
20 43.754
25 43.7006
30 43.711
35 43.7889
40 43.7621
45 43.7623
50 43.7462
55 43.7597
60 43.7919
65 43.7487
70 43.7703
75 43.7449
80 43.7903
85 43.7776
90 43.7564
95 43.7019
100 43.7451
105 43.7512
110 43.769
115 43.7363
120 43.7534
125 43.7264
130 43.7549
135 43.7555
140 43.7356
145 43.7165
150 43.7816
155 43.7587
160 43.7116
165 43.7367
170 43.7315
175 43.7758
180 43.7399
185 29.1434
205 28.3083
210 28.8913
230 29.1223
235 28.8851
255 28.6325
260 28.9032
280 28.6178
285 28.626
305 28.5887
310 28.6408
330 28.6123
335 28.6267
355 28.6434
360 28.3423
375 28.6364
380 28.625
385 28.0453
400 28.6317
410 28.0811
425 28.6412
435 28.0392
450 28.6355
460 28.0697
475 28.6157
485 35.2232
510 35.9447
515 37.3302
535 35.9653
540 37.3258
560 36.7621
565 36.5782
585 36.6348
590 35.8389
5 29.136
10 41.9257
15 43.7704
20 43.7384
25 43.7562
30 43.7398
35 43.7604
40 43.7392
45 43.72
50 43.7625
55 43.7499
60 43.7657
65 43.7234
70 43.7391
75 43.7477
80 43.0662
85 44.3398
90 43.7252
95 43.7234
100 43.7237
105 43.4277
110 44.0631
115 43.7115
120 43.722
125 43.7314
130 43.0629
135 44.3528
140 43.7452
145 43.7243
150 43.7489
155 43.3864
160 44.0821
165 43.7401
170 43.7803
175 43.7546
180 43.734
195 36.5941
200 35.3662
205 37.2549
220 36.6464
230 35.8544
245 36.6221
255 36.6814
260 37.2857
270 36.614
280 35.8895
285 37.2985
295 36.6712
305 35.8502
310 37.3145
330 35.8622
335 37.4402
355 35.8626
360 37.3269
5 0
10 43.4974
15 43.7566
20 43.7618
25 43.7529
30 43.7709
35 43.7443
40 43.7609
45 43.7118
50 43.6399
55 43.6999
60 43.7846
65 43.7831
70 43.7441
75 43.0155
80 43.9413
85 44.0936
90 43.7624
95 43.7683
100 43.7313
105 43.0512
110 44.4878
115 43.7281
120 43.7686
125 43.7674
130 44.0126
135 43.7844
140 43.7237
145 43.7603
150 43.713
155 43.7722
160 43.6932
165 43.7696
170 43.7362
175 43.7601
180 43.3396
185 30.4127
195 28.5893
205 27.9983
210 29.0976
220 28.5976
230 28.3496
235 28.9009
245 28.6285
255 27.6884
260 29.5902
270 28.6517
280 28.629
285 28.8505
290 28.075
305 28.626
310 28.6296
315 28.3281
330 28.6184
335 29.1236
340 28.0372
355 28.6245
360 28.8774
365 28.3263
380 28.333
385 29.1487
390 28.0501
405 28.6192
410 28.0701
415 29.146
435 29.1482
440 28.6147
450 28.5969
460 28.6239
465 28.3529
475 28.6481
485 28.3143
490 29.1459
500 28.6362
510 28.3129
515 29.1364
525 28.6044
535 28.3331
540 29.3631
560 28.6114
565 29.1267
585 29.3313
590 29.1275
595 27.7307
5 0
10 43.2218
15 43.6387
20 43.6405
25 43.6704
30 43.2645
35 44.0012
40 43.6688
45 43.6599
50 43.6814
55 43.0857
60 44.2503
65 43.6971
70 43.6401
75 43.6249
80 43.5941
85 43.6323
90 43.6523
95 43.6583
100 43.6918
105 43.7288
110 43.666
115 43.6422
120 43.6561
125 43.6677
130 43.7028
135 43.6813
140 43.6713
145 43.686
150 43.6785
155 43.9875
160 43.37
165 43.656
170 43.702
175 43.653
180 43.6145
185 37.125
195 36.6772
205 36.5917
210 36.7613
230 36.504
235 36.7384
255 36.5767
260 35.8992
280 36.5922
285 36.6438
305 36.609
310 36.0111
330 36.5942
335 35.9157
355 36.5922
360 35.9127
375 36.607
385 35.678
400 36.6038
410 37.6241
425 36.5746
435 36.5126
440 36.4753
450 36.5978
460 35.9102
465 37.1768
475 36.5901
485 35.9295
490 37.8971
510 36.4858
515 36.7269
535 36.4805
540 36.7664
560 36.5877
565 36.0179
585 36.6212
590 35.8993
5 43.7255
10 43.7143
15 43.6706
20 43.7012
25 43.7341
30 43.7247
35 43.7161
40 43.6988
45 43.6914
50 43.7443
55 43.7163
60 43.7528
65 43.7684
70 43.7139
75 43.703
80 43.6749
85 43.666
90 43.7088
95 43.7006
100 43.6959
105 43.9856
110 43.4395
115 43.7123
120 43.7307
125 43.7226
130 43.7047
135 43.7346
140 43.7111
145 43.6777
150 43.7093
155 43.7016
160 43.6944
165 43.0604
170 44.3524
175 43.7268
180 43.0033
200 36.653
205 35.8345
225 36.6203
230 35.8549
250 36.6135
255 36.6181
270 36.6245
275 35.9585
280 36.0181
295 36.616
305 36.6156
310 36.6484
320 37.2986
330 37.3697
335 36.6287
345 36.6174
355 36.6401
370 36.6374
380 37.3047
385 36.6392
405 36.6295
410 36.6364
430 36.6449
435 36.0603
455 36.6247
460 36.6123
480 36.6229
485 35.9593
505 36.6197
510 36.0542
530 36.6436
535 35.8527
555 36.6363
560 35.8275
585 35.8618
600 36.6099
5 35.3825
10 43.7092
15 43.7223
20 43.7326
25 43.7018
30 43.7256
35 43.6892
40 43.7474
45 43.7465
50 43.7312
55 43.6821
60 43.6866
65 43.7118
70 43.6936
75 43.7387
80 43.7343
85 43.6854
90 43.7068
95 43.7722
100 43.7089
105 43.6939
110 43.6645
115 43.7127
120 43.6677
125 43.7092
130 43.6919
135 43.7023
140 43.7205
145 43.6749
150 43.7117
155 43.6836
160 43.7143
165 43.6983
170 43.6799
175 43.738
180 43.7426
200 36.6371
205 36.5426
225 36.0874
230 36.3195
250 36.6149
255 35.7135
270 36.6355
280 35.8564
295 36.6111
305 35.8483
320 36.6287
325 35.1043
330 37.9971
335 36.6282
345 36.6251
355 36.5506
360 36.7394
370 36.6297
380 36.6316
385 36.6324
405 37.3179
410 36.6586
430 36.6185
435 35.9634
455 36.6465
460 36.6297
480 35.1374
485 37.9622
505 36.6167
510 36.6616
530 36.6292
535 36.6336
550 36.6343
555 34.9943
560 37.3508
575 36.6405
580 34.2458
585 37.9329
600 36.6187
5 43.7428
10 43.7274
15 43.7474
20 43.7565
25 43.7669
30 43.7538
35 43.7859
40 43.776
45 43.7727
50 43.7787
55 43.7772
60 43.7677
65 43.7609
70 43.7525
75 43.7685
80 44.0025
85 43.7984
90 43.7341
95 43.7599
100 42.9921
105 44.295
110 43.7911
115 43.757
120 43.7519
125 43.7105
130 43.7501
135 43.7397
140 43.7056
145 43.7325
150 43.7892
155 43.7481
160 43.7541
165 43.7476
170 43.7118
175 43.7495
180 43.7656
195 28.6207
205 28.6056
210 28.612
220 28.292
230 28.0548
235 29.1235
245 28.5874
255 28.0277
260 29.077
285 28.601
305 28.0379
310 29.106
335 29.1328
360 28.6055
365 28.6022
385 28.5906
390 28.5842
410 28.605
415 28.5889
430 28.6202
435 28.6095
440 28.5915
450 28.5793
460 28.5674
475 28.5784
485 28.5965
500 28.579
510 28.3338
525 28.5938
535 28.0357
540 29.1207
550 28.6028
560 28.0294
565 29.1253
575 28.6133
590 29.1044
5 42.165
10 44.6728
15 43.6792
20 43.6536
25 43.6777
30 43.6553
35 43.7204
40 43.7004
45 43.6918
50 43.6384
55 43.6627
60 43.6843
65 43.6869
70 43.743
75 43.6713
80 43.7147
85 43.6925
90 43.6934
95 43.6905
100 43.6599
105 42.9772
110 44.3812
115 43.6887
120 43.699
125 43.7005
130 42.7418
135 43.8592
140 44.2618
145 43.6732
150 43.6555
155 41.8246
160 45.1373
165 43.7006
170 43.7437
175 43.6868
180 43.0004
205 35.0659
220 36.626
230 35.838
245 36.6052
255 34.9298
270 36.5995
280 34.5135
285 38.2644
295 36.5889
305 35.2143
310 37.7525
330 34.1063
335 38.4503
355 35.9424
360 37.2013
380 34.3595
385 38.3043
405 34.4436
410 38.31
430 36.6086
435 36.5567
455 35.8295
460 36.9462
485 35.9166
500 37.2533
510 36.141
525 36.6134
535 36.0355
540 37.1111
550 37.2589
560 35.8216
565 37.2631
575 36.6268
585 35.8354
590 37.2521
5 33.6941
10 44.059
15 43.4263
20 44.0262
25 43.7329
30 44.0657
35 43.4353
40 43.6816
45 43.7227
50 43.7337
55 42.8957
60 44.3154
65 43.7462
70 43.7484
75 43.7263
80 42.8821
85 44.3251
90 43.7465
95 43.7621
100 43.7065
105 43.3949
110 44.2794
115 43.7365
120 43.7253
125 43.7473
130 43.715
135 43.7786
140 43.7809
145 43.7654
150 43.7542
155 43.7599
160 43.1258
165 44.4837
170 43.7548
175 43.7325
180 42.528
185 37.7904
200 37.1528
205 36.0873
210 36.512
230 35.1492
235 38.2646
260 35.9774
285 36.0961
300 36.6162
310 35.9742
315 37.2297
325 36.6652
335 38.079
340 36.6593
350 37.4038
360 35.8566
365 37.3161
375 36.6266
385 35.8607
390 37.3223
400 37.1629
410 35.9756
415 37.2415
435 37.3191
440 36.6387
460 36.6513
465 36.7299
485 36.6498
490 37.5007
510 36.6471
515 36.6986
535 36.6685
540 36.8287
560 37.3074
565 36.0661
585 35.9632
590 36.5459
5 43.7144
10 43.7336
15 43.6961
20 43.6822
25 43.7035
30 43.7204
35 43.75
40 43.7065
45 43.7289
50 43.7056
55 42.3229
60 44.9795
65 43.7034
70 43.7176
75 43.7466
80 42.6689
85 44.6189
90 43.7307
95 43.7475
100 43.7365
105 43.0309
110 43.7202
115 44.349
120 43.6949
125 43.7069
130 42.9454
135 44.378
140 43.7116
145 43.6952
150 43.7128
155 43.0035
160 44.3335
165 43.7372
170 43.7391
175 43.7656
180 42.1851
200 36.6313
205 34.6076
230 35.1284
245 36.6348
255 34.8026
270 36.6311
280 35.5924
285 38.2908
295 36.6393
305 34.2584
320 36.813
330 35.2052
335 37.7993
355 34.9544
360 37.9251
380 34.0621
385 38.5341
405 35.2257
410 37.8038
430 36.6538
435 35.9591
455 36.0688
460 37.0213
485 35.9649
500 36.6199
510 36.0723
525 36.6339
530 35.1117
535 37.3549
540 37.3196
550 36.6205
560 37.2248
565 37.3228
575 36.6354
585 35.8734
590 36.6431
600 36.6463
10 41.7252
15 43.7362
20 43.751
25 43.741
30 43.7366
35 43.7619
40 43.7666
45 43.7141
50 43.7493
55 43.7612
60 43.7633
65 43.757
70 43.7239
75 43.737
80 43.7361
85 43.7562
90 43.7554
95 43.7441
100 43.7374
105 43.7272
110 43.741
115 43.7147
120 43.7516
125 43.7508
130 43.7723
135 43.7414
140 43.7479
145 43.7365
150 43.7309
155 43.7632
160 43.7902
165 43.7328
170 43.7397
175 43.7587
180 43.7255
200 36.6708
205 36.0817
225 36.6748
230 36.3577
250 35.9845
255 36.5941
270 36.6908
280 35.8848
295 36.6993
305 35.9097
310 37.3594
320 36.6793
330 35.9139
335 37.3213
345 36.6735
355 35.9276
360 37.3508
380 35.9242
385 37.3545
405 35.8991
410 37.3737
435 35.9944
455 35.9755
460 36.6471
480 35.996
485 35.9908
505 35.9662
510 35.849
535 35.1737
550 36.6754
555 35.4011
560 36.678
575 35.2713
585 34.9279
600 36.0148
5 33.1741
10 42.5502
15 43.711
20 43.7011
25 43.7438
30 43.6725
35 43.7665
40 43.7169
45 43.7023
50 43.6913
55 43.1518
60 44.3417
65 43.6998
70 43.6597
75 43.687
80 43.3976
85 44.0259
90 43.6699
95 43.693
100 43.6806
105 42.4312
110 44.9182
115 43.6823
120 43.6932
125 43.7046
130 42.703
135 44.67
140 43.6835
145 43.7155
150 43.704
155 43.3543
160 43.9452
165 43.6683
170 43.701
175 43.6513
180 43.0294
200 36.6503
205 34.3344
225 35.9347
230 36.1942
250 36.6347
255 35.3613
270 36.6467
280 35.9617
295 36.6386
305 35.8796
320 36.6625
330 36.5762
345 36.644
355 36.0698
360 37.8024
370 36.6141
380 34.2103
395 36.6312
405 36.2116
410 38.0746
430 35.1092
435 37.8553
455 34.1588
460 38.5576
480 34.8467
485 38.0914
505 35.2148
510 38.3078
530 35.1389
535 38.0707
555 36.6482
560 36.4984
580 36.6499
585 35.9534
5 42.032
10 39.7886
15 43.7375
20 43.7376
25 44.0686
30 43.0643
35 43.9654
40 43.7577
45 43.724
50 43.7198
55 42.948
60 44.3223
65 43.7074
70 43.7169
75 43.696
80 42.9353
85 44.3676
90 43.7054
95 43.7454
100 43.7334
105 43.2655
110 44.0329
115 43.7491
120 43.71
125 43.7288
130 43.2733
135 44.0495
140 43.733
145 43.7326
150 43.7153
155 43.3316
160 43.9948
165 43.7156
170 43.6941
175 43.693
180 43.6759
185 37.4651
190 36.6749
205 34.3154
210 38.3951
215 36.6495
230 36.6379
235 37.9279
240 36.5742
260 37.2634
265 35.8891
280 35.1267
285 37.2535
290 37.3124
305 35.282
310 37.2648
315 37.329
330 35.1046
335 37.7298
340 36.8393
355 35.3752
360 37.2567
5 44.1098
10 43.7242
15 43.7297
20 43.7472
25 43.7557
30 43.7503
35 43.7522
40 43.7301
45 43.7797
50 43.7445
55 43.7898
60 43.7768
65 43.7119
70 43.7445
75 43.7308
80 43.77
85 43.7474
90 43.7351
95 43.7071
100 43.7301
105 43.6718
115 44.3466
120 43.7692
125 43.6875
130 43.7544
135 43.4163
140 44.0533
145 43.7521
150 43.7496
155 43.7333
160 43.3814
165 44.0453
170 43.7629
175 43.7582
180 43.747
185 36.0029
200 36.6426
205 36.6505
210 35.8664
225 36.6499
230 36.6547
235 35.8825
255 36.6593
260 35.8942
280 35.5241
285 37.0177
300 36.6414
305 36.6658
310 35.8746
325 36.6814
330 36.6556
335 35.8625
350 36.6715
355 36.6437
360 35.8756
375 36.6413
380 36.6667
385 35.9049
400 36.6765
405 36.6687
410 35.8645
415 37.3417
430 36.6404
435 35.8618
455 36.8088
460 35.8955
465 36.7515
480 36.666
485 35.8944
490 36.7604
505 36.6891
510 36.6499
515 35.8692
530 36.6453
535 36.6579
540 35.9054
560 36.657
565 35.8806
585 36.6527
590 35.8857
5 43.6384
10 43.7072
15 43.6586
20 43.6702
25 43.6739
30 43.6937
35 43.7124
40 43.6545
45 43.6873
50 43.6988
55 43.6824
60 43.6485
65 43.6751
70 43.6831
75 43.6898
80 43.653
85 43.6711
90 43.6956
95 43.6739
100 43.7186
105 43.693
110 43.3511
115 44.0731
120 43.688
125 43.7005
130 43.6702
140 43.6903
145 43.6703
150 43.6177
155 43.6555
160 43.424
165 44.0697
170 43.7205
175 43.6694
180 43.7165
185 36.6964
200 36.6274
205 36.6269
210 36.6769
230 36.6433
235 36.1434
255 36.6455
260 35.0142
275 36.6533
280 36.6326
285 35.8603
300 36.6286
305 35.9366
310 36.5456
325 36.5825
330 36.6453
335 35.7396
350 37.2793
355 36.6301
360 35.831
375 36.6286
380 36.0751
385 36.4266
400 36.6285
405 36.6189
410 35.9537
435 35.9534
460 36.6266
465 37.2275
485 36.6509
490 37.2336
510 36.6287
515 36.9364
535 36.6317
540 36.7136
560 36.64
565 36.5392
585 35.9437
590 36.6308
10 44.3445
15 43.7147
20 43.7287
25 43.7615
30 43.0389
35 44.4143
40 43.7014
45 43.7461
50 43.7535
55 43.4098
60 44.0945
65 43.7393
70 43.7734
75 43.7942
80 43.0753
85 44.2706
90 43.7576
95 43.723
100 43.7053
105 43.7706
110 43.7724
115 43.78
120 43.7198
125 43.7534
130 43.7065
135 43.7077
140 43.7601
145 43.7858
150 43.7534
155 43.7493
160 43.8025
165 43.773
170 43.7274
175 43.7495
180 43.7407
185 37.0791
205 35.9623
210 37.2484
230 38.0158
235 37.3732
255 36.6263
260 36.0058
280 36.657
285 36.7426
305 36.6377
310 36.6837
330 36.6736
335 36.759
355 36.665
360 36.0696
375 36.6683
380 36.6739
385 35.9941
400 36.6517
405 36.6191
410 35.8784
425 36.6587
435 35.8807
450 36.6428
460 35.8682
485 35.8747
510 35.881
535 35.9867
540 37.3179
560 36.6762
565 36.7723
585 36.6312
590 36.7293
5 0
10 41.5912
15 43.6408
20 43.6829
25 43.7064
30 43.6957
35 43.683
40 43.6548
45 43.7092
50 43.7044
55 43.7077
60 43.6933
65 43.6783
70 43.7352
75 43.6338
80 43.7212
85 43.6702
90 43.6543
95 43.6733
100 43.655
105 43.6761
110 43.6481
115 43.704
120 43.7065
125 43.6633
130 43.6726
135 43.674
140 43.7174
145 43.6685
150 43.6682
155 43.6587
160 43.6638
165 43.6386
170 43.7109
175 43.6813
180 43.3205
200 36.6114
205 36.5884
225 36.5981
230 35.7955
250 36.6291
255 35.9474
280 35.8366
300 36.6107
305 35.8434
320 36.6334
330 35.8285
345 36.5995
355 35.8644
370 36.5965
380 35.8176
395 36.5796
405 36.5231
410 37.2987
420 36.599
430 34.9479
435 37.8752
455 35.8416
460 36.4688
480 35.822
485 37.2911
505 35.9657
510 37.2872
530 35.9502
535 36.6136
555 36.6232
560 36.068
580 34.956
585 37.3103
5 41.999
10 43.5333
15 43.7635
20 43.7175
25 43.6788
30 43.7957
35 43.6963
40 43.7353
45 43.764
50 44.4016
55 42.5415
60 44.3217
65 43.7371
70 43.7184
75 43.7146
80 43.3722
85 44.0559
90 43.735
95 43.7047
100 43.7003
105 43.7371
110 43.7342
115 43.7009
120 43.742
125 43.707
130 43.3632
135 44.0265
140 43.7079
145 43.7328
150 43.7396
155 43.6881
160 43.7435
165 43.7673
170 43.7206
175 43.7181
180 43.7018
185 29.9722
190 28.6032
200 28.6138
210 29.11
215 28.6325
225 28.6091
235 29.1485
240 28.6264
260 28.6144
265 28.37
285 28.6322
290 28.6188
295 28.5801
310 28.8524
315 28.0212
320 29.1325
330 28.3398
340 28.3585
355 28.3464
365 28.6219
380 28.6313
390 28.8863
395 28.6088
415 28.887
440 29.1308
455 28.6302
465 29.0876
470 28.6317
480 28.6612
490 29.095
505 28.6225
515 29.1422
520 28.6156
540 28.8597
545 28.6136
560 28.6032
565 28.6059
570 28.6324
590 28.3273
595 28.3443
600 28.8897
10 31.1878
15 43.0759
20 43.8227
25 43.8543
30 43.1878
35 44.4172
40 43.8237
45 43.8273
50 43.8517
55 43.8273
60 43.8578
65 43.8327
70 43.4347
75 44.1803
80 43.8496
85 43.7961
90 43.7901
95 43.8
100 43.8313
105 43.8118
110 43.7957
115 43.8183
120 43.8265
125 43.791
130 43.8576
135 43.8042
140 43.8327
145 43.8407
150 43.8575
155 43.868
160 42.9806
165 44.0927
170 44.4656
175 43.8101
180 43.8412
205 35.916
210 37.3852
230 36.7133
235 36.7241
255 36.7127
260 36.4791
280 36.6917
285 35.8943
305 36.703
310 36.1525
330 36.687
335 36.0011
350 36.688
355 36.7248
360 36.0725
375 36.5859
380 36.3922
385 36.2701
400 36.6795
405 36.7035
410 35.9158
425 36.7063
430 35.1634
435 37.2849
450 36.6903
460 36.488
485 35.9137
490 37.5079
510 36.706
515 36.697
535 36.6806
560 36.7107
565 36.5751
585 37.2979
590 35.9256
5 35.5436
10 43.8167
15 43.7928
20 43.8383
25 43.7968
30 43.7624
35 43.861
40 43.8246
45 43.8132
50 43.8479
55 43.0456
60 44.4249
65 43.8442
70 43.8292
75 43.8175
80 42.779
85 44.7082
90 43.8289
95 43.8324
100 43.8021
105 43.7378
110 43.8874
115 43.8653
120 43.8175
125 43.8518
130 43.0743
135 44.4078
140 43.8407
145 43.8357
150 43.8102
155 44.219
160 43.5147
165 43.8056
170 43.8563
175 43.834
180 44.1665
195 36.6934
205 35.9196
220 36.6714
230 34.7715
245 36.7181
255 36.8021
260 37.8659
270 36.6886
280 35.9225
285 37.4004
295 36.6901
305 35.935
310 37.4423
320 36.7121
330 36.0484
335 36.9303
355 35.2774
360 37.8646
380 35.1736
385 37.9884
405 35.0113
410 38.1818
430 36.6992
435 36.219
455 36.6701
460 36.0222
480 36.7239
485 35.9177
505 35.9962
510 36.5958
530 36.6887
535 35.7761
550 36.7151
560 37.3547
575 36.7234
585 36.6021
600 36.6901
5 0
10 43.2351
15 43.7516
20 43.7573
25 43.7384
30 43.4525
35 44.0352
40 43.8082
45 43.7274
50 43.8192
55 43.39
60 44.0789
65 43.7303
70 43.7344
75 43.7315
80 43.425
85 44.0733
90 43.7351
95 43.746
100 43.7304
105 43.3733
110 44.0715
115 43.7645
120 43.7238
125 43.7137
130 42.9935
135 43.8072
140 43.7039
145 43.7592
150 43.7558
155 43.3845
160 44.0808
165 43.7155
170 43.715
175 43.759
180 43.3598
200 36.6104
205 35.6062
230 35.8246
255 35.9472
270 36.6164
280 35.8692
295 36.6022
305 36.604
310 36.606
320 36.6064
330 35.8499
335 37.3114
345 36.6005
355 35.9064
360 37.1799
370 37.388
380 36.7001
385 35.8372
405 35.8319
410 37.2258
430 36.6201
435 35.8303
455 36.6217
460 35.928
480 36.6171
485 35.9483
505 36.6281
510 35.8336
530 36.6084
535 35.8712
555 36.6082
560 35.8573
585 35.8202
600 36.6454
5 42.2028
10 45.0045
15 43.7472
20 43.7565
25 43.7108
30 42.4909
35 45.0212
40 43.783
45 43.7585
50 43.7702
55 42.7994
60 44.6742
65 43.7718
70 43.78
75 43.7332
80 42.3903
85 44.8881
90 43.7392
95 43.7819
100 43.7249
105 44.102
110 43.4873
115 43.7446
120 43.7541
125 43.7313
130 43.0172
135 44.0518
140 44.0691
145 43.7232
150 43.7419
155 43.3385
160 44.0309
165 43.757
170 43.7231
175 43.7445
180 43.0188
185 37.8011
190 36.6217
210 37.8821
215 36.6353
235 37.7983
240 36.7945
245 36.6645
260 38.075
265 36.6231
270 36.6614
285 37.8369
290 36.6396
295 36.6863
315 36.7418
340 36.5272
355 35.1207
365 37.3942
380 35.1525
390 37.3243
395 36.6381
405 34.9794
415 37.3246
420 36.6219
430 35.9679
440 37.3279
445 36.6363
455 36.6566
465 37.3366
470 36.6399
490 37.3563
495 36.6564
515 36.6828
520 36.6424
535 35.8816
540 37.3776
545 36.6373
565 37.3348
570 36.5399
575 36.7427
595 37.174
600 37.2654
5 43.7299
10 43.7802
15 43.7292
20 43.7523
25 43.7418
30 43.7205
35 43.7219
40 43.7202
45 43.7318
50 43.7493
55 43.7545
60 43.7262
65 43.7531
70 43.7553
75 43.7244
80 43.7354
85 43.7249
90 43.7397
95 43.7415
100 43.7054
105 43.7374
110 43.7447
115 43.7436
120 43.7071
125 43.7303
130 43.7292
135 43.7062
140 43.741
145 43.7217
150 43.7364
155 43.7268
160 43.7213
165 43.7267
170 43.6856
175 44.0666
180 42.7205
185 37.1931
190 36.6753
195 36.6572
200 36.6709
205 35.9742
210 37.3393
215 36.6685
225 36.6863
230 35.8712
235 37.3312
240 36.6677
250 36.6786
255 35.8502
260 37.3541
265 36.6422
280 35.8883
285 37.3265
290 36.7739
300 36.6506
305 35.8847
310 37.3434
315 36.6248
320 36.6459
330 36.0063
335 37.3403
340 36.6544
345 36.6544
355 35.912
360 37.3593
365 36.6501
370 36.6539
375 36.6385
380 35.8846
385 37.329
390 36.6337
395 36.6428
405 38.0664
410 35.9675
415 37.2225
420 36.7458
430 36.6509
435 35.8819
440 36.6358
445 37.3859
455 36.6945
460 36.6678
465 36.6746
470 36.6681
480 36.6397
485 36.6285
490 36.6439
495 36.6507
505 36.6544
510 35.8667
515 37.3928
520 36.6722
525 36.6508
530 35.9765
535 36.5605
540 37.4008
545 36.6702
555 36.6558
560 35.8869
565 37.2944
570 36.6699
580 35.167
585 37.3721
590 37.3254
595 36.6509
5 43.8147
10 43.7954
15 43.8265
20 43.7862
25 43.8092
30 43.8319
35 43.8128
40 43.8452
45 43.8216
50 43.788
55 43.8317
60 43.7665
65 43.8163
70 43.1761
75 44.5017
80 44.1005
85 43.47
90 43.7955
95 43.8213
100 43.381
105 44.6107
110 43.1545
115 43.8469
120 43.8234
125 43.8105
130 43.5295
135 44.1551
140 43.8547
145 43.8139
150 43.8236
155 43.4255
160 44.1801
165 43.8418
170 43.8004
175 43.7911
180 43.7815
205 36.5767
230 36.249
245 36.6994
255 36.8415
260 36.5637
270 36.6641
280 35.0326
295 36.721
305 37.2694
310 37.3519
320 36.7098
330 35.9332
335 37.4019
345 37.8577
355 35.9004
360 37.3566
380 36.0161
385 37.3764
405 36.6845
410 36.777
430 36.713
435 36.7949
455 36.7463
460 36.6537
480 36.6947
485 36.6517
505 36.7028
510 36.2369
535 36.7876
555 36.0039
560 36.5827
575 36.6887
585 35.987
600 36.6697
5 43.669
10 43.6927
15 43.704
20 43.6797
25 43.7106
30 43.7419
35 43.6897
40 43.6903
45 43.685
50 43.7144
55 43.7105
60 43.7171
65 43.668
70 43.6586
75 44.4051
80 43.1718
85 43.7126
90 43.693
95 43.6874
100 43.7245
105 43.7053
110 43.7101
115 43.689
120 43.7065
125 43.7128
130 43.6899
135 43.0039
140 44.3445
145 43.7136
150 43.7159
155 43.6947
160 43.6815
165 43.6933
170 43.6638
175 43.7149
180 43.99
200 36.6187
205 36.5502
225 36.5946
230 36.6989
250 35.9304
255 36.5295
275 36.5909
280 35.9221
300 36.5944
305 36.1437
325 36.5844
330 35.9487
345 35.9565
355 35.9331
370 36.6119
380 36.5976
395 36.589
405 36.6176
410 36.6115
420 36.7062
430 36.7988
435 37.2564
445 36.6173
455 36.6281
460 36.5622
470 36.4778
480 36.6505
485 36.6612
505 36.6552
510 36.6069
530 36.6359
535 36.6942
555 36.6063
560 36.7058
580 36.6056
585 37.2509
10 42.9817
15 43.7799
20 43.7939
25 43.7824
30 42.7146
35 44.6357
40 43.82
45 43.7837
50 43.8166
55 43.6954
60 43.2235
65 44.4661
70 43.8282
75 43.8278
80 42.5816
85 44.6564
90 43.7892
95 43.8084
100 43.8041
105 43.3911
110 44.1479
115 43.7681
120 43.802
125 43.8373
130 43.0456
135 44.397
140 43.7742
145 43.7902
150 43.7899
155 42.5493
160 44.5596
165 43.801
170 43.7968
175 43.7742
180 42.2708
195 36.6831
205 35.5696
210 38.1391
220 37.3586
230 36.692
235 36.668
255 33.6302
260 38.3403
280 34.5137
285 38.5879
305 35.1465
310 37.9127
330 36.6615
335 35.9979
355 36.6774
360 36.009
380 36.6918
385 35.7776
410 36.5187
425 36.7066
435 36.6459
450 36.6703
460 35.9186
465 37.3675
475 36.6769
485 35.8947
490 37.3667
500 36.6795
510 35.9215
525 36.8527
535 36.0418
540 37.3624
560 35.9115
565 37.2391
585 36.4977
590 36.8617
5 35.7092
10 43.4395
15 43.7267
20 43.7496
25 43.7485
30 43.4445
35 44.0094
40 43.759
45 43.7974
50 43.78
55 43.7539
60 43.8056
65 43.7822
70 43.7826
75 43.79
80 43.788
85 43.7483
90 43.7632
95 43.7746
100 43.8035
105 43.7685
110 43.7459
115 43.8019
120 43.7587
125 43.778
130 43.7339
135 43.7902
140 43.776
145 43.7548
150 43.7723
155 43.76
160 43.7527
165 43.7603
170 43.7883
175 43.7879
180 43.6996
195 35.9798
205 36.645
220 36.6722
230 36.6449
255 35.4118
260 37.1631
280 36.5576
285 36.2064
305 36.6848
310 36.0631
330 36.5536
335 35.9958
355 36.6624
360 35.8983
380 36.6588
385 35.8964
405 36.6829
410 35.8775
430 35.0281
435 37.4606
450 36.669
455 36.6456
460 35.8784
475 36.6457
480 36.6406
485 35.8696
500 36.6596
510 37.2942
525 36.6373
535 36.7098
540 36.5743
550 37.3532
560 36.6546
560 35.8702
585 36.8004
590 35.6335
10 42.3748
15 43.7427
20 43.7333
25 43.7321
30 43.8011
35 43.7229
40 43.7748
45 43.7518
50 43.7252
55 43.7623
60 43.7295
65 43.6946
70 43.734
75 43.4087
80 44.0497
85 43.7732
90 43.7225
95 43.7532
100 43.4153
105 43.4514
110 44.3315
115 43.7148
120 43.7559
125 43.4177
130 44.0188
135 43.7621
140 43.7619
145 43.678
150 43.3859
155 43.6855
160 44.0322
165 43.7917
170 43.7323
175 43.7318
180 43.4416
200 37.4831
205 36.6961
225 36.6205
230 36.0487
250 36.6607
255 36.4319
275 36.6315
280 35.9551
305 36.0738
320 36.6572
325 35.1454
330 37.4099
345 34.7383
355 36.1948
360 37.321
370 36.6704
380 37.3915
385 37.2728
395 36.6455
405 35.7074
410 37.4353
420 36.6547
430 36.5588
435 37.3477
455 35.7333
460 37.4522
480 37.3436
485 36.5407
505 36.658
510 36.5399
530 36.635
535 36.7099
555 35.3989
560 37.6606
580 36.6481
585 35.8764
10 42.874
15 44.6547
20 43.6532
25 43.6781
30 43.0882
35 44.3396
40 43.6757
45 43.7102
50 43.6946
55 43.0691
60 44.3527
65 43.6968
70 43.6846
75 43.6986
80 43.6725
85 43.6781
90 43.7085
95 43.6991
100 43.7304
105 43.685
110 43.6735
115 43.664
120 43.6765
125 43.7022
130 43.291
135 44.0832
140 43.6539
145 43.682
150 43.6864
155 43.3229
160 44.0215
165 43.6571
170 43.6863
175 43.6768
185 37.0142
200 36.5631
210 36.5882
225 36.5121
235 37.286
250 36.5972
260 36.4527
265 36.739
275 36.6065
285 36.1048
290 37.0984
300 36.581
310 36.5766
315 36.6393
335 36.5616
340 36.6205
365 37.2381
385 36.0313
390 37.2075
395 36.5949
415 37.3425
420 36.6086
435 37.2545
440 37.4176
445 36.6012
465 37.2846
470 36.5788
490 37.2912
515 36.6006
530 36.593
535 35.8017
540 37.3556
545 35.9027
565 36.6945
570 36.6489
580 36.6045
590 36.4512
595 36.7069
5 35.4905
10 44.0646
15 43.7804
20 43.7852
25 43.7359
30 44.0399
35 43.3866
40 43.7524
45 43.778
50 43.7409
55 44.0321
60 43.3859
65 43.773
70 43.755
75 43.7867
80 44.06
85 43.3938
90 43.7666
95 43.7494
100 43.7533
105 43.4744
110 44.0286
115 43.7665
120 43.7837
125 43.7544
130 44.1001
135 43.007
140 44.0504
145 43.7142
150 43.7508
155 43.3407
160 44.1443
165 43.378
170 44.1448
175 43.7349
180 42.9418
200 35.9839
205 35.0254
225 36.6423
230 35.9783
255 35.0271
275 36.6479
280 34.1675
295 36.6426
305 35.0118
320 36.6219
330 34.1588
345 37.3278
355 35.0106
360 38.0134
370 36.6459
380 36.6424
385 37.4108
395 36.6669
405 36.0081
410 37.8658
420 36.5314
430 36.6956
435 37.8094
455 36.7608
460 36.5578
480 35.122
485 38.4479
505 34.9947
510 38.1129
530 35.8373
535 36.6788
555 35.1364
560 37.3201
580 35.2614
585 37.3007
10 43.4256
15 43.6734
20 43.7508
25 43.7033
30 43.1474
35 44.2703
40 43.7205
45 43.6998
50 43.7128
55 43.7275
60 43.7047
65 43.7309
70 43.7294
75 43.7169
80 43.4025
85 44.0512
90 43.7078
95 43.7718
100 43.7118
105 43.1124
110 44.352
115 43.7559
120 43.7196
125 43.7012
130 43.4134
135 44.0378
140 43.7022
145 43.7348
150 44.358
155 43.1625
160 43.7015
165 43.7049
170 43.7197
175 43.7338
180 43.3736
200 28.6195
205 28.6176
225 28.5969
230 28.5787
250 28.6071
255 28.6018
280 28.906
305 28.5957
320 28.605
330 28.318
345 28.5945
355 28.0156
360 29.0963
370 28.5909
380 28.2968
385 29.1039
395 28.6197
405 28.6186
410 28.8305
430 27.9857
435 29.1075
455 28.5628
460 28.5922
480 28.5916
485 28.8644
505 28.5852
510 29.1022
530 28.5923
535 29.0953
555 28.5906
560 29.1049
580 28.602
585 28.5561
600 28.6081
10 41.2616
15 43.5943
20 43.6666
25 43.6357
30 42.8865
35 44.2836
40 43.6381
45 43.663
50 43.6259
55 42.839
60 44.2513
65 43.6258
70 43.6647
75 43.0283
80 43.4744
85 44.2988
90 43.6325
95 43.6692
100 43.6442
105 43.2694
110 44.2099
115 43.6491
120 43.6569
125 43.6614
130 42.9342
135 44.1863
140 43.6647
145 43.634
150 43.5838
155 43.646
160 43.6458
165 43.9196
170 43.6051
175 43.6045
180 43.2788
185 29.4725
195 27.9496
205 27.6107
210 29.5082
230 28.2492
235 29.7368
255 28.5133
260 29.0398
280 27.656
285 29.7092
305 28.5463
310 29.0327
330 27.276
335 29.6899
355 28.5176
360 28.5409
380 28.7821
385 28.5446
400 28.5551
410 28.5355
425 28.5324
430 28.2268
435 28.4969
440 28.7811
450 28.5435
460 28.7842
465 28.5463
475 28.5035
485 28.5146
490 28.8006
500 28.5268
510 28.5383
515 29.0497
535 28.5274
540 29.0181
560 28.5177
565 29.04
585 28.5407
590 29.0202
20 43.7644
25 43.7502
30 43.7211
35 43.7975
40 43.8067
45 43.7296
50 43.6974
55 43.8143
60 43.7316
65 43.7975
70 43.7682
75 43.7381
80 43.1183
85 44.4227
90 43.7752
95 43.7523
100 43.7341
105 43.7287
110 43.8195
115 43.7459
120 43.7473
125 43.7886
130 43.3765
135 44.1109
140 43.7626
145 43.7957
150 43.7548
155 43.4498
160 44.0216
165 43.795
170 43.7657
175 43.768
180 43.454
200 35.9824
205 36.6514
220 36.6691
230 35.9263
245 36.6856
255 37.2553
260 37.3387
270 36.6577
280 35.9281
295 37.3536
305 35.9151
310 37.3822
330 36.7169
335 37.3591
