5 30.6114232558
10 30.0863674419
15 30.0493902439
20 30.1107767442
25 30.0614906977
30 30.1484674419
35 30.0401418605
40 30.07125
45 30.0857166667
50 30.060402381
55 30.1583232558
60 29.9972534884
65 30.077497561
70 30.064644186
75 30.1128511628
80 30.1493785714
85 29.9923906977
90 30.0822853659
95 30.054955814
100 30.1094
105 30.1523595238
110 30.0362069767
115 30.0584837209
120 30.0561069767
125 30.0912627907
130 30.1334309524
135 30.0049142857
140 30.0897906977
145 30.0802046512
150 30.0860930233
155 30.1990883721
160 29.9710952381
165 30.0942333333
170 30.0743837209
175 30.0743837209
180 39.9727813953
185 40.1230372093
190 39.9630511628
195 40.2003930233
200 40.0900232558
205 40.1750116279
210 39.9400162791
215 40.1425465116
220 40.1725581395
225 40.0930744186
230 40.1319534884
235 40.2313465116
240 39.9942883721
245 40.0889837209
250 39.7397
255 39.7267093023
260 39.9445139535
265 39.6511930233
270 39.8511813953
275 39.8735
280 39.917727907
285 39.7105418605
290 40.0325186047
295 40.1146674419
300 39.8446232558
305 40.1226232558
310 40.015044186
315 40.0611255814
320 40.0846069767
325 39.8941046512
330 40.148455814
335 40.1026511628
340 39.9257697674
345 39.4382232558
350 39.8734534884
355 40.143702381
360 40.0300928571
365 39.949495
370 39.89403
375 40.010875
380 39.9878025
385 39.8861825
390 39.603395
395 40.190475
400 39.9715525
405 39.755345
410 39.8330525
415 39.6186025
420 39.752075
425 40.1835275
430 40.1276325
435 40.0201225
440 39.720195
445 39.6586375
450 39.98227
455 39.9398325
460 40.0097275
465 40.0178725
470 40.0887525
475 40.137825
480 40.133075
485 39.9490125
490 39.9986425
495 40.3241675
500 39.863615
505 40.04542
510 39.6717375
515 40.135405
520 39.7843025
525 39.8913125
530 39.9596175
535 39.922415
540 40.42746
545 39.7674625
550 39.87231
555 40.0865025
560 39.58163
565 40.13709
570 39.88461
575 39.8498925
580 39.904685
585 40.2036675
590 39.80375
595 39.87006
600 40.294545
