5 31.0082675676
10 43.1263744681
15 43.7272
20 43.714788
25 43.745572
30 43.5895857143
35 43.8616428571
40 43.721582
45 43.730938
50 43.763784
55 43.5343612245
60 43.89875
65 43.748214
70 43.715212
75 43.67736
80 43.492174
85 44.011128
90 43.731734
95 43.7374
100 43.668682
105 43.548086
110 43.9319897959
115 43.793794
120 43.733526
125 43.718536
130 43.421758
135 43.9467755102
140 43.80151
145 43.73092
150 43.744986
155 43.490514
160 43.885808
165 43.768336
170 43.766492
175 43.73795
180 43.4411446809
185 27.5767142857
190 28.36022
195 27.98535
200 28.7815
205 27.619275
210 28.066812
215 28.25326
220 29.4461
225 28.39518
230 27.9195
235 27.9570111111
240 25.9734
245 28.7587
250 28.4927
255 27.7359121951
260 27.9904517241
265 27.40126
270 28.7583
275 28.3555375
280 27.9019666667
285 27.93441
290 27.3634
295 29.43905
300 27.3674
305 27.7563631579
310 28.372125641
315 26.6046375
320 29.5159
325 28.9041
330 27.7861540541
335 28.374265
340 27.1150222222
345 27.3458666667
350 27.3458666667
355 27.8382294118
360 28.4946883721
365 27.0806444444
370 29.1661
375 29.68865
380 28.001783871
385 28.3763804878
390 28.11878
395 29.427
400 29.427
405 27.401725
410 28.8440166667
415 27.4202083333
420 29.4257
425 29.4257
430 27.9922928571
435 28.4596477273
440 28.0549714286
445 29.4236
450 29.9466
455 28.145344
460 28.3867780488
465 27.3790631579
470 30.0593
475 29.0203
480 27.6126478261
485 28.30536
490 27.8368090909
495 27.05644
500 29.42615
505 28.156425
510 28.198445
515 27.6248318182
520 27.11364
525 29.3641
530 27.97374
535 28.437574359
540 27.7908884615
545 27.57255
550 29.43615
555 28.88523
560 28.3669771429
565 27.8006461538
570 28.5652833333
575 29.4427
580 28.5469571429
585 28.0667194444
590 28.27783
595 27.2766
600 29.43335
