5 43.8649
10 44.6252
15 43.9422
20 44.6256
25 44.6279
30 44.6278
35 44.6093
40 44.6415
45 44.6693
50 44.6144
55 43.6683
60 45.5895
65 43.9282
70 44.6414
75 44.6376
80 44.2701
85 44.9379
90 44.6169
95 43.9221
100 44.609
105 44.5732
110 44.6683
115 44.6678
120 43.9961
125 43.9651
130 43.2393
135 44.8495
140 44.3754
145 44.6312
150 44.6222
155 44.6646
160 44.6222
165 44.9519
170 44.6179
175 44.6166
180 44.6376
185 27.1237
190 25.4295
195 25.4054
215 25.1298
220 25.8385
225 24.6524
230 26.4961
245 25.1285
250 25.3993
265 25.1127
275 25.4158
280 25.3975
285 26.0448
290 25.1638
295 25.8076
300 25.3513
325 25.0852
330 24.8357
335 23.4442
340 25.614
345 24.6292
350 25.4288
355 25.3905
365 23.8795
370 24.3366
375 25.4054
385 24.6506
395 25.4145
400 25.3514
405 25.3812
410 25.3603
415 25.3985
420 25.4074
425 24.6984
430 25.4225
445 25.8587
450 25.3964
455 25.152
475 25.8419
540 23.1296
545 26.1406
550 25.1039
555 25.3751
560 25.4075
565 26.224
570 24.2696
575 25.4038
585 25.3847
600 25.3897
5 0
10 44.3766
15 44.6487
20 44.6778
25 44.6575
30 43.9843
35 45.2676
40 44.652
45 44.6171
50 44.6586
55 43.9475
60 44.6543
65 44.6709
70 44.6496
75 44.6272
80 44.6406
85 44.6591
90 44.6178
95 44.6505
100 44.6772
105 44.2856
110 44.401
115 45.2864
120 44.6291
125 44.6243
130 44.0033
135 45.2138
140 44.6334
145 44.6648
150 44.6476
155 44.3173
160 44.6266
165 44.6527
170 44.6632
175 44.6522
180 44.6215
190 25.8624
195 25.4829
200 25.4224
215 25.385
220 26.2937
225 25.0472
240 23.8927
260 25.427
270 25.4118
275 25.8097
285 25.3978
290 25.4446
295 25.4501
300 24.4061
315 25.9247
320 25.4378
325 25.4058
330 25.4337
335 25.7936
345 25.4285
350 24.6408
355 25.1705
375 24.6526
380 25.4576
395 24.6564
400 25.3052
405 25.0435
420 25.1039
425 25.1832
435 25.2825
440 26.4424
450 25.3511
455 25.8694
460 25.5398
480 25.8731
495 25.4269
505 25.419
515 24.938
520 25.4801
525 24.7218
535 25.9031
540 25.413
545 25.8669
555 24.718
560 25.4249
565 25.4043
580 25.4472
590 24.7734
5 29.8013
10 40.4385
15 44.7073
20 44.7234
25 44.7095
30 43.9653
35 45.2837
40 44.7449
45 44.6616
50 44.6692
55 43.9296
60 45.2837
65 44.7401
70 44.7041
75 44.0302
80 43.9736
85 45.265
90 44.71
95 44.7286
100 44.6818
105 43.1672
110 45.7621
115 44.7232
120 44.7346
125 44.6957
130 44.6961
135 44.3242
140 44.9861
145 44.6873
150 44.7096
155 43.2062
160 45.2062
165 45.3563
170 44.6864
175 44.751
180 44.7464
480 25.482
495 25.6002
500 25.4944
525 25.3141
530 25.4214
540 25.4958
550 24.7129
555 25.4865
560 25.9074
590 25.4702
5 37.9845
10 44.9728
15 44.6107
20 44.614
25 44.641
30 44.6404
35 44.6044
40 43.9332
50 44.6399
55 44.6115
60 44.6422
65 44.6423
70 44.6367
75 44.5949
80 44.6437
85 44.6122
90 44.6502
95 44.6233
100 44.6067
105 44.7168
110 44.6504
115 44.9751
120 44.9158
125 44.6107
130 44.6651
135 44.6411
140 44.6206
145 44.6283
150 44.6376
155 44.6293
160 44.943
165 44.6412
170 44.6451
175 44.5933
180 44.6319
185 26.2806
190 24.5231
195 25.3688
200 25.365
210 26.7234
215 24.4906
220 25.8075
230 24.3378
235 25.1093
240 25.5308
245 25.3189
255 25.3645
260 25.3218
275 25.3038
285 25.0665
290 24.6672
295 25.344
300 24.5653
305 25.8016
320 25.3663
335 25.3567
345 25.3955
355 25.0127
370 25.8019
375 25.3628
380 25.3753
390 25.3303
395 25.3307
420 24.6148
430 25.8144
435 25.3638
445 24.6782
455 25.8027
460 25.3778
465 25.8848
470 24.8754
475 25.344
485 25.8078
505 25.1258
520 25.5846
530 25.2146
535 25.8025
550 25.1569
555 25.298
560 25.4132
575 24.6119
585 24.5705
590 24.9525
595 25.7178
600 25.3636
5 36.1996
10 43.9616
15 43.9381
20 44.623
25 44.6602
30 44.7118
35 43.9926
40 44.6571
45 44.6361
50 44.6436
55 44.6357
60 44.2713
65 44.6626
70 44.6532
75 44.683
80 44.6581
85 44.6653
90 44.6395
95 44.6529
100 44.7128
105 44.2784
110 44.3739
115 44.9328
120 44.6599
125 44.6829
130 44.6845
135 44.6609
140 44.668
145 43.9554
150 44.7081
155 45.0121
160 44.3664
165 44.6666
170 44.651
175 44.6412
180 43.5796
185 26.7082
195 24.6689
200 25.882
215 25.8605
220 24.6859
230 25.4164
235 25.3151
240 25.4348
250 24.6788
260 25.4311
265 25.5757
270 25.8613
275 24.4425
285 24.5776
290 25.6355
295 25.1978
305 24.7212
310 25.4147
315 25.4288
320 25.453
340 25.4675
345 25.4373
350 24.8661
370 24.6626
375 24.8322
380 25.8855
400 25.4532
410 26.3403
415 24.9963
420 24.6659
425 25.1664
445 25.1434
450 24.5933
460 24.3467
470 25.44
475 25.871
480 25.4421
490 25.3094
495 25.4293
505 25.8204
530 24.709
535 24.9689
540 25.3996
550 25.8671
565 25.4649
575 25.4244
580 25.875
585 24.6099
595 25.8409
600 25.4289
25 44.7181
30 44.7409
35 44.7649
40 44.7312
45 44.0313
50 44.7763
55 44.7477
60 44.7342
65 44.7108
70 44.7022
75 43.936
80 45.2884
90 44.7237
100 44.738
110 45.3636
115 44.7178
120 44.7753
125 44.7216
135 45.068
140 44.7715
145 44.746
150 44.7061
160 45.0369
165 44.7423
170 44.7657
175 44.7343
180 44.6784
185 26.5516
190 25.4179
195 25.4744
200 25.4809
205 25.5103
210 25.4651
215 25.4077
220 25.4717
225 25.5011
230 25.4599
240 24.7139
245 25.4971
250 25.4819
255 25.4535
260 25.4694
265 25.4404
270 25.4762
275 25.2482
280 25.4686
285 27.1473
290 23.8655
295 25.5197
300 25.9536
305 25.4661
310 26.6893
315 24.2498
320 25.5437
325 25.4714
330 25.4831
335 25.6565
340 25.3742
345 25.6745
350 25.4966
355 25.4697
360 25.5029
365 25.5357
370 25.4669
375 25.5135
380 25.4401
385 25.4033
390 25.6089
395 25.4902
400 25.4756
405 25.4652
410 25.1809
415 25.7127
420 25.2321
425 25.9332
430 25.4877
435 25.0886
440 25.0162
445 25.4696
450 25.452
455 25.4728
460 23.5131
465 26.7246
470 25.5119
475 25.2346
480 25.4483
490 25.162
495 25.4939
500 25.4542
505 25.4639
510 26.4887
515 24.9764
520 25.4822
525 25.5001
530 25.4751
535 24.7213
540 25.9719
545 25.5013
550 25.4874
555 25.4956
560 24.641
565 26.1342
570 25.4596
575 25.4629
580 25.5086
585 24.8099
590 25.9627
595 25.4668
600 25.513
5 0
10 42.852
15 44.0332
20 44.692
25 44.6751
30 44.7378
35 44.6366
40 44.6721
45 45.0059
50 44.665
55 44.0589
60 45.328
65 44.6573
70 44.6696
75 44.9638
80 44.0213
85 45.0333
90 44.0052
95 44.6793
100 44.6572
105 44.0522
110 45.2328
115 44.7
120 44.6795
125 44.6933
130 44.7119
135 44.7005
140 44.6703
145 44.7018
150 44.6751
155 44.6866
160 44.6867
165 44.6753
170 44.6901
175 44.6442
180 44.6876
185 26.7379
195 25.587
200 25.4899
205 25.488
210 25.2486
220 25.9056
225 25.9184
230 25.4407
235 25.2472
240 25.7522
245 25.489
250 25.4879
255 25.4683
260 26.0753
270 25.6226
275 25.4777
280 25.4497
290 23.5492
295 25.5152
300 25.4819
305 25.4548
310 24.9917
320 25.9255
325 25.4429
330 25.529
335 23.8719
340 25.6105
345 25.5038
350 25.4547
355 25.5
360 25.1558
365 25.764
370 25.5026
375 25.4591
380 25.4827
385 25.9326
390 25.063
395 25.4834
400 25.4762
405 26.5312
410 23.7649
415 26.1843
425 25.4222
430 24.7894
435 25.7342
440 25.9471
445 25.4815
450 25.4431
455 25.485
460 26.0662
470 25.7165
475 25.4785
480 25.5097
485 25.5237
490 25.3935
495 25.4564
500 25.4787
505 25.4648
510 25.4855
515 25.2508
520 25.732
525 25.4682
530 25.4577
535 25.5105
540 26.2218
545 24.648
550 25.5203
555 25.4904
560 25.4835
565 26.2935
570 24.5624
575 25.4688
580 25.4606
585 25.4552
590 25.8885
595 24.9993
600 25.4354
10 44.112
15 44.1584
20 44.7259
25 45.0803
30 44.5956
35 44.7398
40 44.7043
45 44.7752
50 44.1036
55 44.0309
60 44.7749
65 44.7537
70 44.6917
75 44.7619
80 43.3516
85 46.1964
90 44.7819
95 44.7342
100 44.032
105 43.648
110 45.623
115 44.744
120 44.7044
125 44.0298
130 44.0007
135 45.258
140 44.7095
145 44.7114
150 44.6932
155 43.938
160 45.3875
165 44.7163
170 44.749
175 44.7035
180 43.9714
475 25.4793
485 24.6378
495 25.2555
505 26.4069
510 24.9911
520 25.4908
540 24.5072
550 25.4841
565 25.4436
570 25.624
575 25.1807
590 24.7398
595 25.5411
145 44.6401
150 44.9997
155 44.6924
160 44.7056
165 44.6417
195 25.2108
215 24.7601
220 25.4791
225 25.4734
235 24.7339
250 25.5198
255 25.4741
270 24.7262
295 25.9113
300 24.7741
305 25.9104
330 25.4321
375 25.4468
380 25.5172
395 25.5635
400 25.5501
405 25.5221
410 25.4938
415 25.4885
420 25.2291
425 25.5029
430 25.4645
435 25.4683
445 25.4353
450 24.7611
485 25.4573
495 25.4803
500 25.5186
505 25.4741
520 25.4278
525 24.381
545 25.353
555 25.2699
560 25.8269
565 24.8252
585 25.9539
600 25.4825
20 44.747
25 44.7434
30 44.7228
35 45.0785
40 44.7701
45 44.7294
50 44.8325
55 44.4782
60 45.003
65 44.7429
70 44.3984
75 44.4339
80 43.7601
85 45.7187
90 44.7081
95 44.7706
100 45.0479
105 45.042
110 44.4821
115 44.7122
120 44.713
125 44.7407
130 44.6121
135 44.8653
140 44.7535
145 44.7604
150 44.733
155 44.0753
160 45.3516
165 44.7176
170 44.7009
175 44.6739
180 44.6888
200 24.7792
210 25.4896
215 25.5198
225 25.2068
230 25.5291
245 25.5386
255 25.4847
260 25.4223
270 25.4153
305 24.9677
310 25.5394
320 25.2332
330 25.4667
335 25.4159
345 26.1263
350 25.5396
360 26.0557
380 24.7452
385 24.7357
390 25.4754
395 25.8958
405 25.4626
410 25.1075
415 25.201
425 25.4841
435 25.3028
455 25.9393
460 24.6635
475 25.4722
480 25.5089
525 25.9487
535 24.696
545 25.4669
550 25.8246
555 25.1713
575 25.495
585 25.2254
590 25.5119
595 25.4659
600 25.5135
5 29.6605
10 42.53
15 44.7224
20 44.7291
25 44.6447
30 44.691
35 44.9797
40 44.7062
45 44.0377
50 44.0222
55 44.7038
60 44.7361
65 44.6928
70 44.7143
75 44.6891
80 44.315
85 44.7217
90 44.7006
95 44.6459
100 44.6892
105 44.6953
110 44.7383
115 44.9843
120 44.6977
125 44.6706
130 44.7013
135 44.6976
140 44.6796
145 44.6606
150 44.7587
155 44.7024
160 44.6515
165 44.6809
170 44.6755
175 44.7198
180 44.0167
190 25.4921
200 26.3788
205 25.4706
215 25.735
225 24.7767
