5 31.9282636364
10 31.37813
15 31.30173
20 31.3396
25 31.3905545455
30 31.4868125
35 31.3194818182
40 31.3355636364
45 31.3854909091
50 31.3385727273
55 31.4412888889
60 31.1717181818
65 31.4320888889
70 31.43118
75 31.3553545455
80 31.4752454545
85 31.3029
90 31.27548
95 31.3537090909
100 31.3959181818
105 31.35019
110 31.25873
115 31.27696
120 31.27268
125 31.33081
130 31.3373363636
135 31.23179
140 31.1837777778
145 31.2971545455
150 31.28865
155 31.2896636364
160 31.2950636364
165 31.31986
170 31.3194090909
175 31.4121555556
180 31.3138444444
185 31.3436666667
190 31.2823181818
195 31.3591454545
200 31.4012181818
205 31.3108
210 31.4180111111
215 31.3116
220 31.28243
225 31.4592181818
230 31.38214
235 31.3694888889
240 31.3036
245 31.2709
250 31.31225
255 31.3571857143
260 31.38363
265 31.26962
270 31.31622
275 31.3156
280 31.3643666667
285 31.2918888889
290 31.312025
295 31.28331
300 31.3896111111
305 31.3016444444
310 31.3711777778
315 31.27066
320 31.3291
325 31.32018
330 31.3309125
335 31.2508625
340 31.2270555556
345 31.2470375
350 31.5452
355 31.29443
360 31.37851
365 31.2487333333
370 31.3814
375 31.4134444444
380 31.1668
385 31.3611875
390 31.2550333333
395 31.4220111111
400 31.21224
405 31.28212
410 31.35874
415 31.3530888889
420 31.2483555556
425 31.3557888889
430 31.21123
435 31.3427444444
440 31.4686428571
445 31.331375
450 31.3737888889
455 31.3564222222
460 31.4011888889
465 31.3878142857
470 31.403825
475 31.28347
480 31.37566
485 31.4613222222
490 31.3190125
495 31.26515
500 31.3162777778
505 31.37681
510 31.3023333333
515 31.3256
520 31.43632
525 31.25468
530 31.2799
535 31.39578
540 31.3011666667
545 31.284975
550 31.3352777778
555 31.3139333333
560 31.3281625
565 31.4047857143
570 31.72338
575 31.8456625
580 31.3411666667
585 31.33886
590 31.5624333333
595 31.2371222222
600 31.3668
