5 43.8649
10 44.6252
15 43.9422
20 44.6256
25 44.6279
30 44.6278
35 44.6093
40 44.6415
45 44.6693
50 44.6144
55 43.6683
60 45.5895
65 43.9282
70 44.6414
75 44.6376
80 44.2701
85 44.9379
90 44.6169
95 43.9221
100 44.609
105 44.5732
110 44.6683
115 44.6678
120 43.9961
125 43.9651
130 43.2393
135 44.8495
140 44.3754
145 44.6312
150 44.6222
155 44.6646
160 44.6222
165 44.9519
170 44.6179
175 44.6166
180 44.6376
185 34.1778
190 33.1438
195 33.1197
215 32.9558
220 33.4038
225 32.4785
230 34.0613
245 32.9546
250 33.1136
265 32.9388
275 33.13
280 33.1118
285 33.2985
290 33.1638
295 33.3728
300 33.0656
325 32.7616
330 32.55
335 31.5812
340 33.2196
345 32.4553
350 33.143
355 33.1048
365 31.8795
370 32.2778
375 33.1197
385 32.6506
395 33.1288
400 33.0657
405 33.0955
410 33.0746
415 33.1128
420 33.1217
425 32.5245
430 33.1368
445 33.4239
450 33.1107
455 32.9781
475 33.4071
540 31.4958
545 33.7462
550 32.93
555 33.0894
560 33.1218
565 33.4777
570 32.3822
575 33.1181
585 33.099
600 33.104
5 0
10 44.3766
15 44.6487
20 44.6778
25 44.6575
30 43.9843
35 45.2676
40 44.652
45 44.6171
50 44.6586
55 43.9475
60 44.6543
65 44.6709
70 44.6496
75 44.6272
80 44.6406
85 44.6591
90 44.6178
95 44.6505
100 44.6772
105 44.2856
110 44.401
115 45.2864
120 44.6291
125 44.6243
130 44.0033
135 45.2138
140 44.6334
145 44.6648
150 44.6476
155 44.3173
160 44.6266
165 44.6527
170 44.6632
175 44.6522
180 44.6215
190 33.4276
195 33.1972
200 33.1367
215 33.0993
220 33.7055
225 32.7237
240 31.8339
260 33.1413
270 33.126
275 33.4861
285 33.112
290 33.1589
295 33.1644
300 32.3473
315 33.49
320 33.152
325 33.1201
330 33.148
335 33.3725
345 33.1428
350 32.4669
355 33.0092
375 32.4787
380 33.1719
395 32.4825
400 32.9416
405 33.0435
420 32.7804
425 33.0092
435 32.9189
440 33.9424
450 33.1772
455 33.4347
460 33.0622
480 33.4383
495 33.1412
505 33.1333
515 32.7218
520 33.1944
525 32.5479
535 33.4515
540 33.1272
545 33.4321
555 32.5441
560 33.1392
565 33.1186
580 33.1615
590 32.5892
5 29.8013
10 40.4385
15 44.7073
20 44.7234
25 44.7095
30 43.9653
35 45.2837
40 44.7449
45 44.6616
50 44.6692
55 43.9296
60 45.2837
65 44.7401
70 44.7041
75 44.0302
80 43.9736
85 45.265
90 44.71
95 44.7286
100 44.6818
105 43.1672
110 45.7621
115 44.7232
120 44.7346
125 44.6957
130 44.6961
135 44.3242
140 44.9861
145 44.6873
150 44.7096
155 43.2062
160 45.2062
165 45.3563
170 44.6864
175 44.751
180 44.7464
480 33.1962
495 33.384
500 33.2087
525 33.0284
530 33.2372
540 33.2101
550 32.539
555 33.2008
560 33.4727
590 33.1845
5 37.9845
10 44.9728
15 44.6107
20 44.614
25 44.641
30 44.6404
35 44.6044
40 43.9332
50 44.6399
55 44.6115
60 44.6422
65 44.6423
70 44.6367
75 44.5949
80 44.6437
85 44.6122
90 44.6502
95 44.6233
100 44.6067
105 44.7168
110 44.6504
115 44.9751
120 44.9158
125 44.6107
130 44.6651
135 44.6411
140 44.6206
145 44.6283
150 44.6376
155 44.6293
160 44.943
165 44.6412
170 44.6451
175 44.5933
180 44.6319
185 33.6923
190 32.5231
195 33.0831
200 33.0793
210 33.9772
215 32.4906
220 33.3727
230 32.279
235 32.8632
240 33.2108
245 33.145
255 33.0788
260 33.0361
275 33.0181
285 32.9052
290 32.483
295 33.0583
300 32.3913
305 33.3668
320 33.0806
335 33.071
345 33.1098
355 32.6891
370 33.3671
375 33.077
380 33.0895
390 33.0446
395 33.0449
420 32.4409
430 33.3796
435 33.0781
445 32.3924
455 33.368
460 33.092
465 33.3419
470 32.8468
475 33.0583
485 33.373
505 32.9519
520 33.4438
530 32.8585
535 33.3677
550 32.983
555 33.0122
560 33.1275
575 32.438
585 32.3966
590 32.7063
595 33.3978
600 33.0779
5 36.1996
10 43.9616
15 43.9381
20 44.623
25 44.6602
30 44.7118
35 43.9926
40 44.6571
45 44.6361
50 44.6436
55 44.6357
60 44.2713
65 44.6626
70 44.6532
75 44.683
80 44.6581
85 44.6653
90 44.6395
95 44.6529
100 44.7128
105 44.2784
110 44.3739
115 44.9328
120 44.6599
125 44.6829
130 44.6845
135 44.6609
140 44.668
145 43.9554
150 44.7081
155 45.0121
160 44.3664
165 44.6666
170 44.651
175 44.6412
180 43.5796
185 34.0055
195 32.495
200 33.4473
215 33.4257
220 32.512
230 33.1307
235 33.1412
240 33.1491
250 32.5049
260 33.1454
265 33.3668
270 33.4265
275 32.3837
285 32.5776
290 33.3119
295 33.0239
305 32.5473
310 33.129
315 33.1431
320 33.1673
340 33.1817
345 33.1516
350 32.8072
370 32.4887
375 32.7412
380 33.4507
400 33.1675
410 33.7521
415 32.8555
420 32.492
425 32.9925
445 33.0338
450 32.5345
460 32.1377
470 33.1543
475 33.4362
480 33.1564
490 33.1998
495 33.1436
505 33.3856
530 32.5351
535 32.8439
540 33.1833
550 33.4323
565 33.1792
575 33.1387
580 33.4403
585 32.4486
595 33.4062
600 33.1432
25 44.7181
30 44.7409
35 44.7649
40 44.7312
45 44.0313
50 44.7763
55 44.7477
60 44.7342
65 44.7108
70 44.7022
75 43.936
80 45.2884
90 44.7237
100 44.738
110 45.3636
115 44.7178
120 44.7753
125 44.7216
135 45.068
140 44.7715
145 44.746
150 44.7061
160 45.0369
165 44.7423
170 44.7657
175 44.7343
180 44.6784
185 33.8489
190 33.2439
195 33.1886
200 33.1952
205 33.2246
210 33.1794
215 33.122
220 33.186
225 33.2154
230 33.1742
240 32.54
245 33.2114
250 33.1961
255 33.1678
260 33.1837
265 33.1547
270 33.1905
275 33.0743
280 33.1829
285 34.2943
290 32.1732
295 33.234
300 33.5188
305 33.1804
310 33.9866
315 32.3868
320 33.2579
325 33.1857
330 33.1974
335 33.197
340 33.2646
345 33.3509
350 33.2109
355 33.1839
360 33.2172
365 33.25
370 33.1812
375 33.2278
380 33.1544
385 33.0397
390 33.3927
395 33.2044
400 33.1899
405 33.1795
410 32.7747
415 33.5285
420 33.0582
425 33.6097
430 33.202
435 32.7157
440 32.9909
445 33.1838
450 33.1663
455 33.187
460 31.8465
465 34.0502
470 33.2262
475 33.0607
480 33.1626
490 33.162
495 33.2082
500 33.1685
505 33.1782
510 33.9369
515 32.8514
520 33.1965
525 33.2144
530 33.1894
535 32.6535
540 33.5275
545 33.2156
550 33.2017
555 33.2098
560 32.4797
565 33.7496
570 33.1739
575 33.1772
580 33.2229
585 32.6099
590 33.6127
595 33.1811
600 33.2273
5 0
10 42.852
15 44.0332
20 44.692
25 44.6751
30 44.7378
35 44.6366
40 44.6721
45 45.0059
50 44.665
55 44.0589
60 45.328
65 44.6573
70 44.6696
75 44.9638
80 44.0213
85 45.0333
90 44.0052
95 44.6793
100 44.6572
105 44.0522
110 45.2328
115 44.7
120 44.6795
125 44.6933
130 44.7119
135 44.7005
140 44.6703
145 44.7018
150 44.6751
155 44.6866
160 44.6867
165 44.6753
170 44.6901
175 44.6442
180 44.6876
185 33.9379
195 33.1094
200 33.2042
205 33.2023
210 33.0643
220 33.4708
225 33.4836
230 33.155
235 33.063
240 33.346
245 33.2033
250 33.2021
255 33.1826
260 33.6159
270 33.4136
275 33.192
280 33.1639
290 31.8971
295 33.2295
300 33.1962
305 33.1691
310 32.7754
320 33.4908
325 33.1572
330 33.2433
335 31.731
340 33.4015
345 33.2181
350 33.169
355 33.2143
360 32.8701
365 33.4783
370 33.2169
375 33.1733
380 33.197
385 33.4978
390 32.9221
395 33.1977
400 33.1905
405 33.7312
410 32.0149
415 33.8281
425 33.2482
430 32.6155
435 33.5603
440 33.4471
445 33.1958
450 33.1574
455 33.1993
460 33.4298
470 33.3103
475 33.1928
480 33.224
485 33.1293
490 33.2093
495 33.1707
500 33.193
505 33.1791
510 33.1998
515 33.0666
520 33.3258
525 33.1824
530 33.172
535 33.2248
540 33.7218
545 32.5892
550 33.2346
555 33.2047
560 33.1978
565 33.7335
570 32.5932
575 33.1831
580 33.1749
585 33.1695
590 33.4674
595 32.8743
600 33.1497
10 44.112
15 44.1584
20 44.7259
25 45.0803
30 44.5956
35 44.7398
40 44.7043
45 44.7752
50 44.1036
55 44.0309
60 44.7749
65 44.7537
70 44.6917
75 44.7619
80 43.3516
85 46.1964
90 44.7819
95 44.7342
100 44.032
105 43.648
110 45.623
115 44.744
120 44.7044
125 44.0298
130 44.0007
135 45.258
140 44.7095
145 44.7114
150 44.6932
155 43.938
160 45.3875
165 44.7163
170 44.749
175 44.7035
180 43.9714
475 33.1936
485 32.4765
495 33.0816
505 33.8187
510 32.8661
520 33.2051
540 32.5342
550 33.1984
565 33.1579
570 33.415
575 33.0068
590 32.5659
595 33.2554
145 44.6401
150 44.9997
155 44.6924
160 44.7056
165 44.6417
195 33.1308
215 32.5862
220 33.1934
225 33.1877
235 32.6243
250 33.2341
255 33.1884
270 32.5523
295 33.4765
300 32.6002
305 33.4756
330 33.1464
375 33.2729
380 33.2315
395 33.3546
400 33.2644
405 33.2364
410 33.2081
415 33.2028
420 33.0552
425 33.2171
430 33.1788
435 33.1826
445 33.1496
450 32.5872
485 33.1716
495 33.1946
500 33.2329
505 33.1883
520 33.2539
525 32.1721
545 33.2434
555 33.0857
560 33.3038
565 32.4616
585 33.5191
600 33.1968
20 44.747
25 44.7434
30 44.7228
35 45.0785
40 44.7701
45 44.7294
50 44.8325
55 44.4782
60 45.003
65 44.7429
70 44.3984
75 44.4339
80 43.7601
85 45.7187
90 44.7081
95 44.7706
100 45.0479
105 45.042
110 44.4821
115 44.7122
120 44.713
125 44.7407
130 44.6121
135 44.8653
140 44.7535
145 44.7604
150 44.733
155 44.0753
160 45.3516
165 44.7176
170 44.7009
175 44.6739
180 44.6888
200 32.6053
210 33.2039
215 33.2341
225 33.0329
230 33.2434
245 33.2528
255 33.199
260 33.206
270 33.2414
305 32.9088
310 33.145
320 33.0592
330 33.181
335 33.1302
345 33.6486
350 33.2539
360 33.453
380 32.5713
385 32.3009
390 33.4468
395 33.461
405 33.1769
410 32.7131
415 33.1422
425 33.1983
435 33.0496
455 33.5045
460 32.6047
475 33.1865
480 33.2232
525 33.5139
535 32.5347
545 33.1812
550 33.3016
555 33.0913
575 33.2093
585 33.0641
590 33.2262
595 33.1802
600 33.2277
5 29.6605
10 42.53
15 44.7224
20 44.7291
25 44.6447
30 44.691
35 44.9797
40 44.7062
45 44.0377
50 44.0222
55 44.7038
60 44.7361
65 44.6928
70 44.7143
75 44.6891
80 44.315
85 44.7217
90 44.7006
95 44.6459
100 44.6892
105 44.6953
110 44.7383
115 44.9843
120 44.6977
125 44.6706
130 44.7013
135 44.6976
140 44.6796
145 44.6606
150 44.7587
155 44.7024
160 44.6515
165 44.6809
170 44.6755
175 44.7198
180 44.0167
190 33.2064
200 33.7906
205 33.1849
215 33.4115
225 32.6028
240 33.7906
245 32.5487
250 33.2281
255 33.2611
275 32.5668
