5 25.3586857143
10 43.4835875
15 44.345125
20 44.6842
25 44.71577
30 44.54177
35 44.79571
40 44.62126
45 44.5737333333
50 44.56253
55 44.28121
60 44.90172
65 44.62016
70 44.64612
75 44.53576
80 44.29225
85 45.0899555556
90 44.61539
95 44.6008222222
100 44.64518
105 44.2731888889
110 44.92955
115 44.84436
120 44.65054
125 44.54347
130 44.3682555556
135 44.82789
140 44.68679
145 44.6170272727
150 44.7173545455
155 44.39242
160 44.8712909091
165 44.7675272727
170 44.68448
175 44.673
180 44.42599
185 33.93248
190 33.10896
195 33.0462571429
200 33.2083714286
205 33.2039333333
210 33.3562
215 33.04065
220 33.2634571429
225 32.9606571429
230 33.1739333333
235 32.922925
240 32.9784
245 33.0526333333
250 33.0798166667
255 33.1796166667
260 33.2214
265 33.1534333333
270 33.1583833333
275 32.9787142857
280 33.1528666667
285 33.23752
290 32.6979833333
295 33.2227714286
300 32.8532333333
305 33.108
310 33.259
315 33.0066333333
320 33.2013
325 33.05615
330 33.0776833333
335 32.6804833333
340 33.26685
345 33.1538714286
350 33.0084833333
355 33.04026
360 33.1801
365 32.8692666667
370 32.90634
375 33.0129428571
380 33.1237571429
385 32.87225
390 33.20155
395 33.1248428571
400 33.1366
405 33.2438333333
410 32.9229166667
415 33.2783166667
420 32.8247333333
425 33.1142142857
430 33.10254
435 33.0842
440 33.4601333333
445 33.0632166667
450 32.95555
455 33.2786
460 32.6954833333
465 33.69605
470 33.1344
475 33.2193142857
480 33.23345
485 33.0376
490 33.1903666667
495 33.1891285714
500 33.200775
505 33.2621571429
510 33.3342666667
515 32.8799333333
520 33.2699166667
525 32.9431833333
530 32.99844
535 33.0126833333
540 32.9714142857
545 33.2346166667
550 33.102575
555 33.05475
560 33.1203571429
565 33.2683
570 32.891075
575 33.0387428571
580 33.2499
585 32.9009714286
590 33.0503142857
595 33.2158333333
600 33.1609428571
