5 34.379
10 31.5001
15 31.2743
20 31.0999
25 31.3334
35 31.2443
40 31.3189
45 31.3516
50 31.4854
60 31.221
65 31.1598
70 31.2884
75 31.3324
80 31.5204
85 31.7049
90 31.2751
95 31.4513
100 31.4571
110 31.7601
115 31.5676
120 31.6286
125 31.2472
130 31.6389
135 31.1019
140 31.4587
145 31.5387
150 31.4715
155 31.5296
160 31.0189
165 31.3338
170 31.5578
175 31.3006
180 31.7486
185 30.8929
190 31.1524
195 31.4895
200 31.4573
205 30.9505
210 31.3731
215 31.4527
220 31.0319
225 31.1233
230 31.2384
235 31.2932
240 31.4299
250 31.3024
260 31.2241
270 31.4003
275 31.1591
280 31.5107
285 31.4198
290 31.4704
295 31.1863
300 31.163
305 31.2072
315 31.5405
320 31.6205
325 31.4808
330 31.0714
335 31.4268
340 31.358
350 31.5738
355 31.1562
360 31.4973
370 31.4342
375 31.6403
380 31.0494
385 31.0564
390 32.0589
395 31.2895
400 31.2093
405 31.4799
410 31.3179
415 31.2407
420 31.0152
425 31.4853
430 31.1335
435 31.8904
440 31.0786
445 31.0563
450 31.7735
455 31.1906
460 31.3821
465 31.4419
470 31.3158
475 31.5462
480 31.3288
485 31.5728
490 30.7988
495 31.183
500 31.1359
505 31.5251
510 31.8151
515 31.3171
520 31.6945
525 31.4582
535 31.1421
540 31.6289
545 31.3857
550 31.2704
555 31.1897
560 31.3148
570 31.0966
575 31.3402
580 31.1228
585 31.4156
590 31.6508
595 31.315
600 31.6414
5 31.5012
15 31.0526
20 31.0915
25 31.3612
35 31.2799
40 31.4543
45 31.5715
50 31.224
55 31.7756
60 30.997
65 31.7367
70 31.2358
75 31.5982
80 31.431
85 31.6132
90 30.8443
95 31.2346
100 31.4239
105 31.6411
110 31.154
115 31.0127
120 31.111
125 31.2756
130 31.3377
135 31.0252
140 31.4254
145 31.6644
150 31.225
155 31.0254
160 31.1789
165 31.3959
170 31.2345
175 31.0467
190 31.3241
195 31.6172
200 31.238
205 31.2541
210 31.2605
215 30.9684
220 31.191
225 31.4036
230 31.5235
235 31.208
245 31.3998
250 31.2541
255 31.408
260 31.6119
265 31.0591
270 31.4515
275 31.0412
280 31.4363
285 30.8642
290 31.0994
295 31.3546
300 31.5495
310 31.5334
315 31.0524
325 31.5735
335 31.3846
340 31.2472
345 31.1202
355 31.2567
360 31.6486
365 31.1692
370 31.2939
375 31.0701
380 31.2218
395 31.5975
400 31.2089
405 31.3508
410 31.0848
415 31.0373
420 31.2266
425 31.6072
430 31.3778
450 31.077
455 31.5819
460 31.2369
465 31.2996
475 31.048
480 31.2191
490 31.4988
495 31.4239
500 31.6982
505 31.5273
510 31.1623
515 31.4454
520 31.0511
525 31.2449
530 31.1217
535 31.7117
540 30.9987
550 31.0632
555 31.5562
560 31.1891
565 31.3053
570 30.9341
575 31.1796
580 31.7581
585 31.2195
590 32.1151
595 31.2017
600 31.5969
5 32.069
10 31.2467
20 31.3865
25 31.337
30 31.3856
35 31.1703
40 31.392
45 31.2133
50 31.1934
55 31.3135
60 31.582
70 31.5395
75 31.3443
80 31.2158
95 31.2172
100 31.193
105 31.2008
120 30.7642
125 31.2353
130 31.183
135 31.3609
145 31.1932
150 31.3426
155 31.2505
160 31.4887
165 31.3836
170 31.1662
175 31.3515
180 31.353
185 31.1914
190 31.5505
195 31.0289
200 31.4069
205 31.2175
215 31.3816
220 31.2715
225 31.1196
230 31.2152
235 31.2203
245 30.998
250 31.3778
255 31.3681
260 31.4166
265 31.3873
270 30.9928
275 31.2566
280 31.2158
285 31.1952
295 30.9611
300 31.2601
305 31.2273
310 31.18
315 31.1063
320 31.3299
325 31.2248
330 31.5594
335 31.3652
340 31.2201
350 31.3816
355 31.3322
360 31.1795
365 31.1803
375 31.2257
380 31.2139
385 31.2244
390 31.3319
400 31.0283
405 31.177
410 31.2366
415 31.1824
425 31.0229
430 31.1809
435 31.2063
450 31.2237
455 31.2262
460 31.2189
470 31.4033
475 31.2156
480 31.2103
485 31.3387
500 31.3672
505 31.1123
510 31.3456
515 31.1957
520 31.6109
525 30.9707
530 31.1318
535 31.4266
540 31.2035
545 31.3482
550 31.1673
555 31.3591
560 31.1906
565 31.315
570 31.4865
575 30.9888
580 31.2105
585 31.3659
590 31.5456
600 30.9727
5 31.7396
10 31.2126
15 31.1247
20 31.273
25 31.1561
30 31.4906
35 30.9582
40 31.1213
45 31.1064
50 31.4463
55 31.2308
60 31.1537
65 31.1663
70 31.1467
75 31.1292
80 31.4485
85 31.0249
90 31.329
95 31.1177
100 31.424
105 30.9518
110 31.4321
115 30.9379
120 31.1085
125 31.266
130 31.2911
135 31.1133
140 31.0989
145 31.134
150 31.0448
155 31.1274
160 31.0153
165 31.2613
170 31.2309
180 31.6168
185 31.1191
190 31.0119
195 31.1278
200 31.3306
205 31.2802
210 31.2766
215 31.1
220 31.2986
225 31.2752
230 31.2648
235 31.1346
240 31.1284
245 31.0907
250 31.2843
255 31.3028
260 31.1692
265 31.095
270 31.315
275 31.1606
280 31.1252
285 31.6549
290 31.0991
295 31.3095
300 31.3115
305 31.2244
310 31.1437
315 31.2994
320 31.3067
325 31.1056
330 31.3287
335 31.3047
340 31.1209
345 31.4381
350 31.4589
355 31.4399
360 31.0351
365 31.1882
370 31.4343
375 31.3265
380 30.9582
385 31.3105
390 31.2684
395 31.3376
400 31.1155
405 31.2905
410 31.4427
415 31.4612
420 31.4724
425 31.3714
430 31.1497
435 31.2946
440 31.7971
445 31.2683
450 31.6495
460 31.2938
465 31.2109
470 31.4677
475 31.1573
480 31.4995
485 31.3636
490 31.0706
495 31.4699
500 31.6322
505 31.4913
510 31.2933
515 31.1932
520 31.6374
525 31.2785
535 31.6116
540 31.0994
545 31.0834
550 31.6941
555 31.1224
560 31.3316
565 31.4848
570 31.3824
575 31.1343
580 31.1253
585 31.4654
590 31.622
595 31.2494
600 31.2822
5 31.3565
10 31.0964
15 31.2979
20 31.3021
25 31.4279
30 31.3327
35 31.1223
40 31.0844
45 31.1303
50 31.6192
55 31.1654
60 31.0885
65 31.0753
70 31.2761
75 31.3065
80 31.231
85 31.2493
90 31.3577
95 31.2819
100 31.144
105 31.3251
110 30.9844
115 31.1905
120 31.2749
125 31.0969
130 31.3311
140 30.9274
145 31.3017
150 31.1564
155 31.166
160 31.4047
165 31.0528
170 31.1392
180 31.3032
185 31.228
190 31.0726
195 31.3347
200 31.2701
215 31.0605
220 31.1225
225 31.1782
230 31.3133
240 31.1915
245 31.3012
250 31.312
255 31.3414
265 30.8717
270 31.124
275 31.1171
280 31.5338
285 31.1104
290 30.9279
295 31.1361
300 31.3413
305 31.3979
310 31.125
315 31.2373
320 31.015
325 31.0271
330 31.2118
340 30.8671
345 31.1448
350 31.1379
355 31.1197
360 31.2847
365 31.1562
370 31.3496
380 31.3536
385 31.0778
390 30.9684
395 31.3865
400 31.139
405 31.2576
410 31.5368
415 31.0984
420 31.3026
425 31.2644
430 31.3112
435 31.1396
440 31.3555
445 31.2283
450 31.1302
455 31.4685
460 31.457
470 31.2471
475 31.1673
480 31.1354
485 31.4385
495 31.0996
500 31.036
505 31.3186
510 31.1554
520 31.1126
525 31.1276
530 31.4698
535 31.479
545 30.8234
550 31.2278
555 31.1403
560 31.4664
570 30.8926
575 31.3294
580 31.2798
585 31.32
595 30.9094
600 31.2995
5 33.3269
10 32.1361
15 31.3106
20 31.5882
25 31.5191
35 31.8045
40 31.1452
45 31.7078
50 31.7417
55 31.5493
60 31.3297
65 31.7628
70 31.8608
75 31.3127
80 31.588
85 31.2356
90 31.3494
95 31.6803
100 31.7442
105 31.3669
110 31.3719
115 31.3122
120 31.2911
125 31.5101
130 31.1923
135 31.5608
145 31.3907
150 31.3825
155 31.5091
160 31.6226
165 31.8265
170 31.3966
175 31.6499
185 31.2536
190 31.4248
195 31.4696
200 31.3237
210 31.5559
215 31.6971
225 31.3693
235 31.7234
240 31.575
245 31.103
250 31.1906
255 31.7788
260 31.5813
265 31.6027
275 31.3795
285 31.5659
290 31.892
295 31.4855
305 31.1214
310 31.4117
315 31.6116
320 31.5142
325 31.351
330 31.2367
340 31.7971
345 31.3315
350 31.7183
355 31.2115
360 31.5339
365 31.6484
375 31.722
380 31.3461
385 31.744
390 31.5075
395 31.2827
400 31.7217
405 31.3835
410 31.5782
415 31.3633
420 31.423
425 31.4071
430 31.1309
435 31.3979
440 31.7285
445 31.7126
450 31.288
455 31.5607
460 31.7648
465 31.4752
470 31.3761
475 31.2629
480 31.3732
485 31.5594
490 31.5903
500 31.2097
505 31.3905
510 31.2711
515 31.3949
520 31.8291
525 31.3405
530 31.2259
535 31.3533
540 31.2609
545 31.6954
550 31.4657
570 36.3654
575 36.2938
580 31.4368
585 31.4832
590 31.3827
595 31.5956
600 31.407
5 31.4516
10 31.1907
15 31.2792
20 31.1382
25 31.3008
30 31.221
35 31.0385
40 31.3122
45 31.4002
50 30.972
55 31.158
60 31.1786
65 31.2816
70 31.475
75 31.1185
80 31.5623
85 30.7998
90 31.0927
95 31.4315
100 31.0774
105 30.9901
110 31.1235
115 31.2854
120 31.0637
125 31.1095
130 31.1165
135 31.3801
140 31.0265
145 31.0801
155 31.1719
160 31.2153
165 31.5724
170 31.0377
175 31.2556
180 31.0919
185 31.3202
190 30.9228
195 31.3313
200 31.1215
210 31.349
220 31.0921
225 31.4569
230 31.2675
235 31.0773
240 30.9835
245 31.1082
250 31.5932
255 31.0899
260 31.2013
265 31.0379
270 31.2774
275 31.3524
280 31.1223
285 31.2072
295 31.08
300 31.1004
305 31.1197
310 31.3747
315 31.254
320 30.9366
325 31.0923
330 31.3058
335 31.0038
340 31.0875
345 31.4926
355 31.4767
360 31.3467
365 31.1385
370 31.0839
375 31.1849
390 31.0581
395 31.1476
400 31.0983
405 31.084
410 31.0711
415 31.2379
420 31.1546
430 31.0676
435 31.2894
440 31.4584
445 31.0692
450 31.2463
455 31.2884
460 31.1143
465 31.5202
475 31.1271
480 31.2881
485 31.2637
490 31.3394
495 31.0893
500 31.0504
505 31.1115
510 31.0824
515 31.2157
520 31.0318
525 31.0974
530 30.9981
535 31.1089
540 31.2289
545 31.0307
550 31.2533
555 31.532
560 30.9456
565 31.1928
570 30.9932
575 31.1021
580 31.2271
585 31.0007
590 31.2513
595 30.9987
600 31.0939
5 31.1546
10 31.6606
15 30.995
20 31.7112
25 31.4611
30 31.7551
35 31.8376
40 31.6843
45 31.6621
50 31.3201
55 31.706
60 31.1254
70 31.6602
75 31.5609
80 32.2554
85 31.3148
90 31.1675
95 31.4733
100 31.8204
105 31.7401
110 31.7477
115 31.5931
130 31.2167
135 31.2369
140 31.3945
145 31.345
150 31.229
155 31.1965
160 31.3454
170 31.7298
175 31.5457
180 31.091
185 31.8178
190 31.6589
195 31.1744
200 32.0679
205 31.1838
210 31.8179
215 31.6141
220 31.4911
225 31.542
230 31.6081
235 32.516
240 31.8675
245 31.7035
250 31.5103
260 31.539
265 31.4256
270 31.5406
275 31.3736
280 31.5483
290 30.9961
295 31.4898
300 31.9252
305 31.5834
310 31.5965
315 31.2731
320 31.3229
325 31.542
330 31.279
335 31.3019
340 31.308
345 31.1358
350 31.3747
355 31.5427
360 31.5307
365 31.5173
370 31.4959
375 31.5898
385 31.7783
390 31.1305
395 32.0837
400 31.4844
405 31.5957
410 31.6463
415 31.8446
420 31.1414
425 31.3378
430 31.6844
435 31.1478
440 31.474
445 31.6791
450 31.8782
455 31.2402
460 31.7401
470 31.3441
475 31.4822
480 31.6674
485 31.7484
490 31.379
495 31.2946
500 31.2234
505 31.3172
510 31.3363
515 31.3838
520 31.3463
525 31.1904
530 31.3387
535 31.6111
540 31.8501
550 31.7226
555 31.5329
560 31.9914
565 31.1711
570 31.4444
580 31.3621
585 31.3694
590 31.1541
595 31.3302
600 31.4793
5 31.6401
10 31.1715
15 31.7522
20 31.3059
25 31.3623
30 31.9093
35 31.4117
40 31.1708
45 31.7547
50 31.2018
55 31.5602
60 30.7381
65 32.2059
70 31.7609
75 31.5292
80 31.0527
85 31.301
90 31.0371
95 31.3741
100 31.1931
105 31.6852
110 30.8481
115 31.4189
120 31.3065
125 31.5833
130 31.2477
135 31.4161
140 30.8617
145 30.9292
150 31.4559
155 31.3565
160 31.6155
165 31.0388
170 31.4004
175 31.3573
180 31.0368
185 31.8496
190 31.7662
195 31.2061
200 31.5413
205 31.982
210 31.4404
215 31.1143
220 31.205
225 32.4664
230 31.301
235 30.9809
240 31.2033
245 31.5367
260 31.187
265 31.4469
270 31.4104
275 31.3576
280 31.4796
285 31.1068
290 31.7925
295 31.3542
300 31.3787
305 31.3541
310 31.4204
315 31.1747
320 31.3198
325 31.1529
335 31.2159
345 31.044
350 31.7089
355 31.2764
360 31.6434
365 31.028
370 31.16
375 31.7006
380 31.0246
385 31.6096
390 30.7065
395 31.1523
400 31.3647
405 30.88
410 31.2132
420 31.2422
425 31.3901
430 30.8144
435 31.0538
440 31.3884
445 31.1826
455 31.4003
460 31.4028
465 31.5058
470 31.5158
475 31.7099
480 31.3895
485 31.755
490 31.1858
495 31.2993
505 31.0768
520 31.6039
525 31.576
530 31.4877
535 31.3445
540 31.187
545 31.8427
550 31.1531
555 31.3075
560 31.1958
565 31.8718
570 31.258
575 31.3971
580 31.548
585 31.3437
590 31.9105
595 31.2343
600 31.5283
5 31.3651
10 31.4441
15 31.702
20 31.4554
25 31.8514
30 31.4545
35 30.9487
40 31.6077
45 30.9632
50 31.2553
60 31.3265
65 31.1559
75 31.4729
80 31.4002
85 31.4296
90 31.6119
95 31.0954
100 31.4323
105 31.2186
110 31.1622
115 31.1245
120 31.2532
125 31.6215
130 31.7861
135 30.9348
140 31.1039
145 31.4924
150 31.2474
155 31.4924
160 31.1621
165 31.1317
170 31.2726
175 31.6846
180 31.3116
190 30.9546
195 31.5473
200 31.2929
205 31.18
210 31.5624
215 31.1457
220 31.608
225 31.7102
230 31.2789
240 31.1935
245 31.2735
250 31.1084
255 31.2113
260 31.7625
265 31.3945
270 31.4401
275 31.6795
280 31.3073
285 31.5026
290 31.2188
295 31.476
300 31.4768
305 31.4794
310 31.5552
315 31.1573
320 31.5963
325 31.6518
330 31.6545
335 31.004
340 31.0376
345 31.2693
350 32.0075
355 31.1323
360 31.0852
365 31.2125
370 31.7994
375 31.2611
385 31.0885
390 31.2651
395 31.5207
400 30.7523
405 31.3222
410 31.4598
415 31.712
420 31.2572
425 31.3159
430 31.2619
435 31.6649
445 31.4546
450 31.0977
455 31.251
465 31.2611
470 31.5607
475 31.1182
480 31.6453
485 31.1118
490 31.6894
495 31.2616
500 31.4935
505 31.8975
510 31.2595
515 31.459
520 31.4456
525 31.2626
530 31.4655
535 31.169
540 31.2531
545 31.0703
555 31.0853
565 31.4927
570 31.3806
585 31.4052
590 31.4298
595 31.2998
5 31.2273
10 31.1225
15 31.2288
20 31.3837
25 31.1858
30 31.3457
35 31.6983
40 31.4001
45 31.3793
50 31.2651
55 31.5128
60 31.1484
65 31.3445
70 31.0684
75 31.2041
80 31.5224
85 31.3559
90 31.6901
95 31.5335
100 31.4457
105 31.3822
110 31.0033
115 31.3268
120 31.9251
125 31.3627
130 31.3696
135 31.1879
140 31.357
145 31.1993
150 31.3314
155 31.361
160 31.1783
165 31.2018
170 31.3478
175 31.5175
180 31.2717
185 31.4204
190 31.2667
195 31.6238
200 31.3632
205 31.4383
210 31.1263
215 31.5816
220 31.5126
225 31.4067
230 31.8107
235 31.1717
240 31.1598
245 31.1944
250 31.1894
260 31.1434
265 31.3755
270 31.2101
275 31.5944
