5 30.0713
10 30.0381
15 30.0421
20 30.6226
25 29.6096
30 30.0485
35 30.0466
40 30.0909
45 30.0729
50 30.2589
55 30.0598
60 29.891
65 30.1172
70 30.0384
75 30.1013
80 30.0799
85 30.0088
90 30.0701
95 30.0633
100 30.061
105 30.0658
110 30.0402
115 30.0998
120 30.0521
125 30.0168
130 30.0813
135 30.0578
140 30.0391
145 30.1129
150 30.0662
155 30.2265
160 29.9012
165 30.0951
170 30.0287
175 30.0714
180 30.3039
185 30.0247
190 29.8996
195 30.0564
200 30.0566
205 30.6044
210 29.6654
215 30.0493
220 30.0718
225 30.058
230 30.2018
235 30.104
240 29.8933
245 30.0274
250 30.0724
255 30.2638
260 29.9092
265 30.0552
270 30.202
275 29.9115
280 30.0342
285 30.0583
290 30.0747
295 30.0628
300 30.0368
305 30.0574
310 30.08
315 30.0596
320 30.0743
325 30.4187
330 29.7232
335 30.0663
340 30.1652
345 29.978
350 30.0667
355 30.0298
360 30.0356
365 30.0136
370 30.0756
375 30.0955
380 30.0931
385 30.0724
390 30.1103
395 30.0604
400 30.0841
405 30.0795
410 30.0552
415 30.0406
420 30.094
425 30.0536
430 30.068
435 30.0399
440 30.0598
445 30.0753
450 30.059
455 30.0964
460 30.2244
465 29.8939
470 30.0649
475 30.081
480 30.0694
485 30.2295
490 29.8969
495 30.0603
500 30.0707
505 30.0935
510 30.2195
515 29.8576
520 30.1137
525 30.0694
530 30.0791
535 30.1172
540 30.0035
545 30.0911
550 30.0451
555 30.0711
560 30.3961
565 29.7834
570 30.0502
575 30.2245
580 30.447
585 29.5349
590 30.0876
595 30.0587
600 30.0309
5 30.2129
10 29.9916
15 29.9873
20 30.0041
25 29.9609
30 30.1873
35 29.7841
40 30.0218
45 29.9911
50 29.9977
55 30.1471
60 29.7904
65 29.9724
70 30.0087
75 29.9805
80 30.0803
85 29.9038
90 29.9898
95 29.9807
100 29.9905
105 29.9806
110 29.9433
115 29.9473
120 29.9716
125 29.9901
130 30.0228
135 29.9599
140 29.9934
145 29.9604
150 29.9727
155 29.9678
160 29.9675
165 29.9743
170 30.0073
175 29.956
180 29.9686
185 29.9481
190 29.9961
195 29.9966
200 29.9788
205 30.3905
210 29.647
215 29.9268
220 29.9598
225 29.9704
230 30.0124
235 30.0825
240 29.8982
245 29.9653
250 29.9951
255 29.9343
260 30.0639
265 29.8861
270 29.9634
275 29.9545
280 29.9703
285 30.0036
290 29.9719
295 29.9578
300 29.9709
305 29.9695
310 30.0179
315 29.8667
320 29.9617
325 29.9843
330 29.9606
335 30.2854
340 29.7036
345 30.0033
350 29.9937
355 29.9658
360 30.1741
365 29.7927
370 29.9948
375 30.0049
380 29.9645
385 30.2003
390 29.7618
395 30.0155
400 29.8747
405 30.0538
410 30.2034
415 29.7815
420 29.9976
425 29.9955
430 29.9733
435 30.1623
440 29.8283
445 29.9989
450 29.9615
455 30.1728
460 30.0209
465 29.7585
470 30.0094
475 29.9825
480 29.963
485 30.0422
490 29.895
495 30.0429
500 30.0401
505 30.0118
510 30.0959
515 29.9768
520 29.8599
525 29.9501
530 30.0311
535 30.0051
540 30.0831
545 29.8689
550 29.9534
555 30.4242
560 29.5999
565 30.1694
570 29.7759
575 29.9977
580 29.9774
585 29.9639
590 30.2491
595 29.7265
600 30.0021
5 30.3302
10 30.2879
15 29.9205
20 30.1287
25 30.11
30 30.1055
35 30.3206
45 30.1078
50 30.1281
55 30.1388
60 30.1212
70 30.1097
75 30.1146
80 30.1282
85 30.1105
95 30.1229
100 30.1031
105 30.1355
110 30.0873
115 30.3409
120 29.956
125 30.1063
130 30.0929
135 30.1045
140 30.3547
145 29.9495
150 30.1153
155 30.114
160 30.0962
165 30.2902
170 29.9463
175 30.1252
180 30.1282
185 30.1005
190 30.338
195 29.9296
200 30.1128
205 30.1313
210 30.1157
215 30.3555
220 29.9623
225 30.0973
230 30.1246
235 30.1328
240 30.3427
245 29.8958
250 30.1219
255 30.1422
260 30.1329
265 30.3228
270 29.9266
275 30.1333
280 30.1259
285 30.3461
290 30.1323
295 29.8979
300 30.1633
305 30.0833
310 30.1146
315 30.3089
320 29.9395
325 30.1332
330 30.1292
335 30.1108
340 30.3251
350 30.1276
355 30.1056
360 30.1142
365 30.1149
375 30.1233
380 30.1484
385 30.1372
390 30.0815
400 29.9392
405 30.0876
410 30.1173
425 29.9568
430 30.1155
435 30.1178
450 29.9544
455 30.1373
460 30.1019
465 30.1405
475 29.9751
480 30.0958
485 30.1123
490 30.1292
500 29.9633
505 30.0704
510 30.1168
515 30.1085
520 30.3306
525 29.9231
530 30.0664
535 30.1439
540 30.0961
550 29.942
555 30.1095
560 30.1253
565 30.1898
575 29.9256
580 30.142
585 30.1109
590 30.12
600 29.9095
5 32.8166
10 30.022
15 30.0593
20 30.0482
25 30.2526
30 30.0886
35 29.8933
40 30.0243
45 30.041
50 30.2188
55 30.0752
60 29.859
65 30.0395
70 30.0814
75 30.0637
80 30.2104
85 29.9574
90 30.0761
95 30.0524
100 30.0302
105 30.1854
110 29.9756
115 30.0271
120 30.0147
125 30.0398
130 30.0507
135 30.0479
140 30.0335
145 30.0688
150 30.2504
155 29.8904
160 30.0227
165 30.0387
170 30.0069
175 30.0484
180 30.0495
185 30.0549
190 30.0281
195 30.0623
200 30.1029
205 30.0107
210 30.0561
215 30.0347
220 30.0688
225 30.0464
230 30.0321
235 30.0746
240 30.0632
245 30.0252
250 30.0575
255 30.2413
260 30.049
265 30.1375
270 29.8892
275 30.0425
280 30.2235
285 29.8896
290 30.0629
295 30.0829
300 30.0528
305 30.1921
310 30.0783
315 29.9138
320 30.0824
325 30.0402
330 30.208
335 29.99
340 29.9821
345 30.0445
350 30.0734
355 30.0445
360 30.2483
365 29.8508
370 30.0448
375 30.0685
380 30.0521
385 30.1833
390 29.9573
395 30.1123
400 30.0502
405 30.0631
410 30.0084
415 30.0311
420 30.0464
425 30.0115
430 30.2152
435 30.0799
440 29.8457
445 30.104
450 29.9336
455 30.0746
460 30.0199
465 30.0479
470 30.0706
475 30.045
480 30.0689
485 30.0825
490 30.0338
495 30.2027
500 29.9231
505 30.227
510 29.8748
515 30.0525
520 30.0745
525 30.0537
530 30.0269
535 30.0326
540 30.2374
545 29.8081
550 30.0898
555 30.0567
560 30.0638
565 30.2381
570 29.8892
575 30.0432
580 30.0351
585 30.0314
590 30.2135
595 29.876
600 30.0561
5 30.2921
10 29.8746
15 30.0682
20 30.0437
25 30.0299
30 30.2442
35 29.9213
40 30.0191
45 30.0648
50 30.0456
55 30.2391
60 29.8653
65 30.0098
70 30.0489
75 30.053
80 30.2723
85 29.879
90 30.0999
95 30.0285
100 30.4435
105 29.7188
110 30.0474
115 30.061
120 30.0435
125 30.0315
130 30.0708
135 30.1361
140 29.9725
145 30.0763
150 30.0682
155 30.2749
160 30.0628
165 29.8237
170 30.0515
175 30.1364
180 30.0729
190 29.6607
195 30.1084
200 30.043
205 30.0426
210 30.2445
215 29.8111
220 30.0321
225 30.0939
230 30.1496
235 30.1552
240 29.8559
245 30.0738
250 30.0848
255 30.2737
260 30.178
265 29.8068
270 30.0587
275 30.0517
280 30.3
285 30.2139
290 29.6829
295 30.0707
300 30.1152
305 30.2109
310 30.2744
315 29.7571
320 30.0553
325 30.0471
330 30.2617
335 30.0884
340 29.8766
345 30.0793
350 30.0278
355 30.0543
360 30.2201
365 29.8893
370 30.0982
375 30.049
380 30.0953
385 30.2303
390 29.8983
395 30.0922
400 30.0781
405 30.1137
410 30.2676
415 29.8809
420 30.0752
425 30.0348
430 30.0821
435 30.0742
440 30.26
445 29.8855
450 30.0648
455 30.074
460 30.0612
465 30.2425
470 29.8686
475 30.1021
480 30.0484
485 30.0418
495 29.8847
500 30.0747
505 30.0581
510 30.0651
520 29.8638
525 30.0621
530 30.0691
535 30.4544
545 29.9045
550 30.1069
555 30.0749
560 30.2405
570 29.7532
575 30.0717
580 30.0521
585 30.2552
595 29.7744
600 30.0718
5 30.1778
10 30.3102
15 30.0339
20 30.1302
25 30.1489
30 30.1452
35 30.2593
40 30.0317
45 30.3444
50 29.9472
55 30.1481
60 30.2669
65 30.0214
70 30.1415
75 30.3481
80 29.935
85 30.1701
90 30.334
95 29.9444
100 30.1272
105 30.1401
110 30.1245
115 30.1661
120 30.1645
125 30.1104
130 30.1269
135 30.1311
140 30.1777
145 30.1382
150 30.133
155 30.5695
160 29.8042
165 30.2367
170 30.0288
175 30.1096
180 30.1354
185 30.1617
190 30.1969
195 30.0388
200 30.1751
205 30.1892
210 30.1571
215 30.3322
220 29.9932
225 30.1395
230 30.1505
235 30.1494
240 30.5896
245 29.7709
250 30.1467
255 30.133
260 30.1523
265 30.4248
270 29.8595
275 30.1278
280 30.1756
285 30.1647
290 30.4379
295 29.8611
300 30.149
305 30.1398
310 30.1272
315 30.3625
320 29.9229
325 30.1225
330 30.139
335 30.495
340 29.7697
345 30.1301
350 30.1439
355 30.1461
360 30.1018
365 30.3698
370 29.9778
375 30.1562
380 30.1153
385 30.1636
390 30.1519
395 30.3137
400 29.9739
405 30.1494
410 30.1536
415 30.139
420 30.1316
425 30.1492
430 30.1672
435 30.1419
440 30.1163
445 30.1749
450 30.1611
455 30.1618
460 30.1158
465 30.1358
470 30.2654
475 30.0338
480 30.1445
485 30.1616
490 30.1645
495 30.3586
500 29.9332
505 30.1783
510 30.1406
515 30.1718
520 30.2965
525 30.0473
530 30.1605
535 30.1237
540 30.1334
545 30.2824
550 30.0486
555 30.1584
560 30.1371
565 30.1059
570 30.4493
575 29.8689
580 30.1537
585 30.1261
590 30.1542
595 30.3873
600 29.9778
5 30.0893
10 30.0285
15 30.0531
20 30.0728
25 30.0445
30 30.2695
35 29.8835
40 30.0857
45 30.0346
50 30.0059
55 30.0706
60 29.9593
65 30.0524
70 30.0437
75 30.0531
80 30.1736
85 29.9296
90 30.0273
95 30.0366
100 30.012
105 30.1248
110 30.1306
115 30.0532
120 29.8059
125 30.0442
130 30.0979
135 29.9916
140 30.0558
145 30.0147
150 30.0164
155 30.0509
160 30.0134
165 30.0434
170 30.0163
175 30.0251
180 30.0548
185 30.0378
190 30.0324
195 30.2164
200 29.8387
205 30.0431
210 30.034
215 30.0207
220 30.0267
225 30.0583
230 30.0676
235 30.0282
240 30.0098
245 30.0427
250 30.0051
255 30.0406
260 30.1886
265 29.8457
270 30.0482
275 30.0729
280 30.4181
285 29.9565
290 29.757
295 30.0145
300 30.035
305 30.0315
310 30.2157
315 29.8774
320 30.069
325 30.027
330 30.0568
335 30.2112
340 29.922
345 30.0593
350 30.061
355 30.0446
360 30.1051
365 29.9436
370 30.0184
375 30.0206
380 30.1705
385 30.1204
390 29.9879
395 30.063
400 30.0329
405 30.0132
410 30.0106
415 30.0231
420 30.0243
425 30.0181
430 30.0021
435 30.0674
440 30.033
445 30.0266
450 30.0166
455 30.0612
460 30.0414
465 30.235
470 29.9036
475 30.0376
480 30.0577
485 30.0394
490 30.0187
495 30.0457
500 30.0816
505 30.0265
510 30.017
515 30.0401
520 30.0596
525 30.0107
530 30.0279
535 30.018
540 30.0564
545 30.0566
550 30.0245
555 30.0421
560 30.0521
565 30.0155
570 30.1689
575 29.8719
580 30.0482
585 30.0308
590 30.2622
595 29.837
600 30.0285
5 30.0893
10 30.0834
15 30.0814
20 30.1328
25 30.1332
30 30.0794
35 30.0822
40 30.1127
45 30.0535
50 30.1087
55 30.2296
60 29.9408
65 30.0398
70 30.0937
75 30.1329
80 30.3693
85 29.9583
90 30.1041
95 30.0502
100 30.0653
105 30.5944
110 29.8412
115 29.9076
120 30.0554
125 30.0927
130 30.306
135 29.9
140 30.1375
145 30.1174
150 30.1434
155 30.1065
160 30.1066
165 30.1254
170 30.3097
175 29.9427
180 30.0431
185 30.1273
190 30.0813
195 30.054
200 30.0725
205 30.0807
210 30.0813
215 30.6665
220 29.6139
225 30.1405
230 30.0953
235 30.0815
240 30.1059
245 30.2916
250 29.9313
255 30.0816
260 30.0845
265 30.0976
270 30.1043
275 30.0836
280 30.1168
285 30.1087
290 30.0891
295 30.091
300 30.0798
305 30.1111
310 30.3775
315 29.7331
320 30.0954
325 29.9695
330 30.0918
335 30.2617
340 29.9041
345 30.0705
350 30.0854
355 30.0749
360 30.2259
365 29.9565
370 30.0958
375 30.1278
380 30.1017
385 30.2658
390 29.9124
395 30.0882
400 30.1121
405 30.0634
410 30.2095
415 29.9784
420 30.0759
425 30.0836
430 30.0682
435 30.0824
440 30.08
445 30.1109
450 30.0793
455 30.0591
460 30.1057
465 30.0588
470 30.1147
475 30.0819
480 30.0884
485 30.0701
490 30.0858
495 30.0935
500 30.1014
505 30.4258
510 29.7289
515 30.0835
520 30.1164
525 30.0756
530 30.1093
535 30.0828
540 30.0962
545 30.1244
550 30.1118
555 30.1044
560 30.098
565 30.0851
570 30.0804
575 30.0911
580 30.1329
585 30.0902
590 30.2365
595 30.0786
600 29.9197
5 29.964
10 29.9164
15 29.9486
20 29.9416
25 29.9339
30 29.9709
35 29.921
40 29.9445
45 29.9651
50 29.9744
55 30.2124
60 29.6489
65 29.9587
70 29.9517
75 29.9551
80 30.1107
85 29.7557
90 30.1431
95 29.7681
100 29.9769
105 30.0465
110 29.8232
115 29.9786
120 29.9102
125 29.9725
130 30.0383
135 29.8275
140 29.9607
145 29.9844
150 29.9188
155 29.9326
160 29.8333
165 29.9725
170 29.9487
175 29.9326
180 29.9408
185 30.1086
190 29.7199
195 30.0321
200 29.9655
205 29.987
210 29.9804
215 29.9418
220 29.9537
225 30.3862
230 29.5448
235 29.9527
240 29.9921
245 29.9469
250 29.9727
255 29.9997
260 30.1186
265 29.7709
270 29.93
275 29.9616
280 30.0486
285 30.0851
290 29.6719
295 29.9523
300 29.9479
305 30.0425
310 29.9496
315 29.8535
320 30.0889
325 29.7673
330 29.9474
335 30.2711
340 29.828
345 29.7572
350 29.9576
355 29.9279
360 30.0467
365 29.8214
370 29.9072
375 29.9529
380 29.9592
385 30.1273
390 29.704
395 29.9276
400 30.1941
405 29.6251
410 30.2516
415 29.555
420 30.1259
425 29.796
430 29.949
435 30.0782
440 29.8651
445 29.9551
450 29.966
455 29.9803
460 30.0265
465 29.8615
470 30.1362
475 29.7668
480 29.9248
485 29.9634
490 29.9537
495 29.9695
500 29.956
505 29.9875
510 29.9499
515 29.9839
520 29.9181
525 30.0001
530 29.9749
535 30.0994
540 29.9465
545 29.8559
550 29.9448
555 29.918
560 30.0513
565 29.9847
570 29.8332
575 29.9629
580 29.9782
585 30.0526
590 30.1042
595 29.6862
600 29.9611
5 30.4631
10 29.7392
15 30.0938
20 30.0625
25 30.0129
30 30.2784
35 29.8662
40 30.0386
45 30.2517
50 29.8342
55 30.2751
60 29.8563
65 30.0666
70 30.0217
75 30.0459
80 30.0871
85 29.9695
90 30.0441
95 30.0301
100 30.0386
105 30.0362
110 30.1905
115 29.8809
120 30.0533
125 30.0573
130 30.0653
135 30.0296
140 30.0386
145 30.0963
150 30.065
155 30.0079
160 30.0246
165 30.0335
170 30.0683
175 30.0589
180 30.0371
185 30.0583
190 29.9978
195 30.0476
200 30.0381
205 30.0325
210 30.0619
215 30.047
220 30.0605
225 30.0469
230 30.0362
235 30.1714
240 29.867
245 30.0446
250 30.043
255 30.0643
260 30.0948
265 30.0371
270 30.0456
275 30.0695
280 30.05
285 30.1544
290 29.9511
295 30.0518
300 30.0792
305 30.0543
310 30.2246
315 29.8526
320 30.024
325 30.0395
330 30.0468
335 30.2735
340 29.863
345 30.0397
350 30.0625
355 30.0852
360 30.1133
365 30.1263
370 29.8672
375 30.0161
380 30.0561
385 29.9951
390 30.0293
395 30.0595
400 30.0215
405 30.0874
410 29.9992
415 30.0254
420 30.0315
425 30.061
430 30.0321
435 30.0296
440 30.0573
445 30.0541
450 30.0324
455 30.0252
460 30.0215
465 30.0229
470 30.0217
475 30.0259
480 30.0673
485 30.2743
490 29.8467
495 30.0291
500 30.0687
505 30.0601
510 30.0324
515 30.0297
520 30.0528
525 30.0335
530 30.0323
535 30.0554
540 30.2068
545 29.8754
550 30.0583
555 30.0199
560 30.0464
565 30.221
570 29.854
575 30.0538
580 30.0139
585 30.0113
590 30.2566
595 29.837
600 30.0398
5 30.1368
10 30.1421
15 30.1634
20 30.1342
25 30.2278
30 30.0263
35 30.134
40 30.1259
45 30.1545
50 30.1184
55 30.1178
60 30.1126
65 30.1187
70 30.0042
75 30.109
80 30.2254
85 30.1318
90 30.1343
95 30.145
100 30.1597
105 30.3147
110 29.9404
115 30.1042
120 30.1378
125 30.1369
130 30.2431
135 30.0179
140 30.1313
145 30.1341
150 30.1052
155 30.1313
160 30.1174
165 30.1135
170 30.1207
175 30.1295
180 30.1265
185 30.0959
190 30.1449
195 30.1317
200 30.1107
205 30.1856
210 30.078
215 30.158
220 30.0157
225 30.2291
230 30.1821
235 30.074
240 30.1772
245 30.129
250 30.124
255 30.211
260 30.19
265 29.9638
270 30.1446
275 30.3525
280 29.9447
285 30.1547
290 30.1639
295 30.125
300 30.0945
305 30.2367
310 30.0724
315 30.1139
320 30.108
325 30.1588
330 30.1152
335 30.2031
340 30.0239
345 30.1233
350 30.1071
355 30.142
360 30.1313
365 30.0921
370 30.127
375 30.1378
380 30.1297
385 30.1119
390 30.1048
395 30.0938
400 29.9938
405 30.2058
410 30.0369
415 30.1786
420 30.1567
425 30.1251
430 30.1241
435 30.028
440 30.2415
445 30.1243
450 30.0861
455 30.1377
460 30.4145
465 29.8405
470 30.1011
475 30.1216
480 30.1295
485 30.0129
490 30.2061
495 30.1542
500 30.1641
505 30.1487
510 30.0359
515 30.2255
520 30.1247
525 30.1584
530 30.3439
535 30.05
540 30.0344
545 30.1317
550 30.0339
555 30.4408
560 30.0488
565 30.0612
570 30.1471
575 30.1434
580 30.3098
585 29.8961
590 30.1156
595 30.1314
600 30.1393
5 30.1163
10 30.247
15 29.9012
20 30.0886
25 30.0747
30 30.067
35 30.2574
40 29.9363
45 30.0784
50 30.0934
55 30.1737
60 29.9947
65 30.0577
70 30.073
75 30.0691
80 30.5028
85 29.7589
90 30.2514
95 29.9324
100 30.469
105 29.9619
110 29.8763
115 30.0746
120 29.9799
125 30.0443
130 30.3107
135 29.9022
140 30.1132
145 30.1038
150 30.1006
155 30.083
160 30.1173
165 30.0614
170 30.1168
175 30.1116
180 30.0906
185 30.109
190 30.0929
195 30.068
200 30.0986
205 30.0721
210 30.0751
215 30.1184
220 30.0879
225 30.053
230 30.2815
235 29.9678
240 30.255
245 29.9147
250 30.1187
255 30.2942
260 30.0629
265 29.8978
270 30.2747
275 29.9092
280 30.0778
285 30.057
290 30.0745
295 30.0892
300 30.2605
305 29.9576
310 30.2903
315 29.936
320 30.1091
325 30.0591
330 30.1019
335 30.1154
340 30.1039
345 30.0731
350 30.0443
355 30.0752
360 30.1955
365 29.9839
370 30.2514
375 29.9345
380 30.0651
385 30.3481
390 29.8652
395 30.0912
400 30.088
405 30.0707
410 30.2983
415 29.8857
420 30.0648
425 30.2766
430 29.948
435 30.6171
440 29.6082
445 30.0435
450 30.0454
455 30.1039
460 30.2262
465 30.0016
470 30.0624
475 30.1315
480 30.0798
485 30.1892
490 29.9999
495 30.123
500 30.1028
505 30.0788
510 30.0732
515 30.0493
520 30.0546
525 30.0852
530 30.0814
535 30.1133
540 30.437
545 29.7063
550 30.1002
555 30.0437
560 30.0768
565 30.0474
570 30.0626
575 30.0913
580 30.0755
585 30.2804
590 30.03
595 30.2171
600 29.8984
5 30.0867
10 30.3195
15 29.8769
20 30.1423
25 30.0789
30 30.0816
35 30.0921
40 30.1055
45 30.0909
50 30.0731
55 30.0732
60 30.1132
65 30.1034
70 30.2088
75 29.9866
80 30.1183
85 30.1365
90 30.1466
95 30.1225
100 30.1145
105 30.0923
110 30.2915
115 29.9235
120 30.0984
125 30.1177
130 30.1044
135 30.1846
140 30.0222
145 30.1272
150 30.0899
155 30.1021
160 30.2445
165 29.9945
170 30.0947
175 30.1292
180 30.1258
185 30.0792
190 30.0411
195 30.0988
200 30.0931
205 30.1364
210 30.1334
215 30.1137
220 30.1265
225 30.1197
230 30.0751
235 30.1307
240 30.106
245 30.1183
250 30.1253
255 30.1043
260 30.07
265 30.0781
270 30.1185
275 30.0709
280 30.0739
285 30.1079
290 30.111
295 30.1251
300 30.1369
305 30.14
310 30.1121
315 30.0982
320 30.1195
325 30.082
330 30.0824
335 30.0787
340 30.2238
345 30.0095
350 30.1111
355 30.0945
360 30.1995
365 30.0485
370 30.1899
375 30.0163
380 30.0996
385 30.089
390 30.1137
395 30.0934
400 30.1016
405 30.1582
410 30.1455
415 30.3062
420 29.9258
425 30.0861
430 30.1134
435 30.1083
440 30.1829
445 30.0068
450 30.0648
455 30.1087
460 30.1651
465 30.0645
470 30.1293
475 30.1155
480 30.064
485 30.1272
490 30.221
495 30.023
500 30.1011
505 30.0694
510 30.0356
515 30.1014
520 30.0983
525 30.0971
530 30.0984
535 30.0886
540 30.1056
545 30.1309
550 30.0988
555 30.112
560 30.1151
565 30.1171
570 30.1163
575 30.1236
580 30.1957
585 30.0047
590 30.0913
595 30.1136
600 30.1064
5 30.118
10 30.1161
15 30.1255
20 30.0737
25 30.3344
30 29.9438
35 30.299
40 29.9551
45 30.0827
50 30.0692
55 30.209
60 30.0274
65 30.0607
70 30.1044
75 30.0884
80 30.1753
85 30.0773
90 30.094
95 30.0833
100 30.104
105 30.1168
110 30.1378
115 30.1031
120 30.3051
125 29.923
130 30.6231
135 29.6206
140 30.141
145 30.08
150 30.1306
155 30.4686
160 29.824
165 30.0937
170 30.098
175 30.0617
180 30.2647
185 29.9118
190 30.1038
195 30.09
200 30.0692
205 30.1873
210 30.0289
215 30.0554
220 30.1495
225 30.1676
230 30.1932
235 29.9885
240 30.0986
245 30.069
250 30.1073
255 30.1171
260 30.0867
265 30.1146
270 30.0981
275 30.1215
280 30.2738
285 30.1137
290 30.0146
295 30.0943
300 30.0926
305 30.2166
310 30.1319
315 29.9993
320 30.0974
325 30.1151
330 30.2581
335 30.0145
340 29.9999
345 30.1038
350 30.1158
355 30.3332
360 30.0093
365 29.9732
370 30.1018
375 30.1093
380 30.1148
385 30.5018
390 29.7051
395 30.0847
400 30.0709
405 30.2562
410 30.3219
415 29.7228
420 30.1381
425 30.0731
430 30.0847
435 30.458
440 29.7036
445 30.3234
450 29.9029
455 30.0977
460 30.3689
465 29.8385
470 30.0721
475 30.126
480 30.1194
485 30.2755
490 29.9154
495 30.1154
500 30.0805
505 30.0757
510 30.2134
515 30.0012
520 30.1036
525 30.0786
530 30.0596
535 30.3311
540 30.0057
545 30.0334
550 30.0817
555 30.0827
560 30.2066
565 29.9985
570 30.1187
575 30.091
580 30.1318
585 30.1943
590 30.0446
595 30.0696
600 30.1296
5 30.0711
10 30.1066
15 30.0709
20 30.1017
25 30.0406
30 30.0834
35 30.0762
40 30.0611
45 30.0877
50 30.0826
55 30.0806
60 30.0887
65 30.0873
70 30.1019
75 30.1177
80 30.301
85 29.9262
90 30.1126
95 30.0552
100 30.0815
105 30.0856
110 30.2738
115 29.9047
120 30.1056
125 30.0811
130 30.005
135 30.1935
140 30.0691
145 30.1176
150 30.0987
155 30.306
160 29.9101
165 30.227
170 29.9451
175 30.0685
180 30.3539
185 29.8811
190 30.1165
195 30.0808
200 30.1242
205 30.0933
210 30.0892
215 30.1008
220 30.1059
225 30.0878
230 30.0718
235 30.0865
240 30.0952
245 30.083
250 30.0977
255 30.0778
260 30.0813
265 30.0858
270 30.0742
275 30.1412
280 30.1042
285 30.0739
290 30.0814
295 30.1083
300 30.0594
305 30.1123
310 30.081
315 30.1196
320 30.1028
325 30.2792
330 29.8952
335 30.1284
340 30.2677
345 29.8962
350 30.4178
355 29.7641
360 30.1123
365 30.0876
370 30.0974
375 30.0796
380 30.111
385 30.0444
390 30.0817
395 30.1105
400 30.0959
405 29.9851
410 30.3358
415 29.9396
420 30.1131
425 30.099
430 30.1327
435 30.0219
440 30.0664
445 30.0912
450 30.0883
455 30.1881
460 30.1501
465 29.9089
470 30.0722
475 30.2962
480 29.9378
485 30.2808
490 29.9259
495 30.0983
500 30.1004
505 30.1211
510 30.3034
515 29.9106
520 30.1053
525 30.0812
530 30.0853
535 30.1743
540 30.0394
545 30.1104
550 30.1129
555 30.0312
560 30.2108
565 29.9895
570 30.0868
575 30.0786
580 30.0958
585 30.3327
590 29.8881
595 30.2665
600 29.9181
5 30.2452
10 29.8754
15 30.0199
20 30.1837
25 29.8718
30 30.0687
35 30.2198
40 29.859
45 30.0129
50 30.0502
55 30.0483
60 30.0607
65 29.9934
70 30.0417
75 30.0186
80 30.1475
85 29.9233
90 30.0402
95 29.9722
100 30.0197
105 30.2436
110 29.9829
115 29.885
120 30.0089
125 30.0302
130 30.0741
135 30.3887
140 29.6843
145 30.0208
150 30.0514
155 29.9835
160 30.0681
165 30.047
170 30.0323
175 30.0204
180 30.1568
185 29.8787
190 30.1544
195 29.8683
200 30.0389
205 30.1975
210 29.8469
215 30.0196
220 30.0173
225 30.2406
230 29.922
235 29.9686
240 30.0227
245 30.0412
250 30.0227
255 30.122
260 29.9308
265 30.0042
270 30.0233
275 30.0139
280 30.0299
285 30.0237
290 29.9906
295 30.0238
300 30.0605
305 30.0494
310 30.0455
315 30.2198
320 29.8817
325 30.0021
330 30.047
335 30.0239
340 30.0288
345 30.0403
350 30.0419
355 30.0383
360 30.037
365 30.0357
370 30.071
375 30.459
380 29.6378
385 30.0176
390 29.9917
395 30.2144
400 29.8463
405 30.0211
410 30.0503
415 30.0106
420 30.0455
425 30.037
430 30.0288
435 30.2069
440 29.8788
445 30.0687
450 30.2619
455 29.8595
460 30.2361
465 29.8192
470 30.0133
475 30.0519
480 30.0551
485 30.2466
490 29.8534
495 29.9973
500 30.0024
505 30.042
510 30.1148
515 29.9465
520 30.0133
525 30.0598
530 30.0216
535 30.0273
540 30.0503
545 30.1916
550 29.9791
555 30.2357
560 29.6361
565 30.0477
570 30.0569
575 30.0356
580 30.0414
585 30.0204
590 30.0362
595 30.0024
600 30.0117
5 30.2824
10 30.0736
15 30.0736
20 29.9428
25 30.0953
30 30.2158
35 29.9894
40 30.0799
45 30.0902
50 30.2313
55 30.0348
60 30.0178
65 30.0819
70 30.0697
75 30.0466
80 30.081
85 30.0654
90 30.0677
95 30.0944
100 30.0937
105 30.0872
110 30.1266
115 30.2843
120 29.9371
125 30.2565
130 29.871
135 30.0604
140 30.0976
145 30.1202
150 30.1212
155 30.0984
160 30.0735
165 30.3161
170 29.9162
175 30.0586
180 30.0743
185 30.0749
190 30.0845
195 30.0906
200 30.0959
205 30.3027
210 29.921
215 30.0538
220 30.0986
225 30.0507
230 30.0869
235 30.1302
240 30.2732
245 30.0762
250 30.0685
255 30.1011
260 30.3097
265 29.8695
270 30.0915
275 30.0854
280 30.1128
285 30.217
290 30.0472
295 30.2885
300 29.8983
305 30.0788
310 30.1656
315 29.9731
320 30.0609
325 30.068
330 30.0552
335 30.0958
340 30.2586
345 29.8989
350 30.0738
355 30.1021
360 30.2751
365 29.9525
370 30.0452
375 30.0958
380 30.0585
385 30.095
390 30.2311
395 29.9352
400 30.0951
405 30.0926
410 30.0977
415 30.0937
420 30.1223
425 30.1126
430 30.0903
435 30.029
440 30.1273
445 30.1295
450 30.0785
455 30.1104
460 30.241
465 29.9432
470 30.136
475 30.1127
480 30.0708
485 30.1248
490 30.0792
495 30.0852
500 30.0703
505 30.0921
510 30.0877
515 30.1673
520 30.3595
525 29.8027
530 30.0966
535 30.0964
540 30.1943
545 30.0242
550 30.2947
555 29.9403
560 30.2273
565 30.135
570 29.9047
575 30.062
580 30.0543
585 30.0682
590 30.1975
595 29.9994
600 30.0972
5 30.088
10 30.0514
15 30.0516
20 30.0781
25 30.0621
30 30.2203
35 29.8833
40 30.0761
45 30.044
50 30.069
55 30.0789
60 30.0287
65 30.0738
70 30.031
75 30.0248
80 30.2832
85 29.8326
90 30.0532
95 30.2637
100 30.063
105 30.2637
110 29.875
115 30.0359
120 30.0539
125 30.0466
130 30.1577
135 29.9756
140 30.0324
145 30.0215
150 30.0685
155 30.2589
160 29.8193
165 30.0515
170 30.0555
175 30.0696
180 30.0556
185 30.063
190 30.0524
195 30.0606
200 30.0345
205 30.0683
210 30.0837
215 30.0503
220 30.0312
225 30.0594
230 30.0575
235 30.0757
240 30.0695
245 30.0695
250 30.0413
255 30.0483
260 30.0475
265 30.0282
270 30.0624
275 30.0411
280 30.0566
285 30.0392
290 30.043
295 30.0973
300 30.0713
305 30.0639
310 30.0502
315 30.0299
320 30.0302
325 30.0925
330 30.0848
335 30.0658
340 30.0477
345 30.0557
350 30.0593
355 30.0835
360 30.0704
365 30.0272
370 30.0541
375 30.0298
380 30.0529
385 30.1682
390 29.9602
395 30.0315
400 30.053
405 30.0729
410 30.1486
415 29.9753
420 30.0457
425 30.0535
430 30.04
435 30.165
440 30.1511
445 29.8874
450 30.061
455 30.0549
460 30.0598
465 30.2283
470 29.8753
475 30.0732
480 30.0189
485 30.0646
490 30.0333
495 30.0528
500 30.0875
505 30.0351
510 30.0309
515 30.0542
520 30.0905
525 30.2924
530 29.899
535 30.0633
540 30.0735
545 30.0797
550 30.0752
555 30.0343
560 30.0363
565 30.0449
570 30.0498
575 30.2793
580 29.863
585 30.0472
590 30.2273
595 29.8897
600 30.0233
5 29.9982
10 30.0312
15 30.0207
20 29.9884
25 30.1151
30 29.8851
35 30.1601
40 29.8522
45 29.9709
50 30.1052
55 29.9878
60 29.8881
65 30.0066
70 30.0005
75 30.1593
80 29.9255
85 29.8914
90 29.9934
95 30.0022
100 29.9945
105 30.1693
110 29.796
115 29.9913
120 29.9281
125 30.1663
130 30.0549
135 29.7417
140 29.9896
145 30.0286
150 30.0102
155 30.3343
160 29.89
165 29.8276
170 30.1949
175 29.7912
180 30.1277
185 29.9323
190 30.0134
195 30.0124
200 30.1949
205 29.7956
210 29.9923
215 29.9727
220 29.9924
225 29.9811
230 30.0147
235 30.0022
240 30.0148
245 29.9825
250 30.162
255 29.79
260 30.0208
265 29.9922
270 29.9701
275 29.9848
280 29.9721
285 29.9702
290 30.002
295 30.0174
300 29.9898
305 30.0362
310 29.91
315 29.9589
320 29.9828
325 30.0002
330 30.1448
335 29.9392
340 30.0134
345 29.9799
350 29.9708
355 30.1191
360 30.4511
365 29.5113
370 29.9792
375 29.9531
380 29.9852
385 30.0981
390 29.8945
395 29.994
400 29.9984
405 30.0064
410 30.2693
415 29.7349
420 29.9927
425 30.0615
430 30.1375
435 30.0196
440 29.984
445 29.8222
450 30.0152
455 29.9757
460 30.2764
465 29.717
470 29.9769
475 29.9851
480 29.9859
485 30.2474
490 29.8091
495 29.9796
500 29.9503
505 29.9606
510 30.2059
515 29.9328
520 29.9376
525 30.16
530 29.8536
535 29.9791
540 30.0057
545 29.9981
550 29.9926
555 30.0098
560 29.9791
565 29.9561
570 30.0149
575 30.0173
580 30.0192
585 29.9961
590 29.96
595 30.0529
600 30.007
5 30.0976
10 30.0966
15 30.2197
20 29.9902
25 30.1158
30 30.1049
35 30.084
40 30.1128
45 30.0966
50 30.0824
55 30.2821
60 29.9285
65 30.0817
70 30.0977
75 30.0642
80 30.0652
85 30.0863
90 30.1503
95 30.102
100 30.0947
105 30.1986
110 30.0138
115 30.1032
120 30.1107
125 30.1202
130 30.2085
135 30.0049
140 30.1185
145 30.0865
150 30.0668
155 30.2245
160 30.0027
165 30.1032
170 30.0454
175 30.0758
180 30.2235
185 30.0466
190 30.0881
195 30.0984
200 30.0625
205 30.2282
210 29.9876
215 30.1414
220 30.0899
225 30.069
230 30.0745
235 30.0728
240 30.0668
245 30.0836
250 30.0834
255 30.1083
260 30.0941
265 30.0644
270 30.0949
275 30.0863
280 30.1025
285 30.0906
290 30.085
295 30.0895
300 30.0691
305 30.0822
310 30.1121
315 30.0789
320 30.0645
325 30.0804
330 30.0726
335 30.1133
340 30.1267
345 30.291
350 29.887
355 30.1161
360 30.0677
365 30.1118
370 30.1233
375 30.0682
380 30.0778
385 30.1124
390 30.1041
395 30.0799
400 30.084
405 30.1034
410 30.2307
415 30.0253
420 30.0851
425 30.0678
430 30.124
435 30.3359
440 29.9296
445 30.0936
450 30.0741
455 30.1047
460 30.1899
465 29.9983
470 30.0642
475 30.0815
480 30.1077
485 30.2957
490 29.9035
495 30.0971
500 30.0893
505 30.1088
510 30.1756
515 30.032
520 30.0803
525 30.0827
530 30.0849
535 30.1022
540 30.1017
545 30.0786
550 30.0791
555 30.1163
560 30.1193
565 30.0746
570 30.0955
575 30.1358
580 30.1082
585 30.0869
590 30.1177
595 30.11
600 30.0813
5 33.2403
10 30.1565
15 30.1582
20 30.1752
25 30.1103
30 30.2708
35 30.0721
40 30.1407
45 30.1507
50 30.1364
55 30.1662
60 30.1356
65 30.1491
70 30.1793
75 30.2781
80 30.1321
85 30.0207
90 30.144
95 30.1149
100 30.14
105 30.2731
110 30.0693
115 30.1446
120 30.1189
125 30.1346
130 30.4434
135 29.9018
140 30.1606
145 30.1592
150 30.1799
155 30.4347
160 29.8619
165 30.1627
170 30.1377
175 30.1588
180 30.368
185 30.0053
190 30.1888
195 30.1509
200 30.1652
205 30.2667
210 30.0591
215 30.1199
220 30.1714
225 30.1526
230 30.5148
235 29.8728
240 30.1347
245 30.1831
250 30.0562
255 30.1368
260 30.1159
265 30.1352
270 30.159
275 30.1447
280 30.3026
285 30.1032
290 30.1383
295 30.1638
300 30.1605
305 30.2647
310 30.0698
315 30.1668
320 30.1629
325 30.1272
330 30.3808
335 30.0095
340 30.1586
345 30.1581
350 30.1571
355 30.3374
360 30.0078
365 30.1546
370 30.162
375 30.1788
380 30.1218
385 30.2849
390 30.2614
395 29.9979
400 30.1593
405 30.3725
410 30.137
415 29.9872
420 30.1644
425 30.1547
430 30.1111
435 30.3648
440 29.9466
445 30.1591
450 30.1622
455 30.1465
460 30.3689
465 29.9864
470 30.162
475 30.1188
480 30.1925
485 30.2712
490 30.1072
495 30.3749
500 29.9641
505 30.1579
510 30.2625
515 30.0894
520 30.1488
525 30.1337
530 30.1523
535 30.1723
540 30.173
545 30.1502
550 30.1249
555 30.1393
560 30.1995
565 30.1518
570 30.1598
575 30.3664
580 30.1528
585 29.9495
590 30.1501
595 30.1748
600 30.1791
5 30.1474
10 30.1396
15 30.3628
20 30.4004
25 29.8941
30 30.3188
35 29.9782
40 30.5644
45 29.8444
50 30.3744
55 30.2328
60 29.8732
65 30.6047
70 29.8165
75 30.1622
80 30.2508
85 30.1476
90 30.0778
95 30.2023
100 30.3653
105 30.0827
110 30.0354
115 30.1414
120 30.1585
125 30.1994
130 30.2062
135 30.0711
140 30.1492
145 30.1807
150 30.1808
155 30.641
160 29.9038
165 30.3676
170 29.9515
175 30.1878
180 30.1969
185 30.1717
190 30.1613
195 30.1865
200 30.2316
205 30.1424
210 30.1564
215 30.1693
220 30.1525
225 30.1735
230 30.3861
235 29.9648
240 30.216
245 30.172
250 30.1626
255 30.4687
260 29.8974
265 30.3563
270 30.0018
275 30.1804
280 30.418
285 29.9858
290 30.1784
295 30.1507
300 30.1585
305 30.391
310 29.9941
315 30.1583
320 30.194
325 30.1876
330 30.2365
335 30.0673
340 30.1818
345 30.1567
350 30.19
355 30.1543
360 30.169
365 30.1775
370 30.1672
375 30.1665
380 30.1735
385 30.1682
390 30.1374
395 30.1745
400 30.1859
405 30.1918
410 30.197
415 30.1995
420 30.1748
425 30.1272
430 30.2981
435 30.1385
440 30.0757
445 30.1984
450 30.1882
455 30.1423
460 30.3005
465 30.0846
470 30.171
475 30.1472
480 30.1745
485 30.2266
490 30.1366
495 30.1614
500 30.1517
505 30.1885
510 30.2752
515 30.0566
520 30.1509
525 30.1985
530 30.2005
535 30.3567
540 29.9855
545 30.1826
550 30.1393
555 30.161
560 30.1816
565 30.1342
570 30.1627
575 30.1516
580 30.1923
585 30.4502
590 29.9039
595 30.1786
600 30.1948
5 30.1036
10 30.3059
15 29.8771
20 30.0878
25 30.1134
30 30.0908
35 30.219
40 30.0044
45 30.0711
50 30.1103
55 30.0838
60 30.2343
65 30.0379
70 30.0783
75 30.1367
80 30.1729
85 30.2305
90 29.9182
95 29.9673
100 30.1023
105 30.0962
110 30.0998
115 30.0941
120 30.1105
125 30.1308
130 30.114
135 30.1061
140 30.1301
145 30.1368
150 30.137
155 30.1464
160 30.2792
165 30.0752
170 29.9901
175 30.1202
180 30.2632
185 29.9376
190 30.1176
195 30.0354
200 30.0937
205 30.1248
210 30.1119
215 30.1165
220 30.0897
225 30.1324
230 30.1847
235 30.0552
240 30.214
245 30.0276
250 30.1176
255 30.113
260 30.1484
265 30.3906
270 29.7947
275 30.1248
280 30.2807
285 30.3006
290 29.9925
295 29.8553
300 30.161
305 30.1003
310 30.0822
315 30.397
320 29.7961
325 30.0973
330 30.1125
335 30.1461
340 30.2572
345 29.9703
350 30.1055
355 30.1183
360 30.1181
365 30.2077
370 30.0293
375 30.1056
380 30.137
385 30.0929
390 30.2308
395 30.0001
400 30.1129
405 30.0757
410 30.1154
415 30.0973
420 30.1484
425 30.0919
430 30.1045
435 30.1391
440 30.0821
445 30.126
450 30.1275
455 30.0936
460 30.0871
465 30.1089
470 30.1123
475 30.1162
480 30.1333
485 30.0713
490 30.1095
495 30.1087
500 30.3503
505 29.8772
510 30.0762
515 30.1466
520 30.1207
525 30.0869
530 30.1103
535 30.0963
540 30.0922
545 30.1493
550 30.0935
555 30.1316
560 30.1039
565 30.1204
570 30.3855
575 29.8476
580 30.1118
585 30.1138
590 30.0887
595 30.4225
600 29.8246
5 30.1097
10 30.0958
15 30.0601
20 30.078
25 30.076
30 30.2355
35 29.9328
40 30.2404
45 30.2623
50 29.9163
55 29.9188
60 30.0964
65 30.1131
70 30.1007
75 30.0877
80 30.082
85 30.0635
90 30.0713
95 30.2315
100 30.0004
105 29.9741
110 30.0887
115 30.0667
120 30.0731
125 30.1144
130 30.1549
135 29.9831
140 30.1286
145 30.0715
150 30.1019
155 30.1591
160 29.9507
165 30.0681
170 30.0786
175 30.3
180 30.0968
185 30.2317
190 29.7917
195 30.0835
200 30.1215
205 30.125
210 30.1036
215 30.0989
220 30.0662
225 30.096
230 30.442
235 29.7516
240 30.0752
245 30.0606
250 30.1022
255 30.3364
260 29.8011
265 30.2661
270 29.9568
275 30.0973
280 30.3671
285 29.8491
290 30.1211
295 30.0912
300 30.0796
305 30.2989
310 29.8838
315 30.0684
320 30.0845
325 30.0871
330 30.1907
335 30.0898
340 29.9859
345 30.2564
350 29.8169
355 30.2462
360 30.0375
365 30.0411
370 30.0492
375 30.0473
380 30.0384
385 30.1695
390 29.9744
395 30.0823
400 30.0408
405 30.1302
410 30.0673
415 29.9912
420 30.0698
425 30.084
430 30.09
435 30.2973
440 30.0579
445 29.9351
450 30.1256
455 30.1023
460 30.1315
465 30.0204
470 30.0619
475 30.1154
480 30.0707
485 30.4404
490 29.7341
495 30.083
500 30.0812
505 30.0923
510 30.4667
515 29.7143
520 30.3197
525 29.86
530 30.0464
535 30.3183
540 29.8917
545 29.9438
550 30.0713
555 30.119
560 30.3608
565 29.8442
570 30.1086
575 30.0913
580 30.0895
585 30.3164
590 29.8965
595 30.077
600 30.0796
5 30.0533
10 30.0146
15 30.0222
20 30.0758
25 30.0265
30 30.1583
35 29.9278
40 30.0427
45 30.0309
50 30.0315
55 30.2605
60 29.8912
65 30.0578
70 29.997
75 30.0493
80 30.195
85 29.9003
90 30.027
95 30.0325
100 30.0426
105 30.1703
110 29.9655
115 30.0114
120 30.0449
125 30.0549
130 30.1123
135 29.9378
140 30.0452
145 30.042
150 30.0654
155 30.3988
160 29.7201
165 30.0564
170 30.0639
175 30.0561
180 30.1743
185 29.9757
190 30.0098
195 30.0753
200 30.0443
205 30.1568
210 29.9629
215 30.0528
220 30.0642
225 30.0526
230 30.0595
235 30.0467
240 30.0145
245 30.0491
250 30.0384
255 30.0528
260 30.0325
265 30.0401
270 30.0837
275 30.028
280 30.0278
285 30.0713
290 30.0976
295 30.0552
300 30.0347
305 30.0588
310 30.1114
315 30.0324
320 30.0343
325 30.0531
330 30.0384
335 30.0572
340 30.0389
345 30.0421
350 30.0535
355 30.0727
360 30.1571
365 29.9284
370 30.0799
375 30.0517
380 30.2673
385 30.0449
390 29.8885
395 30.0604
400 30.0568
405 30.0819
410 30.26
415 29.8486
420 30.0673
425 30.0604
430 30.0768
435 30.055
440 30.2187
445 29.8781
450 30.0314
455 30.2217
460 30.0945
465 29.8586
470 30.0553
475 30.0295
480 30.0843
485 30.0419
490 30.0409
495 30.0662
500 30.0886
505 30.0555
510 30.071
515 30.0416
520 30.0441
525 30.067
530 30.0847
535 30.077
540 30.0647
545 30.0913
550 30.0649
555 30.0969
560 30.074
565 30.0532
570 30.0609
575 30.0255
580 30.0628
585 30.0282
590 30.0592
595 30.0629
600 30.0148
5 33.1586
10 30.1174
15 30.1364
20 30.1664
25 30.1138
30 30.3539
35 29.838
40 30.1017
45 30.1614
50 30.0915
55 30.3441
60 29.9002
65 30.0859
70 30.1214
75 30.0796
80 30.4092
85 29.8214
90 30.1221
95 30.1308
100 30.1203
105 30.1203
110 30.0754
115 30.1403
120 30.1012
125 30.1097
130 30.1159
135 30.0961
140 30.1235
145 30.1322
150 30.111
155 30.0944
160 30.1103
165 30.1404
170 30.0958
175 30.1109
180 30.1571
185 30.0562
190 30.1047
195 30.1216
200 30.1298
205 30.3312
210 29.9237
215 30.0897
220 30.0679
225 30.1009
230 30.2197
235 30.132
240 30.0221
245 30.1411
250 30.1152
255 30.6016
260 29.8787
265 30.0275
270 30.1532
275 30.1206
280 30.1063
285 30.202
290 30.0289
295 30.1462
300 30.3231
305 30.1308
310 29.9339
315 30.1017
320 30.1228
325 30.0894
330 30.0762
335 30.1484
340 30.1031
345 30.1132
350 30.1002
355 30.132
360 30.2948
365 29.9587
370 30.0848
375 30.0876
380 30.0949
385 30.4253
390 29.8318
395 30.0963
400 30.1295
405 30.095
410 30.3329
415 29.9018
420 30.1211
425 30.0735
430 30.0943
435 30.2386
440 29.9976
445 30.1112
450 30.1064
455 30.1248
460 30.2536
465 29.9833
470 30.1222
475 30.0891
480 30.086
485 30.0777
490 30.1128
495 30.139
500 30.0876
505 30.0964
510 30.0886
515 30.1569
520 30.0924
525 30.1291
530 30.0983
535 30.1699
540 30.0778
545 30.1208
550 30.1008
555 30.1301
560 30.2782
565 29.9135
570 30.108
575 30.1034
580 30.2568
585 30.0463
590 30.0302
595 30.0959
600 30.1163
5 30.102
10 30.1123
15 30.1013
20 30.4689
25 29.8934
30 29.9918
35 30.1429
40 30.0849
45 30.1017
50 30.1288
55 30.2238
60 29.9438
65 30.1294
70 30.0659
75 30.3199
80 30.1428
85 29.896
90 30.1045
95 30.1379
100 30.248
105 30.0735
110 30.0845
115 30.3142
120 30.1472
125 29.9488
130 30.2564
135 29.9185
140 30.1496
145 30.1128
150 30.1183
155 30.3242
160 29.9344
165 30.1124
170 30.0838
175 30.1222
180 30.1951
185 30.007
190 30.0439
195 30.1298
200 30.1221
205 30.2402
210 30.0319
215 30.1327
220 30.1014
225 30.0785
230 30.0635
235 30.0931
240 30.1393
245 30.1106
250 30.1172
255 30.1081
260 30.0955
265 30.1467
270 30.2824
275 29.9502
280 30.1928
285 30.0052
290 30.2181
295 29.9419
300 30.1263
305 30.0909
310 30.1037
315 30.1229
320 30.0863
325 30.0966
330 30.1148
335 30.0827
340 30.1213
345 30.1007
350 30.0933
355 30.0988
360 30.2999
365 29.9707
370 30.1183
375 30.2799
380 30.1401
385 29.9778
390 30.0841
395 30.1115
400 30.1399
405 30.1334
410 30.1146
415 29.9536
420 30.1154
425 30.1107
430 30.1944
435 30.0204
440 30.113
445 30.0959
450 30.1233
455 30.1255
460 30.2528
465 29.9542
470 30.0732
475 30.0786
480 30.1288
485 30.3188
490 29.9311
495 30.2728
500 29.9405
505 30.0987
510 30.3374
515 29.9147
520 30.1204
525 30.1235
530 30.1753
535 30.319
540 30.0464
545 29.9653
550 30.1049
555 30.1204
560 30.386
565 29.8507
570 30.1344
575 30.098
580 30.1361
585 30.2515
590 30.0278
595 30.1326
600 30.1062
5 29.9933
10 29.9553
15 29.9431
20 29.969
25 29.9716
30 29.9932
35 30.0225
40 29.9604
45 29.9734
50 29.986
55 29.9962
60 29.9384
65 29.9931
70 29.9644
75 30.1358
80 29.805
85 30.004
90 29.9837
95 29.9696
100 30.2091
105 29.9385
110 29.9872
115 29.7944
120 29.959
125 29.9748
130 30.1729
135 29.7914
140 29.9744
145 29.9265
150 30.1965
155 30.0048
160 29.8218
165 30.0067
170 30.131
175 29.83
180 30.1597
185 29.7893
190 29.9662
195 29.9752
200 30.0041
205 30.0516
210 29.8678
215 29.9626
220 30.0182
225 29.9726
230 30.1119
235 30.055
240 29.801
245 29.9586
250 29.9703
255 30.013
260 29.9733
265 29.9963
270 30.1552
275 29.8419
280 29.9904
285 29.9508
290 29.9259
295 29.9995
300 29.982
305 29.9426
310 29.955
315 29.9592
320 29.977
325 30.146
330 29.7744
335 29.9578
340 29.9969
345 29.9588
350 29.9704
355 29.9997
360 29.9521
365 29.9811
370 29.9333
375 29.9806
380 29.9492
385 29.9801
390 29.988
395 29.9728
400 29.9481
405 29.951
410 30.0063
415 29.9463
420 29.9675
425 29.9494
430 29.957
435 30.127
440 29.8157
445 29.9457
450 29.9757
455 29.9604
460 30.1494
465 29.8378
470 29.9539
475 29.943
480 29.9671
485 30.1612
490 29.8038
495 29.988
500 29.9862
505 29.9916
510 30.0929
515 29.9144
520 29.999
525 29.9329
530 29.9564
535 30.2075
540 29.8414
545 29.9763
550 29.9631
555 29.9408
560 29.981
565 29.9806
570 29.9358
575 29.96
580 29.9649
585 29.9762
590 30.004
595 29.9809
600 29.9584
5 30.1301
10 29.9369
15 30.2143
20 29.8869
25 30.0369
30 30.1318
35 29.9497
40 30.0292
45 30.0215
50 30.0278
55 30.0072
60 30.0235
65 30.0413
70 30.0391
75 30.0182
80 30.0648
85 30.0231
90 29.9854
95 30.0087
100 30.0227
105 30.0067
110 30.0196
115 30.005
120 30.0083
125 30.0838
130 30.0124
135 30.0107
140 30.053
145 30.063
150 30.039
155 30.276
160 29.8357
165 30.0307
170 29.9873
175 30.2135
180 29.7797
185 30.0583
190 30.023
195 30.043
200 30.4171
205 29.7147
210 30.0563
215 30.0179
220 29.9963
225 30.0273
230 30.2054
235 29.8799
240 30.0422
245 30.0488
250 30.0228
255 30.289
260 29.8721
265 30.0066
270 30.0807
275 30.0385
280 30.0652
285 30.2225
290 29.9367
295 30.041
300 30.0361
305 30.0387
310 30.0455
315 29.9507
320 30.0574
325 30.053
330 29.9914
335 30.3934
340 29.7034
345 30.0433
350 30.0404
355 30.004
360 30.2147
365 29.8157
370 30.0621
375 30.0038
380 30.0062
385 30.1181
390 30.1037
395 29.8794
400 29.9989
405 29.9951
410 30.111
415 29.9584
420 30.1936
425 29.8369
430 30.0404
435 30.1251
440 29.9164
445 30.0282
450 30.2076
455 29.8307
460 30.0238
465 30.0647
470 30.0233
475 30.0441
480 30.0334
485 30.0267
490 30.0639
495 30.0354
500 30.1428
505 29.8805
510 30.0103
515 30.0365
520 30.0451
525 29.9981
530 30.0618
535 30.0026
540 30.0289
545 29.9874
550 30.0516
555 30.0249
560 30.1996
565 29.8519
570 30.0489
575 29.9965
580 30.0338
585 30.0241
590 30.0424
595 30.0326
600 30.058
5 30.0742
10 30.3001
20 30.3514
25 30.3319
30 30.7099
35 30.8631
40 30.5352
45 30.2551
55 30.665
60 30.6037
70 30.2875
75 30.5836
80 30.719
85 30.3487
95 30.0762
100 30.5638
105 30.7719
110 31.1004
115 30.2782
120 30.1286
125 30.0996
135 30.5227
140 30.8655
145 30.3583
150 30.0523
155 30.2705
165 30.8005
170 30.7369
175 30.0175
180 30.1823
195 30.2092
200 30.7264
205 30.4725
220 29.9993
225 30.4238
230 30.2394
235 30.1506
240 30.0455
245 29.9432
250 30.0734
255 30.1723
265 30.1914
275 30.0955
280 30.2352
290 30.1076
300 29.8755
305 29.9807
310 30.3315
315 30.1001
325 29.8852
330 30.0889
335 29.9254
340 30.214
345 30.1229
350 30.3119
355 29.8378
360 30.0163
365 30.0116
375 29.9294
380 29.989
390 30.138
400 30.1387
405 29.9767
410 30.4014
415 29.8163
425 29.816
430 30.5246
435 29.9253
450 29.9082
455 30.0589
460 30.2204
465 29.9912
475 29.8494
480 30.1091
485 30.1361
490 30.1634
500 29.911
505 30.4687
510 30.0797
515 30.0698
525 30.1172
530 30.0953
535 30.225
550 29.9146
555 30.6453
560 30.1911
565 30.3747
570 30.0011
575 29.9536
580 30.0888
585 30.3847
595 30.1489
5 30.116
10 30.0763
15 30.0885
20 30.1183
25 30.1023
30 30.0617
35 30.1098
40 30.0895
45 30.064
50 30.0825
55 30.1069
60 30.0601
65 30.2528
70 29.9415
75 30.0673
80 30.0987
85 30.076
90 30.1304
95 30.0651
100 30.0847
105 30.0675
110 30.0556
115 30.0852
120 30.0751
125 30.059
130 30.3003
135 29.8934
140 30.0886
145 30.0748
150 30.1038
155 30.1114
160 30.0431
165 30.0561
170 30.0863
175 30.0692
180 30.2228
185 29.8774
190 30.0646
195 30.0603
200 30.7158
205 29.7598
210 29.9011
215 30.0515
220 30.0711
225 30.0719
230 30.4125
235 29.8486
240 30.0642
245 30.0603
250 30.0957
255 30.072
260 30.0968
265 30.0398
270 30.2561
275 29.8955
280 30.0359
285 30.2375
290 30.0484
295 29.9423
300 30.0559
305 30.0844
310 30.0456
315 30.0554
320 30.075
325 30.065
330 30.0918
335 30.2951
340 29.935
345 30.0656
350 30.0881
355 30.3192
360 29.9331
365 30.0734
370 30.0749
375 30.0949
380 30.0571
385 30.2566
390 29.9294
395 30.0875
400 30.0882
405 30.2246
410 30.0707
415 29.9416
420 30.2536
425 29.8869
430 30.1188
435 30.1905
440 29.9031
445 30.0724
450 30.0807
455 30.0984
460 30.2629
465 29.9046
470 30.1022
475 30.0749
480 30.3758
485 29.9157
490 29.9705
495 30.0484
500 30.1238
505 30.1308
510 30.2116
515 29.9806
520 30.2661
525 29.9085
530 30.0387
535 30.1933
540 29.9819
545 30.0816
550 30.0904
555 30.0855
560 30.0518
565 30.0955
570 30.0999
575 30.0788
580 30.2148
585 29.9191
590 30.0879
595 30.2555
600 29.9174
5 30.1687
10 30.2081
20 30.1884
25 30.1877
30 30.2113
35 30.1591
40 30.2081
50 30.1734
55 30.1619
60 30.1747
65 30.1784
70 30.1957
75 30.2272
85 30.1811
90 30.2007
95 30.1895
100 30.2142
110 30.1772
115 30.1525
120 30.1947
125 30.1749
130 30.3188
140 30.1487
145 30.1623
150 30.1791
155 30.3097
160 30.0874
170 30.2178
175 30.1883
180 30.3582
185 30.0406
190 30.2011
200 30.2017
205 30.477
210 29.9128
215 30.1655
220 30.1852
230 30.4693
235 29.9187
240 30.1461
245 30.1725
250 30.1882
255 30.4493
260 29.8862
265 30.1543
270 30.1774
275 30.2016
280 30.4731
285 29.8985
290 30.1639
295 30.1616
300 30.5888
305 30.0179
310 29.965
320 30.1836
325 30.2152
330 30.3057
335 30.1287
340 30.2031
350 30.1959
355 30.3281
360 30.0729
365 30.1717
370 30.1819
380 30.0688
385 30.2091
390 30.1872
395 30.1925
400 30.1529
405 30.2927
410 30.0465
415 30.1895
420 30.1904
425 30.225
430 30.2059
435 30.2938
440 30.1099
445 30.1855
450 30.1757
455 30.2989
470 30.1755
475 30.1893
480 30.1729
485 30.2955
490 30.0744
495 30.1918
500 30.1857
505 30.1542
510 30.3164
515 30.0633
520 30.2187
525 30.1494
530 30.1827
535 30.3315
540 30.0615
545 30.1721
550 30.1736
555 30.2433
560 30.4595
565 29.8868
570 30.1787
575 30.1842
580 30.2078
585 30.3723
595 30.1772
600 30.1946
5 32.1727
10 30.3348
15 29.8864
20 30.0884
25 30.1281
30 30.1782
35 29.9835
40 30.1084
45 30.0976
50 30.1381
55 30.237
60 30.0299
65 30.1136
70 30.085
75 30.0794
80 30.1843
85 29.994
90 30.1202
95 30.0881
100 30.1197
105 30.2399
110 29.998
115 30.1012
120 30.1288
125 30.122
130 30.0891
135 30.1203
140 30.1349
145 30.1208
150 30.1138
155 30.1487
160 30.0808
165 30.08
170 30.1102
175 30.0811
180 30.1073
185 30.1403
190 30.1263
195 30.0723
200 30.1219
205 30.0934
210 30.109
215 30.0719
220 30.0582
225 30.1457
230 30.1315
235 30.0651
240 30.103
245 30.1609
250 30.0435
255 30.1183
260 30.1192
265 30.1189
270 30.1029
275 30.1188
280 30.082
285 30.1616
290 30.1198
295 30.0904
300 30.0936
305 30.1366
310 30.1212
315 30.0808
320 30.1002
325 30.0117
330 30.118
335 30.3284
340 29.969
345 30.1191
350 30.1184
355 30.1347
360 30.2891
365 29.9449
370 30.0829
375 30.1229
380 30.1367
385 30.3219
390 29.8964
395 30.1045
400 30.1105
405 30.0882
410 30.2744
415 29.8986
420 30.1187
425 30.1146
430 30.1467
435 30.2312
440 30.0369
445 30.1088
450 30.1084
455 30.1346
460 30.2266
465 30.0321
470 30.1372
475 30.126
480 30.083
485 30.3089
490 29.8994
495 30.0697
500 30.1277
505 30.1183
510 30.0952
515 30.1177
520 30.1605
525 30.0988
530 30.1303
535 30.3767
540 29.924
545 30.3137
550 30.1279
555 30.079
560 30.1263
565 30.098
570 30.0715
575 30.1061
580 30.1298
585 30.0757
590 30.2443
595 29.925
600 30.1092
5 30.0092
10 30.0546
15 30.0682
20 30.0403
25 30.0066
30 30.0316
35 30.0212
40 30.0217
45 30.0077
50 29.9856
55 30.0351
60 30.0481
65 29.9971
70 30.029
75 30.0592
80 29.9792
85 29.9903
90 30.0271
95 30.0231
100 30.0289
105 30.2517
110 29.7638
115 30.0296
120 30.0328
125 29.995
130 30.0187
135 30.0331
140 30.0219
145 30.0376
150 30.0274
155 30.0814
160 29.898
165 30.0124
170 29.9874
175 30.2544
180 29.952
185 29.8851
190 30.0289
195 29.9825
200 29.9852
205 30.3246
210 29.7658
215 29.9918
220 30.0412
225 30.0299
230 30.1688
235 29.8754
240 30.0249
245 30.0318
250 30.0376
255 29.9968
260 30.0231
265 30.0034
270 30.048
275 30.0162
280 30.15
285 29.8896
290 29.9923
295 30.0325
300 30.0459
305 30.1254
310 29.924
315 30.0012
320 30.0065
325 30.0036
330 30.122
335 29.9266
340 30.0156
345 30.0069
350 29.9908
355 30.0059
360 29.9996
365 30.0099
370 29.9801
375 29.9941
380 30.0224
385 29.9993
390 29.9936
395 30.0717
400 30.0046
405 30.0059
410 29.9988
415 30.0077
420 29.9976
425 30.0448
430 30.0353
435 30.1218
440 29.9338
445 30.0217
450 30.0082
455 30.0426
460 30.1012
465 29.9149
470 30.0243
475 30.0269
480 30.0261
485 30.4188
490 29.6633
495 30.0189
500 29.9957
505 30.3461
510 29.842
515 29.8312
520 30.031
525 30.0067
530 29.981
535 30.3176
540 29.7279
545 30.0636
550 30.0398
555 30.0133
560 30.1178
565 29.9532
570 30.2414
575 29.8475
580 29.9577
585 30.2335
590 29.8275
595 30.0684
600 29.8964
5 30.2585
10 29.8448
15 30.037
20 30.0186
25 30.058
30 30.2103
35 29.8231
40 30.0232
45 30.0047
50 29.9738
55 30.0624
60 30.0291
65 30.0063
70 30.0438
75 29.9962
80 29.9538
85 29.9865
90 30.1922
95 29.8173
100 29.9868
105 30.1288
110 29.9305
115 30.0106
120 30.0117
125 30.0132
130 29.9841
135 30.0487
140 30.0144
145 30.0181
150 29.9838
155 29.9989
160 30.0568
165 30.0055
170 29.9813
175 30.0245
180 29.9868
185 30.0064
190 30.0259
195 30.02
200 30.0152
205 30.1686
210 29.9865
215 30.0061
220 30.0032
225 29.9965
230 30.0046
235 30.0156
240 29.9798
245 30.0069
250 29.9775
255 30.0405
265 29.8238
270 29.9987
275 29.9971
280 30.0051
285 30.1989
290 29.8157
295 30
300 30.0067
305 30.0279
310 30.0899
315 29.8995
320 30.0324
325 30.2174
330 29.8427
335 30.2099
340 29.8498
345 30.0151
350 29.9976
355 30.028
360 30.1266
365 29.8682
370 29.9997
375 30.0318
380 30.0217
385 30.0158
390 30.0059
395 29.9992
400 30.0228
405 30.0053
410 30.0278
415 29.9733
420 30.0113
425 30.0322
430 30.0571
435 30.0005
440 30.0359
445 30.035
450 30.008
455 30.006
460 30.0707
465 29.932
470 29.9998
475 30.0126
480 29.9931
485 30.0045
490 29.9986
495 29.9894
500 30.0115
505 30.0024
510 30.0173
515 30.0215
520 29.9831
525 29.9872
530 29.9988
535 30.0376
540 29.9926
545 30.0144
550 29.988
555 30
560 30.0032
565 30.1772
570 29.889
575 29.9863
580 30.0422
585 29.9879
595 29.8273
600 30.0038
5 30.0314
10 30.0776
15 30.0455
20 30.0487
25 29.9887
30 30.2201
35 29.8536
40 30.0671
45 30.0266
50 30.0426
55 30.1351
60 29.9522
65 30.0443
70 30.0947
75 30.0174
80 30.1415
85 29.9376
90 30.0343
95 30.0216
100 30.0512
105 30.0567
110 30.0538
115 30.0358
120 30.0055
125 30.3611
130 29.8199
135 29.9025
140 30.0359
145 30.0052
150 30.0411
155 30.0481
160 30.0445
165 30.0202
170 30.0373
175 30.0135
180 29.991
185 29.9967
190 30.0459
195 30.06
200 30.0393
205 30.0161
210 30.0097
215 30.0524
220 30.0203
225 29.9925
230 30.0346
235 30.0336
240 30.0296
245 30.0388
250 30.1936
255 29.8828
260 30.0218
265 30.0201
270 30.2066
275 29.8737
280 30.0515
285 30.1001
290 30.0224
295 30.0275
300 30.0106
305 30.0366
310 30.4243
315 29.6887
320 30.01
325 30.0291
330 30.039
335 30.199
340 29.8793
345 30.0178
350 30.067
355 30.1187
360 30.2622
365 30.2211
370 29.6982
375 30.0228
380 30.0266
385 30.1413
390 29.9433
395 30.021
400 30.073
405 30.015
410 30.321
415 29.7776
420 30.0247
425 30.0414
430 30.0219
435 30.1309
440 29.9543
445 30.0147
450 30.0392
455 30.0538
460 30.0392
465 29.9913
470 30.0612
475 30.0698
480 30.0883
485 29.9849
490 30.0284
495 30.0415
500 30.0831
505 30.047
510 30.0326
515 30.0512
520 30.0181
525 30.0611
530 30.0323
535 30.0703
540 30.0536
545 30.0006
550 30.0299
555 30.0729
560 30.0702
565 30.0178
570 30.0787
575 30.0382
580 30.0508
585 30.2181
590 29.8586
595 30.0798
600 30.0256
5 30.3371
10 30.0805
15 30.0582
20 30.4524
25 29.7935
30 30.0695
35 30.1268
40 29.9228
45 30.0241
50 30.0904
55 30.1549
60 29.9366
65 30.0527
70 30.0799
75 30.0778
80 30.1445
85 29.9943
90 30.015
95 30.0351
100 30.0639
105 30.3802
110 29.7832
115 30.0533
120 30.0853
125 30.1218
130 30.3679
135 29.7951
140 30.097
145 30.0596
150 30.0674
155 30.596
160 29.6649
165 30.0472
170 30.091
175 30.0904
180 30.1522
185 30.0515
190 30.0713
195 30.0931
200 30.044
205 30.5724
210 29.7973
215 29.8852
220 30.0395
225 30.0832
230 30.3074
235 29.9041
240 30.0506
245 30.0584
250 30.0845
255 30.0772
260 30.0687
265 30.0174
270 30.0744
275 30.0686
280 30.2612
285 29.9319
290 30.087
295 30.0628
300 30.0563
305 30.1516
310 29.9899
315 30.0927
320 30.2308
325 29.9238
330 30.0554
335 30.1177
340 30.0712
345 30.0766
350 30.0878
355 30.473
360 29.8654
365 29.9921
370 30.2299
375 29.918
380 30.2623
385 30.0625
390 29.8914
395 30.0826
400 30.0795
405 30.0605
410 30.2599
415 29.8563
420 30.0756
425 30.0679
430 30.0255
435 30.3574
440 29.7997
445 30.0432
450 30.0512
455 30.0799
460 30.1953
465 30.0271
470 30.0602
475 30.2347
480 29.9189
485 30.2015
490 29.9338
495 30.0607
500 30.0321
505 30.1322
510 30.391
515 29.7468
520 30.0674
525 30.0527
530 30.234
535 30.1843
540 29.9895
545 29.8553
550 30.0782
555 30.05
560 30.3026
565 30.0538
570 30.069
575 30.0738
580 29.8657
585 30.1196
590 29.9762
595 30.0833
600 30.0578
5 30.2338
10 29.939
15 30.058
20 30.0541
25 30.0468
30 30.247
35 29.8979
40 30.0965
45 30.0841
50 30.0768
55 30.2446
60 29.8916
65 30.0469
70 30.0772
75 30.068
80 30.2809
85 29.8838
90 30.07
95 30.0944
100 30.0832
105 30.2987
110 29.8783
115 30.0498
120 30.0754
125 30.0945
130 30.0664
135 30.0552
140 30.0386
145 30.1319
150 30.0898
155 30.3591
160 29.9233
165 30.0509
170 30.0924
175 30.0401
180 30.0647
185 30.0709
190 30.0799
195 30.0657
200 30.0526
205 30.0745
210 30.0431
215 30.0659
220 30.0681
225 30.0763
230 30.0755
235 30.2329
240 29.9302
245 30.0815
250 30.0526
255 30.0421
260 30.1006
265 30.08
270 30.1011
275 30.0579
280 30.076
285 30.2898
290 29.8582
295 30.0694
300 30.069
305 30.1064
310 30.2572
315 29.9207
320 30.0425
325 30.0918
330 30.0511
335 30.2409
340 29.8793
345 30.0536
350 30.096
355 30.1105
360 30.2811
365 29.8683
370 30.0923
375 30.0682
380 30.0781
385 30.328
390 29.8668
395 30.0968
400 30.1099
405 30.0699
410 30.287
415 29.8861
420 30.0429
425 30.1067
430 30.0683
435 30.2752
440 29.8838
445 30.0773
450 30.1099
455 30.0556
460 30.279
465 29.8725
470 30.0438
475 30.0818
480 30.0661
485 30.2708
490 29.9103
495 30.0627
500 30.0621
505 30.0943
510 30.0547
515 30.0804
520 30.0357
525 30.0075
530 30.0908
535 30.0336
545 30.074
550 30.077
555 30.0943
560 30.2887
565 29.8993
570 30.0602
575 30.0486
580 30.0783
585 30.0341
590 30.2294
595 29.8584
600 30.0637
5 30.056
10 30.0374
15 30.0066
20 30.0218
25 30.035
30 30.2334
35 29.8775
40 30.0646
45 30.1836
50 29.8464
55 30.482
60 29.6823
65 30.0812
70 30.0171
75 30.0322
80 30.1702
85 29.9142
90 30.0322
95 30.0266
100 30.0016
105 30.0742
110 30.0246
115 30.0312
120 30.0567
125 30.0223
130 30.039
135 29.9822
140 30.0558
145 30.0239
150 30.0427
155 30.0755
160 30.0029
165 30.017
170 30.0252
175 30.0806
180 30.0287
185 30.0706
190 30.0388
195 30.0356
200 30.0637
205 30.0724
210 30.0047
215 30.0276
220 30.0601
225 30.0439
230 30.0445
235 30.1837
240 29.8713
245 30.2317
250 29.8888
255 30.0305
260 30.5668
265 29.6683
270 30.0858
275 30.0648
280 30.071
285 30.2066
290 29.8539
295 30.0542
300 30.031
305 30.0815
310 30.2091
315 29.854
320 30.058
325 30.0373
330 30.0428
335 30.1611
340 29.9177
345 30.221
350 29.8812
355 29.9998
360 30.1048
365 29.9568
370 30.2182
375 29.872
380 30.0731
385 30.0574
390 30.032
395 30.0272
400 30.0528
405 30.2127
410 29.8359
415 30.035
420 30.2198
425 29.8888
430 30.0684
435 30.0707
440 30.0352
445 30.0436
450 30.3811
455 29.7185
460 30.0549
465 30.0381
470 30.0395
475 30.0056
480 30.0491
485 30.0026
490 30.0164
495 30.0156
500 30.0496
505 30.0624
510 30.0484
515 30.0471
520 30.0397
525 30.0642
530 30.0386
535 30.0193
540 30.0951
545 29.9649
550 30.2496
555 30.0287
560 29.8951
565 30.2352
570 29.8576
575 30.0237
580 30.0241
585 30.0115
590 30.7329
595 29.5375
600 30.2365
5 30.0325
10 29.9965
15 30.0134
20 30.0115
25 30.0102
30 30.0271
35 29.9802
40 29.9974
45 29.9611
50 29.9919
55 30.0215
60 29.9962
65 29.9845
70 30.0034
75 30.0248
80 29.9885
85 29.9665
90 29.9981
95 30.0141
100 30.0277
105 30.0276
110 30.011
115 30.0014
120 29.9887
125 30.232
130 30.008
135 29.8142
140 30.0342
145 29.9991
150 29.9897
155 30.2107
160 29.8312
165 30.0648
170 30.016
175 29.988
180 30.2285
185 29.7866
190 30.21
195 29.8275
200 29.9839
205 30.2327
210 29.8167
215 30.0272
220 30.0729
225 29.9926
230 30.2629
235 29.8268
240 29.996
245 29.9879
250 29.9918
255 30.1042
260 29.9668
265 30.0367
270 30.0528
275 30.0285
280 30.1617
285 29.9126
290 30.0261
295 29.9973
300 30.0053
305 29.9569
310 29.9993
315 30.0135
320 30.0037
325 29.9891
330 30.0414
335 30.0181
340 30.0134
345 29.9998
350 30.0209
355 30.0075
360 30.0407
365 29.9967
370 30.0149
375 29.9803
380 29.9769
385 29.9807
390 29.9597
395 29.9923
400 30.0323
405 29.9595
410 30.0343
415 30.0402
420 30.0099
425 30.0179
430 29.9952
435 30.0097
440 29.9865
445 29.9984
450 29.9901
455 30.0275
460 30.2946
465 29.7079
470 30.0202
475 30.0011
480 30.0433
485 30.451
490 29.5834
495 30.0067
500 30.0295
505 29.9836
510 30.1903
515 29.8569
520 30.2432
525 29.9776
530 29.8598
535 30.2936
540 29.7366
545 29.9875
550 29.991
555 29.9863
560 30.2673
565 29.7194
570 30.0086
575 29.9777
580 29.9851
585 30.3007
590 29.7276
595 30.0054
600 30.0293
5 35.1889
10 30.1609
15 30.0203
20 29.9885
25 30.2341
30 29.7762
35 30.0011
40 29.9466
45 30.3528
50 29.6043
55 29.9814
60 29.9938
65 30.0181
70 30.0033
75 30.0067
80 30.0792
85 29.8918
90 30.0121
95 30.0345
100 29.9752
105 30.4284
110 29.7849
115 29.8473
120 30.0286
125 30.1949
130 29.8707
135 30.0079
140 30.0215
145 30.028
150 29.999
155 30.2209
160 29.811
165 30.0187
170 30.0023
175 30.0065
180 30.2151
185 30.0116
190 29.9956
195 30.0184
200 30.0052
205 30.2498
210 29.997
215 29.8324
220 29.9442
225 30.0228
230 30.2325
235 29.8801
240 29.8534
245 30.0276
250 29.9853
255 30.4159
260 29.6192
265 30.0044
270 29.9644
275 29.9775
280 30.1852
285 29.8102
290 30.185
295 30.0046
300 30.0035
305 30.3754
310 29.5733
315 30.0171
320 29.9929
325 30.3868
330 30.056
335 29.6173
340 30.0065
345 30.1797
350 29.8293
355 30.4092
360 29.5898
365 30.0087
370 30.0025
375 30.0044
380 30.2099
385 29.7867
390 29.9854
395 30.0067
400 29.9933
405 30.087
410 29.9397
415 29.983
420 29.9685
425 30.0079
430 30.1314
435 29.9094
440 29.9817
445 30.0491
450 30.0242
455 30.1077
460 29.9072
465 29.99
470 30.0589
475 30.1769
480 29.8835
485 30.0075
490 29.9984
495 29.9694
500 30.0027
505 29.9763
510 30.0032
515 30.0056
520 30.0255
525 29.9805
530 30.0123
535 30.2158
540 29.7834
545 29.9973
550 30.1798
555 29.8495
560 30.1917
565 29.7729
570 29.9722
575 30.0035
580 30.0281
585 30.3594
590 29.6487
595 30.057
600 30.0001
5 34.854
10 30.1566
15 30.1487
20 30.143
25 30.1209
30 30.5781
35 29.8031
40 30.1439
45 30.1551
50 30.1445
55 30.5343
60 29.9132
65 30.1766
70 30.1688
75 30.5408
80 29.911
85 30.0524
90 30.1069
95 30.1422
100 30.1678
105 30.2462
110 30.048
115 30.1798
120 30.1429
125 30.1927
130 30.1679
135 30.1433
140 30.1464
145 30.1317
150 30.1854
155 30.4375
160 29.9628
165 30.1871
170 30.1977
175 30.1196
180 30.1667
185 30.1455
190 30.1397
195 30.1698
200 30.1308
205 30.1779
210 30.1607
215 30.1652
220 30.1603
225 30.1635
230 30.2515
235 30.0398
240 30.173
245 30.1485
250 30.1554
255 30.1946
260 30.1677
265 30.1766
270 30.1817
275 30.1657
280 30.2792
285 30.2047
290 29.9848
295 30.1598
300 30.1313
305 30.132
310 30.1696
315 30.1343
320 30.1847
325 30.1805
330 30.1809
335 30.3321
340 29.9871
345 30.3493
350 29.9456
355 30.3789
360 30.0543
365 30.0789
370 30.1512
375 30.1592
380 30.1598
385 30.3709
390 29.9517
395 30.1163
400 30.1374
405 30.115
410 30.3527
415 29.9937
420 30.1366
425 30.1947
430 30.1565
435 30.1525
440 30.1821
445 30.128
450 30.1548
455 30.1614
460 30.1796
465 30.1645
470 30.1679
475 30.1551
480 30.584
485 29.7567
490 30.1627
495 30.171
500 30.1353
505 30.1713
510 30.143
515 30.1533
520 30.1695
525 30.1666
530 30.1543
535 30.1853
540 30.1589
545 30.1946
550 30.1702
555 30.1604
560 30.1818
565 30.0969
570 30.1234
575 30.1365
580 30.183
585 30.1782
590 30.1457
595 30.1523
600 30.1787
5 29.973
10 30.2609
15 29.9071
20 30.0187
25 30.1114
30 30.1704
35 29.9697
40 30.0655
45 30.1305
50 30.0893
55 30.0704
60 30.0743
65 30.0696
70 30.1179
75 30.272
80 30.0965
85 29.8761
90 30.0683
95 30.0897
100 30.0422
105 30.1301
110 30.0043
115 30.0745
120 30.0435
125 30.1057
130 30.3595
135 29.7951
140 30.0807
145 30.1136
150 30.1044
155 30.0814
160 30.062
165 30.1082
170 30.0649
175 30.0863
180 30.2142
185 29.9496
190 30.1004
195 30.0589
200 30.0997
205 30.5383
210 29.7537
215 30.0579
220 30.0708
225 30.0521
230 30.2074
235 30.0112
240 30.0754
245 30.0532
250 30.0889
255 30.2294
260 29.9326
265 30.0819
270 30.0961
275 30.083
280 30.1859
285 29.9811
290 30.1154
295 30.1127
300 30.032
305 30.091
310 30.0879
315 30.1074
320 30.076
325 30.0668
330 30.058
335 30.0834
340 30.0626
345 30.0773
350 30.1152
355 30.101
360 30.1368
365 30.0487
370 30.0379
375 30.2913
380 30.0089
385 29.9915
390 30.0667
395 30.0945
400 30.0513
405 30.0577
410 30.127
415 30.0573
420 30.0581
425 30.0582
430 30.1315
435 30.1511
440 29.9413
445 30.0762
450 30.0376
455 30.0858
460 30.2082
465 29.9587
470 30.0956
475 30.095
480 30.2535
485 30.0235
490 29.9825
495 30.0984
500 30.0865
505 30.0845
510 30.2313
515 29.9544
520 30.0534
525 30.1094
530 30.1082
535 30.2939
540 29.8803
545 30.0997
550 30.0993
555 30.0883
560 30.4139
565 29.9832
570 29.8818
575 30.1087
580 30.0669
585 30.2598
590 29.9199
595 30.0944
600 30.0583
5 30.0438
10 30.0616
15 30.6187
20 29.6025
25 30.0474
30 30.0781
35 30.079
40 30.0739
45 30.0855
50 30.1711
55 30.281
60 29.7486
65 30.0642
70 30.0695
75 30.1683
80 30.1192
85 29.9261
90 30.0668
95 30.092
100 30.0734
105 30.2022
110 29.9776
115 30.0094
120 30.0685
125 30.0218
130 30.2313
135 29.9143
140 30.248
145 29.8691
150 30.2046
155 30.1435
160 29.8446
165 30.0695
170 30.0927
175 30.276
180 30.1004
185 29.8697
190 30.0267
195 30.1
200 30.4379
205 29.8307
210 29.991
215 30.0429
220 30.1909
225 29.9274
230 30.2908
235 29.8858
240 30.0537
245 30.0848
250 30.025
255 30.0721
260 30.0363
265 30.036
270 30.0596
275 30.0707
280 30.0405
285 30.0799
290 30.0358
295 30.0956
300 30.6829
305 29.5095
310 30.0584
315 30.0632
320 30.0931
325 30.11
330 30.0954
335 30.0736
340 30.0454
345 30.3051
350 29.9264
355 30.2795
360 29.9347
365 30.0759
370 30.0861
375 30.0523
380 30.1833
385 30.0736
390 29.9735
395 30.0555
400 30.0986
405 30.1722
410 30.1785
415 29.945
420 30.0711
425 30.0756
430 30.2537
435 30.2448
440 29.7564
445 30.0815
450 30.0568
455 30.133
460 30.3661
465 29.8011
470 30.2254
475 29.8957
480 30.2664
485 30.1638
490 29.7968
495 30.018
500 30.0608
505 30.2422
510 30.2022
515 29.8395
520 30.0959
525 30.0715
530 30.0696
535 30.181
540 30.1589
545 29.8782
550 30.079
555 30.089
560 30.0907
565 30.062
570 30.0392
575 30.0496
580 30.0877
585 30.2365
590 29.934
595 30.2159
600 29.8944
5 30.0122
10 30.036
15 30.1051
20 30.0356
25 30.0787
30 30.0322
35 30.0823
40 30.0331
45 30.0653
50 30.0152
55 30.195
60 29.8736
65 30.0596
70 30.0377
75 30.0633
80 30.0708
85 30.0232
90 30.063
95 30.0428
100 30.0533
105 30.2629
110 29.8397
115 30.0275
120 30.0771
125 30.0377
130 30.2285
135 29.8763
140 30.0483
145 30.0602
150 30.0402
155 30.2562
160 29.8772
165 30.0211
170 30.0718
175 30.0385
180 30.263
185 29.8381
190 30.0536
195 30.0587
200 30.0495
205 30.2425
210 29.8634
215 30.0584
220 30.0554
225 30.0366
230 30.0706
235 30.0446
240 30.0135
245 30.0709
250 30.0579
255 30.0669
260 30.0661
265 30.079
270 30.0592
275 30.07
280 29.985
285 30.0589
290 30.0419
295 30.0607
300 30.0617
305 30.1114
310 30.0477
315 30.0634
320 30.0591
325 30.0502
330 30.2391
335 29.8643
340 30.1108
345 29.8774
350 30.032
355 30.0287
360 30.1228
365 29.9365
370 30.0598
375 30.0479
380 30.0625
385 30.0488
390 30.07
395 30.0326
400 30.0316
405 30.065
410 30.2779
415 29.8678
420 30.0309
425 30.05
430 30.0429
435 30.3947
440 29.7698
445 30.0336
450 30.06
455 30.0551
460 30.2707
465 29.8273
470 30.0783
475 30.0727
480 30.0658
485 30.3624
490 29.716
495 30.038
500 30.0467
505 30.0157
510 30.1593
515 29.9535
520 30.0564
525 30.0499
530 30.0487
535 30.1389
540 29.9809
545 30.0539
550 30.035
555 30.053
560 30.0342
565 30.0152
570 30.0842
575 30.0521
580 30.0491
585 30.0484
590 30.0696
595 30.0521
600 30.0802
5 33.022
10 30.0161
15 30.0498
20 30.0649
25 30.1102
30 30.0373
35 30.0237
40 30.0722
45 30.0529
50 30.0402
55 30.0592
60 30.0329
65 30.0673
70 30.0654
75 30.076
80 30.5367
85 29.7338
90 30.013
95 30.074
100 30.0421
105 30.2436
110 29.9716
115 29.9619
120 30.0749
125 30.0925
130 30.0232
140 29.9602
145 30.0257
150 30.0369
155 30.7115
160 29.6374
165 29.9821
170 30.0987
175 30.06
180 30.0402
185 30.3984
190 29.8709
195 29.898
200 30.0406
205 30.0537
210 30.3726
215 29.799
220 30.052
225 30.0561
230 30.0249
235 30.2265
240 29.9242
245 30.2397
250 29.8999
255 30.044
260 30.292
265 29.8504
270 30.0553
275 30.0395
280 30.0637
285 30.0612
290 30.0269
295 30.047
300 30.0338
305 30.4124
310 29.7434
315 30.0799
320 30.0455
325 30.2363
330 29.8921
335 30.0254
340 30.0635
345 30.0293
350 30.0508
355 30.0662
360 30.1578
370 29.9497
375 30.0653
380 30.0795
385 30.1712
390 29.9651
395 30.0622
400 30.2103
405 30.2321
410 29.8903
415 30.0054
420 29.8796
425 30.0239
430 30.0665
435 30.2797
440 30.131
445 29.8233
450 30.0658
455 30.0588
460 30.2676
465 30.0793
470 29.8446
475 30.0483
480 30.081
485 30.0525
490 30.2175
495 29.9211
500 30.0648
505 30.0561
510 30.0806
515 30.3338
520 29.7805
525 30.0374
530 30.0532
535 30.0772
540 30.2547
545 30.052
550 30.0139
555 29.877
560 30.0557
565 30.2553
570 29.8592
575 30.275
580 29.8762
585 30.0806
590 30.154
595 29.9531
600 30.2206
5 29.8841
10 30.0701
15 29.9463
20 30.002
25 29.9797
30 29.8803
35 30.0503
40 30.0042
45 29.9969
50 29.9679
55 29.7282
60 30.2482
65 30.0001
70 29.9923
75 29.9892
80 30.0595
85 29.9083
90 30.0141
95 30.0177
100 30.0059
105 30.1052
110 29.9006
115 29.9905
120 30.0015
125 29.9964
130 30.117
135 29.9207
140 30.021
145 29.9516
150 29.9873
155 30.2004
160 29.7786
165 29.9746
170 30.0318
175 29.9998
180 30.103
185 29.9769
190 29.903
195 29.9975
200 29.9994
205 30.1015
210 30.0284
215 29.8384
220 29.9883
225 30.0354
230 29.9631
235 30.0823
240 29.8636
245 29.9929
250 29.9789
255 29.9932
260 30.0114
265 30.0024
270 30.0357
275 29.9626
280 29.9932
285 30.1371
290 29.863
295 29.9993
300 29.9522
305 29.9821
310 29.9732
315 29.9786
320 29.9951
325 30.0029
330 29.9668
335 29.8883
340 30.0832
345 29.973
350 30.0209
355 29.9674
360 29.8936
365 30.0697
370 29.9776
375 29.9796
380 29.9786
385 29.9183
390 30.0369
395 30.0089
400 29.9775
405 29.9928
410 30.0591
415 29.9272
420 29.9728
425 29.9619
430 29.9994
435 30.2019
440 29.7926
445 29.928
450 29.9907
455 29.969
460 30.172
465 29.7701
470 29.9603
475 29.9815
480 29.9844
485 30.1578
490 29.9753
495 29.9288
500 29.9702
505 29.9412
510 30.1058
515 29.9463
520 29.8708
525 30.0107
530 30.1743
535 29.8874
540 30.0037
545 29.8694
550 30.0019
555 29.9691
560 29.9687
565 30.0876
570 29.8657
575 29.9715
580 29.9562
585 30.0033
590 30.0852
595 29.8542
600 29.9869
5 30.0709
10 30.4512
15 30.3287
20 30.3946
25 29.916
30 30.3418
40 30.4636
45 30.2397
50 30.335
55 30.0631
60 29.9927
65 30.6525
70 30.4533
75 30.0747
80 29.8766
85 30.7376
90 30.4367
100 29.881
105 30.2345
110 30.7123
115 30.6537
120 30.7948
125 30.1131
130 30.7196
135 30.53
140 30.356
145 30.4521
150 30.2112
155 30.6263
160 30.3912
165 30.7695
170 30.4491
175 30.0779
180 30.1824
190 30.3146
195 30.4099
200 30.4243
205 29.6588
210 30.1919
215 30.5837
220 30.519
225 30.381
230 29.8796
235 30.4229
240 30.3467
250 29.9448
255 30.0479
260 30.5589
265 30.6011
270 30.4781
275 30.4559
280 30.4318
285 30.9013
290 30.4189
295 30.9022
300 30.3011
305 30.1821
310 30.3856
315 30.819
320 30.075
325 30.2156
330 30.1138
335 30.9594
340 31.0315
345 30.3279
350 30.4382
355 29.7825
360 30.2633
365 30.9981
370 30.3326
375 30.2707
380 30.0887
385 30.2168
390 30.2775
400 30.2343
410 30.4603
415 30.5546
420 30.1017
425 29.9674
430 29.9512
435 30.7282
440 30.5213
445 30.5248
450 30.6579
455 29.8358
460 30.1939
465 30.9557
470 30.3608
475 30.2746
480 29.7859
485 30.4436
490 30.4217
495 30.7724
500 30.4103
505 29.8469
510 30.0305
520 30.5454
525 30.5875
530 29.7819
535 30.5972
540 30.3254
545 30.6134
550 30.659
555 30.7167
560 30.3643
565 30.5242
570 30.055
580 29.4006
585 30.3605
590 30.6133
595 30.6137
600 30.537
5 33.1631
10 30.1306
15 30.0803
20 30.1186
25 30.1172
30 30.3207
35 29.9099
40 30.095
45 30.1087
50 30.1163
55 30.271
65 29.9413
70 30.1384
75 30.2898
80 30.1032
85 29.926
90 30.1361
95 30.1067
100 30.0835
105 30.0998
115 29.9462
120 30.1208
125 30.1151
130 30.4338
135 29.9287
140 29.9745
145 30.1022
150 30.151
155 30.096
160 30.2865
165 29.949
170 30.114
175 30.1178
180 30.12
190 29.9558
195 30.1058
200 30.1306
205 30.0887
215 29.9862
220 30.131
225 30.1378
230 30.0918
235 30.317
240 29.9642
245 30.1318
250 30.0954
255 30.1522
265 29.9759
270 30.1085
275 30.1454
280 30.114
290 29.9484
295 30.1344
300 30.1136
305 30.4718
315 29.9244
320 30.1028
325 30.1077
330 30.1215
340 29.963
345 30.1178
350 30.1334
355 30.2817
365 30.1017
370 30.1331
375 30.1602
380 30.1354
390 30.053
395 30.019
400 30.1108
405 30.0756
410 30.1082
420 29.9536
425 30.1026
430 30.2908
435 29.9522
445 29.9476
450 30.2607
455 30.1292
470 30.0102
475 30.3456
480 30.2311
495 29.9348
500 30.3503
505 30.228
510 30.2558
520 30.1986
525 30.3401
530 30.0893
535 29.967
545 29.9579
550 30.0947
555 29.9462
560 30.1475
570 29.9633
575 30.108
580 30.1468
585 30.2921
595 29.9131
600 29.873
5 30.109
10 30.1081
15 30.0827
20 30.1045
25 30.062
30 30.2845
35 30.0512
40 29.9346
45 30.1049
50 30.1057
55 30.2457
60 29.9071
65 30.1043
70 30.1014
75 30.1927
80 30.2776
85 29.9015
90 30.0752
95 30.0715
100 30.0664
105 30.2964
110 29.8698
115 30.0621
120 30.102
125 30.5737
130 29.8857
135 29.9259
140 30.0844
145 30.102
150 30.1085
155 30.4096
160 29.8742
165 30.0863
170 30.0759
175 30.1323
180 30.2253
185 29.9996
190 30.089
195 30.0782
200 30.1023
205 30.0472
210 30.076
215 30.105
220 30.1085
225 30.0635
230 30.1066
235 30.0986
240 30.0815
245 30.0607
250 29.983
255 30.0431
260 30.122
265 30.1095
270 30.0847
275 30.0807
280 30.093
285 30.1096
290 30.3031
295 29.9133
300 30.1083
305 30.0884
310 30.1217
315 30.0837
320 30.1441
325 30.0574
330 30.0753
335 29.9421
340 30.1948
345 30.1141
350 30.1068
355 30.0877
360 30.1234
365 30.0957
370 30.1132
375 30.2471
380 29.9482
385 30.245
390 29.9334
395 30.0853
400 30.1259
405 30.078
410 30.5187
415 29.7281
420 30.073
425 30.0681
430 30.0703
435 30.2971
440 29.941
445 30.0919
450 30.0831
455 30.0857
460 30.105
465 30.1124
470 30.0902
475 30.0771
480 30.1206
485 30.048
490 30.0726
495 30.0805
500 30.0858
505 30.085
510 30.1333
515 30.1308
520 30.0384
525 30.0721
530 30.0608
535 30.1234
540 30.0922
545 30.1092
550 30.1143
555 30.0546
560 30.0904
565 30.0742
570 30.1124
575 30.1195
580 30.0795
585 30.0955
590 30.1556
595 30.0736
600 30.0702
