5 30.651926
10 30.09175
15 30.0674291667
20 30.101722
25 30.059106
30 30.14718
35 30.0392346939
40 30.0748795918
45 30.0868163265
50 30.0671081633
55 30.153022
60 29.9935714286
65 30.0847229167
70 30.072754
75 30.114132
80 30.1493367347
85 29.996586
90 30.0870541667
95 30.0564857143
100 30.098196
105 30.1600755102
110 30.0373163265
115 30.063322
120 30.073044
125 30.097492
130 30.1478204082
135 30.0062979167
140 30.091068
145 30.080234
150 30.088834
155 30.220086
160 29.9688918367
165 30.0981612245
170 30.08265
175 30.075684
180 30.132586
185 30.0226673913
190 30.0528938776
195 30.0666204082
200 30.120118
205 30.14371
210 30.00696875
215 30.0723306122
220 30.0605
225 30.0941693878
230 30.136632
235 30.046886
240 30.060922
245 30.0609530612
250 30.058512
255 30.130266
260 30.070993617
265 30.058396
270 30.0790693878
275 30.064226
280 30.138728
285 30.0977166667
290 30.042018
295 30.0696653061
300 30.093672
305 30.104896
310 30.0842469388
315 30.0417918367
320 30.0591142857
325 30.086148
330 30.078702
335 30.1249081633
340 30.049534
345 30.0725520833
350 30.0682
355 30.105124
360 30.1112979592
365 30.0299346939
370 30.06714375
375 30.0757632653
380 30.07169
385 30.1362354167
390 30.006076
395 30.0636702128
400 30.067922
405 30.0841142857
410 30.16046
415 29.97283125
420 30.07301875
425 30.047872
430 30.096494
435 30.165754
440 29.9987
445 30.0570458333
450 30.084142
455 30.07056
460 30.169675
465 29.9943125
470 30.0676895833
475 30.074068
480 30.082992
485 30.153544898
490 29.9915916667
495 30.0850020833
500 30.071594
505 30.089942
510 30.116446
515 30.0208489362
520 30.0937265306
525 30.0702
530 30.066454
535 30.152552
540 30.0502108696
545 30.04734375
550 30.081896
555 30.099848
560 30.130876
565 30.0530791667
570 30.0433530612
575 30.0602530612
580 30.067904
585 30.11724
590 30.0890088889
595 30.0452693878
600 30.0484714286
