5 43.6737
10 43.681
15 43.669
20 43.6816
25 43.6838
30 43.6837
35 43.6653
40 43.6644
45 43.725
50 42.9966
55 44.2831
60 43.7232
65 43.6554
70 43.6973
75 42.3182
80 44.3249
85 44.3297
90 43.6727
95 43.6512
100 43.6648
105 43.5714
110 43.4288
115 44.3703
120 43.7244
125 43.6904
130 43.6257
135 43.7051
140 43.7196
145 43.692
150 43.6782
155 43.7203
160 43.6781
165 43.7057
170 43.6738
175 43.6725
180 43.6935
185 43.7102
190 43.7029
195 43.6528
200 43.7137
205 43.6914
210 43.6427
215 43.6965
220 43.6925
225 43.713
230 43.6606
235 43.6964
240 43.6823
245 43.6663
250 43.673
255 43.7403
260 43.6859
265 43.6721
270 43.7028
275 43.7076
280 43.667
285 43.3021
290 44.0006
295 43.6803
300 43.6596
305 43.6991
310 43.6635
315 43.7342
320 43.6618
325 43.6851
330 43.6792
335 43.274
340 44.0132
345 43.6893
350 43.6922
355 43.6817
360 43.3327
365 43.9969
370 43.6745
375 43.6858
380 43.6553
385 43.3771
390 43.9871
395 43.7175
400 43.6658
405 41.798
410 45.078
415 43.6686
420 43.7047
425 43.7506
430 43.7029
435 43.6666
440 43.6782
445 43.7071
450 43.6742
455 43.6955
460 43.6822
465 43.9406
470 43.3617
475 43.7121
480 43.6772
485 43.6165
490 43.7111
495 43.7072
500 43.7043
505 43.6718
510 43.6571
515 43.7014
520 43.7253
525 43.9831
530 43.6886
535 44.0347
540 43.386
545 43.7101
550 43.6621
555 43.6733
560 43.7017
565 43.2642
570 44.3877
575 43.7088
580 43.6813
585 43.6664
590 43.291
595 44.0583
600 43.6688
5 42.158
10 43.4834
15 43.7047
20 43.7337
25 43.7244
30 43.6841
35 43.7238
40 43.7079
45 43.6728
50 43.7175
55 43.6782
60 43.7102
65 43.7266
70 43.7055
75 43.6832
80 43.6964
85 43.715
90 43.6737
95 43.7064
100 42.9741
105 43.9041
110 44.0732
115 43.6957
120 43.6848
125 43.6802
130 43.0775
135 44.2306
140 43.6893
145 43.7207
150 43.7035
155 43.0887
160 44.2761
165 43.7086
170 43.7192
175 43.7081
180 43.0421
185 44.2823
190 43.6783
195 43.7264
200 43.6992
205 43.6988
210 43.7105
215 43.6499
220 43.6738
225 43.6623
230 43.7055
235 43.7025
240 43.7009
245 43.6739
250 43.6761
255 43.673
260 43.6874
265 43.687
270 43.665
275 43.6982
280 43.6736
285 43.6564
290 43.7064
295 43.72
300 43.0367
305 43.7216
310 43.6937
315 43.7391
320 43.6987
325 43.6762
330 43.7229
335 43.6733
340 43.743
345 43.7067
350 43.6706
355 43.7025
360 43.6947
365 43.6539
370 43.6978
375 43.6765
380 43.73
385 43.7136
390 43.6981
395 43.6879
400 43.6949
405 43.6792
410 43.6964
415 43.7013
420 43.6952
425 43.7238
430 43.6653
435 43.3232
440 44.0344
445 43.7433
450 43.702
455 43.6916
460 43.0574
465 44.2729
470 43.7106
475 43.677
480 43.6989
485 43.3388
490 44.0082
495 43.6983
500 43.7086
505 43.6879
510 43.379
515 43.9892
520 43.7362
525 43.7194
530 43.7116
535 43.6922
540 43.6935
545 43.7044
550 43.0491
555 44.3783
560 43.6984
565 43.6665
570 43.7024
575 43.6753
580 43.6981
585 43.7179
590 43.7107
595 43.7001
600 43.6982
5 35.4783
10 43.743
15 43.7634
20 43.7794
25 43.7653
30 43.7696
35 43.7511
40 43.768
45 43.7174
50 43.725
55 43.7454
60 43.7422
65 43.7577
70 43.76
75 43.7707
80 43.7372
85 43.7738
90 43.7658
95 43.7845
100 43.7378
105 43.7526
110 43.7556
115 43.7792
120 43.7904
125 43.7516
130 43.7521
135 43.769
140 43.6943
145 43.7433
150 43.7654
155 43.7806
160 43.0359
165 44.4152
170 43.7424
175 43.7718
180 43.77
185 43.3808
190 44.1603
195 43.7358
200 43.7569
205 43.775
210 43.4577
215 44.0368
220 43.7326
225 43.7516
230 43.7539
235 43.7867
240 43.7635
245 43.7668
250 43.7245
255 43.721
260 43.7593
265 43.8061
270 43.7787
275 43.7507
280 43.7623
285 43.7883
290 43.7579
295 43.7946
300 43.7735
305 43.7292
310 43.7482
315 43.7646
320 43.7257
325 43.7708
330 43.759
335 43.7373
340 43.7293
345 43.7275
350 43.812
355 43.6988
360 43.7661
365 43.7617
370 43.7604
375 43.7675
380 43.75
385 43.4723
390 43.7673
395 44.0582
400 43.7449
405 43.7729
410 43.4061
415 43.7177
420 44.0642
425 43.7878
430 43.779
435 43.4374
440 44.3463
445 43.4861
450 43.7612
455 43.7563
460 43.4854
465 43.7461
470 44.0395
475 43.7208
480 43.7635
485 43.7722
490 43.0665
495 44.3599
500 43.7515
505 43.7499
510 43.7381
515 43.4349
520 44.068
525 43.7857
530 43.7367
535 43.7475
540 43.765
545 43.7461
550 43.7623
555 43.0845
560 44.3397
565 43.7282
570 43.7579
575 43.7426
580 43.7653
585 43.7716
590 43.7406
595 43.7675
600 43.7335
5 28.682
10 41.6742
15 43.6668
20 43.6699
25 43.6969
30 43.6948
35 43.6368
40 43.6622
45 43.0058
50 44.3449
55 43.3025
60 43.9469
65 43.6981
70 43.6926
75 43.6508
80 43.3092
85 43.9552
90 43.6736
95 43.6792
100 43.6625
105 43.7026
110 43.7053
115 43.7277
120 43.6704
125 43.6665
130 42.9512
135 44.2536
140 43.6767
145 43.6841
150 43.6935
155 43.2644
160 44.0124
165 43.697
170 43.7009
175 43.6492
180 43.2678
185 44.0162
190 43.7069
195 43.6841
200 43.669
205 43.7002
210 43.1152
215 44.3208
220 43.6669
225 43.7019
230 43.2974
235 43.3979
240 44.2852
245 43.695
250 43.6862
255 43.2788
260 43.926
265 43.6836
270 43.6224
275 43.6298
280 43.6837
285 43.6865
290 43.6904
295 43.6699
300 43.6384
305 43.677
310 43.6541
315 43.6917
320 43.6728
325 43.6938
330 43.6734
335 43.68
340 43.669
345 43.704
350 43.9763
355 43.6583
360 43.6935
365 43.647
370 43.6825
375 43.6888
380 43.6744
385 43.716
390 43.6539
395 43.6571
400 43.7012
405 42.2997
410 44.7109
415 43.9411
420 43.6958
425 43.6805
430 43.7083
435 43.7292
440 43.3558
445 43.9918
450 43.6986
455 43.6811
460 43.7056
465 43.0589
470 44.3027
475 43.6557
480 43.7243
485 43.6736
490 43.6581
495 43.6817
500 43.6994
505 43.7028
510 43.6798
515 43.7047
520 43.6687
525 43.6515
530 43.6602
535 43.6734
540 44.0252
545 43.394
550 43.3673
555 43.9516
560 43.731
565 43.28
570 44.0081
575 43.6944
580 43.6983
585 43.6683
590 43.3692
595 43.9566
600 43.6752
5 44.0075
10 43.6887
15 43.6656
20 43.6789
25 43.7162
30 43.7106
35 43.7517
40 43.7129
45 43.692
50 43.6995
55 43.6915
60 43.7025
65 43.7185
70 43.7091
75 43.7086
80 43.714
85 43.7212
90 43.6953
95 43.7089
100 43.7359
105 43.3637
110 44.0269
115 43.6868
120 43.7158
125 43.7388
130 43.0807
135 44.3264
140 43.7239
145 43.6819
150 43.7273
155 43.0693
160 44.3441
165 43.7225
170 43.707
175 43.6973
180 43.0576
185 44.2987
190 43.7295
195 43.668
200 43.7207
205 43.6822
210 43.1373
215 43.7016
220 43.7001
225 43.7022
230 43.6928
235 43.6713
240 43.7228
245 43.6896
250 42.6186
255 44.7766
260 43.7029
265 43.7077
270 43.7021
275 43.7562
280 43.6587
285 43.7022
290 43.7397
295 43.7305
300 43.73
305 43.7456
310 43.6923
315 43.7014
320 43.739
325 43.704
330 43.7129
335 43.6983
340 43.7142
345 43.714
350 43.667
355 43.6882
360 43.7269
365 43.71
370 43.6962
375 43.7677
380 43.7094
385 43.7159
390 43.6843
395 43.7284
400 43.7417
405 43.7225
410 43.7293
415 43.7079
420 43.6996
425 43.6971
430 43.7116
435 44.0124
440 43.4228
445 43.7108
450 43.7096
455 43.7304
460 44.0271
465 43.4153
470 43.7092
475 43.7041
480 43.7163
485 43.0316
490 44.3099
495 43.7073
500 43.6947
505 43.6725
510 44.3452
515 43.1228
520 43.6646
525 43.7433
530 43.749
535 43.6864
540 43.7769
545 43.7337
550 43.6945
555 43.7182
560 43.7161
565 43.7436
570 43.7343
575 43.6998
580 43.7063
585 43.7034
590 43.7016
595 43.6785
600 43.7124
10 43.814
15 43.7904
20 43.8225
25 43.774
40 43.7869
45 43.3987
50 44.1786
60 43.7901
65 43.7667
70 43.7581
75 43.0083
80 43.7287
85 44.4478
90 43.7797
95 43.8087
100 43.7978
105 43.1861
110 44.4153
115 43.7736
120 43.8313
125 43.7777
130 43.4572
135 44.0887
140 43.8275
145 43.8019
150 44.0666
155 43.4619
160 44.0888
165 43.7982
170 43.8217
175 43.7902
185 44.0744
190 43.7927
195 43.8062
200 43.8002
205 43.8278
220 43.7892
225 43.7818
235 43.8104
240 43.7937
245 43.8184
250 43.7915
255 43.7802
260 43.7985
270 43.7892
275 43.8049
280 43.7819
285 43.8365
290 43.8129
295 43.8116
300 43.8079
305 43.7841
310 43.7712
315 43.798
320 43.8357
325 43.7839
330 43.8008
345 43.7862
350 43.8049
355 43.7898
360 43.8388
370 43.7892
375 43.8279
390 43.8075
395 43.786
400 43.8093
405 43.0904
410 43.7206
415 44.4616
420 43.8052
430 43.8211
435 43.7468
440 43.1755
445 44.4547
450 43.7674
455 43.7898
460 43.7514
470 43.8798
475 43.8131
485 43.1382
490 44.3654
495 43.7823
500 43.787
505 43.7831
520 43.7969
525 43.8189
530 43.8009
535 43.7805
545 43.8145
550 43.7949
560 43.7862
565 43.8027
575 43.7943
580 43.8221
585 43.7815
590 43.7999
600 43.824
5 35.2979
10 44.0153
15 43.7589
20 44.0572
25 43.7311
30 43.7616
35 43.7224
40 43.7281
45 43.7624
50 43.7209
55 43.113
60 44.3857
65 43.7132
70 43.7204
75 43.7211
80 43.0754
85 44.384
90 43.7319
95 43.7351
100 43.7132
105 43.7387
110 43.1176
115 44.4036
120 43.7353
125 43.7493
130 43.7698
135 43.7531
140 43.7262
145 43.7576
150 43.7309
155 43.7362
160 43.7488
165 43.7312
170 43.7458
175 43.7
180 43.7431
185 43.6995
190 43.747
195 43.7309
200 43.7426
205 43.7454
210 43.7978
215 43.6674
220 43.7277
225 43.7326
230 43.7175
235 43.7212
240 43.7331
245 43.7552
250 43.7567
255 43.7424
260 43.804
265 43.7173
270 43.7467
275 43.7501
280 43.6991
285 43.4617
290 44.0546
295 43.7588
300 43.7428
305 43.7127
310 43.8034
315 43.6907
320 43.7409
325 43.7097
330 43.7762
335 43.112
340 44.4124
345 43.7446
350 43.7096
355 43.7844
360 43.4098
365 44.063
370 43.7584
375 43.7349
380 44.0293
385 42.7798
390 44.7055
395 43.7328
400 43.7289
405 43.7269
410 43.0437
415 44.3885
420 43.7617
425 43.7306
430 43.7769
435 43.3907
440 43.6931
445 44.0807
450 44.0121
455 43.7512
460 43.3729
465 44.0764
470 43.7274
475 43.7372
480 43.766
485 43.7208
490 43.7329
495 43.7273
500 43.7424
505 43.7237
510 44.1134
515 43.394
520 43.7256
525 43.7368
530 43.709
535 43.8302
540 43.9657
545 43.6625
550 43.7716
555 43.7381
560 43.8054
565 43.7422
570 43.6863
575 43.7304
580 43.7045
585 43.7177
590 43.7459
595 43.7443
600 43.6941
10 40.7077
15 44.3611
20 43.7818
25 43.7556
30 43.7765
35 43.7574
40 43.7602
45 43.7949
50 43.8154
55 43.763
60 43.7893
65 43.7716
70 43.7477
75 43.8178
80 43.0524
85 44.5027
90 43.8426
95 43.7901
100 44.0725
105 42.8212
110 44.7195
115 43.7999
120 43.7604
125 43.7642
130 43.0919
135 44.4548
140 43.7655
145 43.7672
150 43.7491
155 43.6611
160 43.911
165 43.7721
170 43.8049
175 43.7595
180 43.739
185 43.3985
190 44.0834
195 43.7399
200 43.8199
205 43.7724
210 43.7437
215 43.7503
220 43.7807
225 43.787
230 43.8321
235 43.7712
240 43.8009
245 43.7479
250 43.7799
255 43.7948
260 43.8115
265 43.7569
270 43.7819
275 43.7537
280 43.8042
285 43.7865
290 43.0746
295 43.8141
300 43.7637
305 44.0756
310 43.1735
315 44.4022
320 43.814
325 43.7797
330 43.776
335 43.4693
340 44.1228
345 43.7864
350 43.7403
355 43.8069
360 43.4732
365 44.1026
370 43.7488
375 43.8181
380 43.7563
385 42.809
390 44.8002
395 43.7855
400 43.7719
405 43.7895
410 43.4944
415 44.0578
420 43.7274
425 43.7804
430 43.776
435 43.4322
440 44.0364
445 43.7515
450 43.7901
455 43.7662
460 43.0268
465 44.3312
470 43.7685
475 43.7808
480 43.7726
485 43.7685
490 43.7859
495 43.7865
500 43.7835
505 43.7991
510 43.7592
515 43.8185
520 43.7611
525 43.7605
530 43.7646
535 43.779
540 43.8053
545 43.8014
550 43.7802
555 43.7986
560 43.7886
565 43.748
570 43.789
575 43.7527
580 43.7896
585 43.4198
590 44.1206
595 43.8197
600 43.8016
20 43.6734
25 43.0735
30 43.9845
35 43.4917
40 43.0798
45 44.3376
50 43.7368
55 43.3073
60 44.0438
65 43.6995
70 43.7068
75 43.7123
80 43.7568
85 43.7359
90 43.737
95 43.7159
100 43.7224
105 42.9297
110 44.2741
115 43.727
120 43.7058
125 43.7397
130 43.665
135 43.722
140 43.7296
145 43.6959
150 43.7555
155 43.3311
160 44.0759
165 43.6975
170 43.7064
175 43.7272
180 43.691
185 43.7099
190 43.6935
195 43.7238
200 43.7286
205 43.3149
210 44.0716
215 43.7442
220 43.7065
225 43.6907
230 43.3377
235 44.0238
240 43.7555
245 43.739
250 43.7193
255 42.949
260 44.2993
265 43.7057
270 43.717
275 43.6761
280 43.7128
285 43.0801
290 44.3098
295 43.6955
300 43.7428
305 43.707
310 43.7593
315 43.71
320 43.7246
325 43.6925
330 43.6563
335 43.7
340 43.727
345 43.7145
350 43.6909
355 43.6961
360 43.7286
365 43.7117
370 43.7148
375 43.73
380 43.7232
385 43.7138
390 43.7173
395 43.6755
400 44.1398
405 43.3902
410 43.7179
415 43.7002
420 43.7244
425 43.7333
430 43.6747
435 43.6974
440 43.7052
445 43.6642
450 43.733
455 43.7265
460 43.7403
465 43.7018
470 43.7173
475 43.6947
480 43.7558
485 43.6945
490 43.1117
495 44.3414
500 43.7594
505 43.6941
510 43.724
515 43.723
520 43.7093
525 43.6938
530 43.7062
535 43.6986
540 43.1256
545 44.3601
550 43.7131
555 43.7422
560 44.0292
565 42.7829
570 44.2916
575 43.7317
580 43.7336
585 44.0532
590 43.0451
595 43.9901
600 43.7154
20 42.2749
25 44.7996
30 44.0856
35 43.4947
40 43.7947
45 44.0601
50 44.1306
55 43.7687
60 43.8256
65 43.7987
70 43.8051
75 43.8047
80 43.4625
85 44.1149
90 43.7641
95 43.8264
100 43.4254
105 43.5044
110 44.4728
115 43.7681
120 43.7688
125 43.7965
130 42.8696
135 44.6533
140 43.8093
145 43.8162
150 43.7889
155 43.4024
160 44.157
165 43.7735
170 43.7567
175 43.7298
180 43.7146
185 43.8636
190 43.7488
195 43.7807
200 43.8025
205 43.7771
210 43.7626
215 43.7956
220 43.7713
225 43.756
230 43.8081
235 43.7703
240 43.8011
245 43.8428
250 43.8028
255 43.7695
260 43.7891
265 43.7756
270 43.777
275 43.7649
280 43.4349
285 44.0258
290 43.7662
295 43.7993
300 43.7814
305 43.7791
310 43.485
315 44.1073
320 43.7854
325 43.7775
330 43.7852
335 43.7208
340 43.8099
345 43.7868
350 43.8007
355 43.7859
360 43.454
365 44.1314
370 43.793
375 43.7638
380 43.7866
385 43.7113
390 43.8476
395 43.7326
400 43.7932
405 43.7321
410 42.8471
415 44.8067
420 43.8147
425 43.7722
430 43.7554
435 43.3603
440 44.2129
445 43.7981
450 43.7833
455 43.8038
460 43.7412
465 43.794
470 43.7743
475 43.7692
480 43.7938
485 42.8455
490 44.7438
495 43.8286
500 43.7743
505 43.7767
510 43.1166
515 44.3986
520 43.8109
525 43.7909
530 43.7837
535 43.5177
540 44.0418
545 43.7723
550 43.7614
555 43.7627
560 43.7908
565 43.7692
570 43.7668
575 43.7858
580 43.7729
585 43.8007
590 43.7964
595 43.7625
600 43.7971
5 0
10 43.5125
15 43.7515
20 43.754
25 43.7006
30 43.711
35 43.7889
40 43.7621
45 43.7623
50 43.7462
55 43.7597
60 43.7919
65 43.7487
70 43.7703
75 43.7449
80 43.7903
85 43.7776
90 43.7564
95 43.7019
100 43.7451
105 43.7512
110 43.769
115 43.7363
120 43.7534
125 43.7264
130 43.7549
135 43.7555
140 43.7356
145 43.7165
150 43.7816
155 43.7587
160 43.7116
165 43.7367
170 43.7315
175 43.7758
180 43.7399
185 43.7552
190 43.7529
195 43.3985
200 44.0314
205 43.7239
210 43.7555
215 43.7922
220 43.771
225 43.7796
230 43.7438
235 43.7265
240 43.7995
245 43.7316
250 43.7647
255 43.7797
260 43.1075
265 44.4197
270 43.746
275 43.7475
280 43.723
285 43.0891
290 44.4165
295 43.7411
300 43.7601
305 43.733
310 43.3609
315 44.1402
320 43.7086
325 43.7514
330 43.7432
335 43.3874
340 44.1022
345 43.7612
350 43.7393
355 43.7831
360 43.4038
365 44.0747
370 43.7528
375 43.7739
380 43.7507
385 43.7555
390 43.7254
395 43.7399
400 43.7598
405 43.7741
410 43.7886
415 43.7527
420 43.7942
425 43.7892
430 43.7491
435 43.7606
440 43.7878
445 43.7333
450 43.7645
455 43.7279
460 43.7612
465 43.7307
470 43.7603
475 43.7598
480 43.7896
485 43.7063
490 43.7692
495 43.7679
500 43.7374
505 43.7312
510 43.7076
515 43.8061
520 43.7504
525 43.7636
530 43.7704
535 43.7112
540 43.7691
545 43.7892
550 43.741
555 43.4103
560 44.3601
565 43.4116
570 43.7991
575 43.7363
580 43.7692
585 43.7605
590 43.0487
595 44.4035
600 43.7502
5 29.136
10 41.9257
15 43.7704
20 43.7384
25 43.7562
30 43.7398
35 43.7604
40 43.7392
45 43.72
50 43.7625
55 43.7499
60 43.7657
65 43.7234
70 43.7391
75 43.7477
80 43.0662
85 44.3398
90 43.7252
95 43.7234
100 43.7237
105 43.4277
110 44.0631
115 43.7115
120 43.722
125 43.7314
130 43.0629
135 44.3528
140 43.7452
145 43.7243
150 43.7489
155 43.3864
160 44.0821
165 43.7401
170 43.7803
175 43.7546
180 43.734
185 43.7566
190 43.7265
195 43.3254
200 44.1003
205 43.7248
210 43.7504
215 43.7484
220 43.7653
225 43.7276
230 44.0755
235 43.7545
240 43.7591
245 43.7376
250 43.7655
255 43.7443
260 43.7275
265 43.7237
270 43.713
275 43.7368
280 43.7877
285 43.7509
290 43.7659
295 43.8019
300 43.731
305 43.7439
310 43.7775
315 43.3593
320 44.0555
325 43.778
330 43.7467
335 43.7383
340 43.7616
345 43.7626
350 43.7512
355 43.7391
360 43.7755
365 43.7568
370 43.7414
375 43.7526
380 43.734
385 43.7569
390 43.7623
395 43.7573
400 43.7033
405 43.7473
410 43.077
415 44.3435
420 43.7441
425 43.7672
430 43.7551
435 43.8153
440 43.7434
445 43.7598
450 43.764
455 43.7726
460 43.7115
465 43.8007
470 43.7573
475 43.7622
480 43.7094
485 43.7208
490 43.7349
495 43.7581
500 43.7576
505 43.7633
510 43.736
515 43.7535
520 43.7141
525 43.7291
530 43.7929
535 43.7516
540 43.7455
545 43.7704
550 43.7636
555 43.7266
560 43.7885
565 43.7168
570 43.7334
575 43.752
580 43.7485
585 43.7631
590 43.733
595 43.7745
600 43.7472
5 0
10 43.4974
15 43.7566
20 43.7618
25 43.7529
30 43.7709
35 43.7443
40 43.7609
45 43.7118
50 43.6399
55 43.6999
60 43.7846
65 43.7831
70 43.7441
75 43.0155
80 43.9413
85 44.0936
90 43.7624
95 43.7683
100 43.7313
105 43.0512
110 44.4878
115 43.7281
120 43.7686
125 43.7674
130 44.0126
135 43.7844
140 43.7237
145 43.7603
150 43.713
155 43.7722
160 43.6932
165 43.7696
170 43.7362
175 43.7601
180 43.3352
185 44.0856
190 43.7502
195 43.6961
200 43.7296
205 43.2688
210 44.0689
215 43.7606
220 43.0376
225 44.4024
230 43.0299
235 44.2976
240 43.7237
245 43.7441
250 43.7237
255 43.2773
260 44.0755
265 43.7524
270 43.8151
275 43.7697
280 43.3715
285 44.005
290 43.782
295 43.7229
300 43.7707
305 43.7089
310 43.7847
315 43.7632
320 43.7619
325 43.7342
330 43.3608
335 44.0416
340 43.7654
345 43.735
350 43.7531
355 43.7454
360 43.382
365 44.068
370 43.7505
375 43.3782
380 44.0409
385 43.7253
390 43.7704
395 43.773
400 43.7123
405 43.6763
410 43.0131
415 44.6393
420 43.745
425 43.7313
430 43.7188
435 43.6551
440 44.0947
445 43.4497
450 43.7244
455 43.7553
460 43.6857
465 43.7998
470 43.7578
475 43.771
485 43.6646
490 43.7592
495 43.3823
500 43.4589
505 44.4048
510 43.6846
515 43.7171
520 43.7951
525 43.7418
530 43.7338
535 43.7006
540 43.7421
545 43.7734
550 43.7496
555 43.7541
560 43.379
565 44.0675
570 43.7346
575 43.7352
580 43.7005
585 43.993
590 43.1338
595 44.1659
600 43.7465
5 0
10 43.2218
15 43.6387
20 43.6405
25 43.6704
30 43.2645
35 44.0012
40 43.6688
45 43.6599
50 43.6814
55 43.0857
60 44.2503
65 43.6971
70 43.6401
75 43.6249
80 43.5941
85 43.6323
90 43.6523
95 43.6583
100 43.6918
105 43.7288
110 43.666
115 43.6422
120 43.6561
125 43.6677
130 43.7028
135 43.6813
140 43.6713
145 43.686
150 43.6785
155 43.9875
160 43.37
165 43.656
170 43.702
175 43.653
180 43.6145
185 43.6369
190 43.6539
195 43.6842
200 43.6962
205 43.6604
210 43.6739
215 43.6886
220 43.6627
225 43.6827
230 43.6806
235 43.6573
240 43.6906
245 43.6528
250 43.6887
255 43.2189
260 44.1215
265 43.4101
270 43.6572
275 43.6825
280 43.6849
285 42.9822
290 44.2536
295 43.6819
300 44.0032
305 43.6965
310 43.6627
315 43.6551
320 43.6547
325 43.666
330 43.6869
335 43.2915
340 44.0207
345 43.6509
350 43.7118
355 43.6651
360 43.0207
365 44.2209
370 43.6874
375 43.6946
380 43.7153
385 43.6348
390 43.6714
395 43.7182
400 43.6939
405 43.6616
410 43.7035
415 43.6445
420 43.6783
425 43.6532
430 43.6724
435 43.6834
440 43.0546
445 44.2489
450 43.6581
455 43.6889
460 44.009
465 43.0458
470 43.9911
475 43.6796
480 43.6398
485 44.0198
490 43.3882
495 43.6744
500 43.6531
505 43.6877
510 43.9927
515 43.276
520 43.6936
525 43.6867
530 43.6847
535 44.0055
540 43.0504
545 44.0026
550 43.6551
555 43.7178
560 43.6717
565 43.3928
570 44.0099
575 43.6431
580 43.6777
585 43.7024
590 43.688
595 43.6635
600 43.642
5 43.7255
10 43.7143
15 43.6706
20 43.7012
25 43.7341
30 43.7247
35 43.7161
40 43.6988
45 43.6914
50 43.7443
55 43.7163
60 43.7528
65 43.7684
70 43.7139
75 43.703
80 43.6749
85 43.666
90 43.7088
95 43.7006
100 43.6959
105 43.9856
110 43.4395
115 43.7123
120 43.7307
125 43.7226
130 43.7047
135 43.7346
140 43.7111
145 43.6777
150 43.7093
155 43.7016
160 43.6944
165 43.0604
170 44.3524
175 43.7268
180 43.6991
185 43.6936
190 43.6899
195 43.7541
200 43.7493
205 43.0487
210 44.2886
215 43.7046
220 43.7002
225 43.706
230 43.6767
235 43.7335
240 43.7084
245 43.7041
250 43.692
255 43.6864
260 43.7739
265 43.7003
270 43.7081
275 43.7245
280 43.7562
285 43.7025
290 43.6896
295 43.6892
300 43.7023
305 43.7076
310 43.7411
315 43.6836
320 43.7054
325 43.7444
330 43.7324
335 43.7276
340 43.7023
345 43.7015
350 43.7386
355 43.7421
360 43.7264
365 43.7059
370 43.7236
375 43.3837
380 44.0178
385 43.7429
390 43.7103
395 43.7177
400 43.6944
405 43.7245
410 43.7189
415 43.7104
420 43.7248
425 43.6947
430 43.3427
435 43.415
440 44.3399
445 43.7347
450 43.7069
455 43.7097
460 43.6905
465 43.7374
470 43.689
475 43.7449
480 43.3338
485 43.4369
490 44.3828
495 43.701
500 43.6649
505 43.7267
510 43.6271
515 43.8261
520 43.7083
525 43.6947
530 43.7253
535 43.3768
540 44.0801
545 43.7294
550 43.7055
555 43.7396
560 43.351
565 43.9738
570 43.669
575 43.6602
580 43.7346
585 43.7161
590 43.7007
595 43.7151
600 43.6922
5 35.3825
10 43.7092
15 43.7223
20 43.7326
25 43.7018
30 43.7256
35 43.6892
40 43.7474
45 43.7465
50 43.7312
55 43.6821
60 43.6866
65 43.7118
70 43.6936
75 43.7387
80 43.7343
85 43.6854
90 43.7068
95 43.7722
100 43.7089
105 43.6939
110 43.6645
115 43.7127
120 43.6677
125 43.7092
130 43.6919
135 43.7023
140 43.7205
145 43.6749
150 43.7117
155 43.6836
160 43.7143
165 43.6983
170 43.6799
175 43.738
180 43.7426
185 43.6983
190 43.6936
195 43.7098
200 43.7267
205 43.7533
210 43.7106
215 43.7335
220 43.7185
225 43.7339
230 43.7067
235 43.707
240 43.6955
245 43.7153
250 43.6933
255 42.8935
260 44.3475
265 43.6764
270 43.7108
275 43.6893
280 43.7066
285 43.6724
290 43.6881
295 43.6919
300 43.6787
305 43.7012
310 43.7361
315 43.7189
320 43.6972
325 43.6864
330 43.7256
335 43.7036
340 43.7055
345 43.6986
350 43.7043
355 43.7067
360 43.7488
365 43.7272
370 43.6975
375 43.7315
380 43.7218
385 43.7209
390 43.6911
395 43.7225
400 43.6942
405 43.7047
410 43.7346
415 43.6749
420 43.7163
425 43.6892
430 43.6961
435 44.372
440 43.0234
445 44.065
450 43.3815
455 43.8042
460 43.6413
465 43.7101
470 43.7178
475 43.7168
480 43.728
485 43.6657
490 43.7061
495 43.7237
500 43.6861
505 42.9982
510 43.0669
515 44.3819
520 43.6941
525 43.724
530 43.7095
535 43.6312
540 43.7536
545 43.7333
550 43.7161
555 43.7084
560 43.3205
565 44.061
570 43.6984
575 43.7124
580 43.7127
585 43.7111
590 43.7358
595 43.6938
600 43.6978
5 43.7428
10 43.7274
15 43.7474
20 43.7565
25 43.7669
30 43.7538
35 43.7859
40 43.776
45 43.7727
50 43.7787
55 43.7772
60 43.7677
65 43.7609
70 43.7525
75 43.7685
80 44.0025
85 43.7984
90 43.7341
95 43.7599
100 42.9921
105 44.295
110 43.7911
115 43.757
120 43.7519
125 43.7105
130 43.7501
135 43.7397
140 43.7056
145 43.7325
150 43.7892
155 43.7481
160 43.7541
165 43.7476
170 43.7118
175 43.7495
180 43.7993
185 43.7067
190 43.7452
195 43.7961
200 43.7235
205 43.0841
210 44.4088
215 43.8049
220 43.7165
225 43.743
230 43.7348
235 43.8034
240 43.7516
245 43.7435
250 44.1125
255 43.4061
260 43.7374
265 43.7576
270 43.743
275 43.7753
280 43.7421
285 43.7076
290 43.7469
295 43.7806
300 43.7633
305 43.7205
310 43.7458
315 43.7578
320 43.7841
325 43.7615
330 43.7825
335 43.7701
340 43.7378
345 43.733
350 43.7731
355 43.7139
360 43.7681
365 43.752
370 43.7555
375 43.7623
380 43.7326
385 43.7001
390 43.7287
395 43.7459
400 43.7358
405 43.7399
410 43.7209
415 43.7321
420 43.7228
425 43.7195
430 43.7763
435 43.7789
440 43.6992
445 43.7208
450 43.7298
455 43.7312
460 43.1167
465 44.302
470 43.7923
475 43.7472
480 43.7751
485 43.1003
490 44.3773
495 43.7371
500 43.7271
505 43.7582
510 43.1014
515 44.3658
520 43.7527
525 43.725
530 43.7231
535 43.4151
540 44.0277
545 44.083
550 43.7541
555 43.7775
560 43.7818
565 43.7447
570 43.7543
575 43.7752
580 43.7245
585 43.7473
590 43.7511
595 43.7231
600 43.75
5 42.165
10 44.6728
15 43.6792
20 43.6536
25 43.6777
30 43.6553
35 43.7204
40 43.7004
45 43.6918
50 43.6384
55 43.6627
60 43.6843
65 43.6869
70 43.743
75 43.6713
80 43.7147
85 43.6925
90 43.6934
95 43.6905
100 43.6599
105 42.9772
110 44.3812
115 43.6887
120 43.699
125 43.7005
130 42.7418
135 43.8592
140 44.2618
145 43.6732
150 43.6555
155 41.8246
160 45.1373
165 43.7006
170 43.7437
175 43.6868
180 42.8814
185 44.3168
190 43.6744
195 43.6765
200 43.6543
205 42.6011
210 44.5095
215 43.6871
220 43.7189
225 43.6777
230 42.9632
235 44.2117
240 43.693
245 43.6922
250 43.6716
255 42.7579
260 44.2978
265 43.6929
270 43.6843
275 43.6631
280 43.2502
285 43.9271
290 43.7317
295 43.6806
300 43.707
305 42.1611
310 44.8533
315 43.6718
320 43.665
325 43.6615
330 43.2098
335 43.9701
340 43.7058
345 43.6639
350 43.7088
355 42.819
360 44.3001
365 43.6865
370 43.6901
375 43.6435
380 42.3096
385 44.7657
390 43.7135
395 43.6859
400 43.6882
405 43.3278
410 43.9472
415 43.7176
420 43.6213
425 43.6572
430 43.6959
435 42.96
440 44.7556
445 43.6951
450 43.7043
455 43.6892
460 43.3073
465 44.018
470 43.6791
475 43.6785
480 41.8334
485 44.3634
490 44.3742
495 43.7067
500 43.6707
505 43.6712
510 43.0535
515 44.2523
520 43.6971
525 43.6901
530 43.234
535 43.944
540 43.7186
545 43.6903
550 43.6742
555 43.6514
560 43.3372
565 43.9453
570 43.7067
575 43.6901
580 43.6869
585 43.6933
590 43.6503
595 43.6848
600 43.685
5 33.6941
10 44.059
15 43.4263
20 44.0262
25 43.7329
30 44.0657
35 43.4353
40 43.6816
45 43.7227
50 43.7337
55 42.8957
60 44.3154
65 43.7462
70 43.7484
75 43.7263
80 42.8821
85 44.3251
90 43.7465
95 43.7621
100 43.7065
105 43.3949
110 44.2794
115 43.7365
120 43.7253
125 43.7473
130 43.715
135 43.7786
140 43.7809
145 43.7654
150 43.7542
155 43.7599
160 43.1258
165 44.4837
170 43.7548
175 43.7325
180 41.8857
185 44.8102
190 44.0893
195 43.7292
200 43.7063
205 43.7451
210 42.8182
215 44.7396
220 43.7271
225 43.7298
230 43.7425
235 42.7498
240 44.7615
245 43.7574
250 43.7492
255 43.7539
260 43.0554
265 44.4736
270 43.7078
275 43.7208
280 43.708
285 43.0735
290 44.3714
295 43.7551
300 43.7222
305 43.7482
310 43.3959
315 44.0362
320 43.7383
325 43.7565
330 43.7354
335 43.4483
340 44.031
345 43.7329
350 43.7628
355 43.7381
360 43.7395
365 43.7307
370 43.731
375 43.7265
380 43.7058
385 43.7308
390 43.7329
395 43.7506
400 43.7432
405 43.7022
410 43.7303
415 43.7306
420 43.7521
425 43.7491
430 43.729
435 43.6852
440 43.4551
445 44.1209
450 43.7168
455 43.7386
460 43.7563
465 43.1042
470 44.3217
475 43.7609
480 43.7358
485 43.7483
490 44.087
495 43.4105
500 43.7321
505 43.7521
510 43.733
515 43.3963
520 44.104
525 44.0663
530 43.4212
535 43.7721
540 43.4407
545 44.0795
550 43.768
555 43.05
560 44.397
565 43.4624
570 44.0228
575 43.7178
580 43.7609
585 43.7409
590 43.0446
595 44.4587
600 43.7096
5 43.7144
10 43.7336
15 43.6961
20 43.6822
25 43.7035
30 43.7204
35 43.75
40 43.7065
45 43.7289
50 43.7056
55 42.3229
60 44.9795
65 43.7034
70 43.7176
75 43.7466
80 42.6689
85 44.6189
90 43.7307
95 43.7475
100 43.7365
105 43.0309
110 43.7202
115 44.349
120 43.6949
125 43.7069
130 42.9454
135 44.378
140 43.7116
145 43.6952
150 43.7128
155 43.0035
160 44.3335
165 43.7372
170 43.7391
175 43.7656
180 43.2642
185 44.0736
190 43.7696
195 43.6584
200 43.7063
205 43.1071
210 44.2644
215 43.7222
220 43.7275
225 43.7446
230 42.8568
235 44.2987
240 43.702
245 43.7403
250 43.7301
255 43.3022
260 43.9726
265 43.7888
270 43.7313
275 43.7032
280 43.2868
285 44.04
290 43.737
295 43.7006
300 43.7548
305 43.3361
310 44.0174
315 43.754
320 43.7478
325 43.7205
330 43.2886
335 43.9972
340 43.7177
345 43.7248
350 43.7073
355 42.8253
360 44.3042
365 43.7123
370 43.7217
375 43.7077
380 42.8566
385 44.274
390 43.7266
395 43.7175
400 43.7322
405 43.1721
410 43.8607
415 44.0337
420 43.7276
425 43.7541
430 43.7488
435 43.365
440 44.0814
445 43.7007
450 43.7309
455 43.7079
460 43.3465
465 44.0788
470 43.733
475 43.7041
480 43.6784
485 43.6197
490 43.8147
495 43.7288
500 43.6933
505 43.7164
510 43.3522
515 44.0378
520 43.6867
525 43.7172
530 43.6952
535 43.7192
540 43.7291
545 43.6877
550 43.6962
555 43.7002
560 43.7143
565 43.7426
570 43.7305
575 43.7072
580 43.7363
585 43.7286
590 43.7245
595 43.7106
600 43.7517
10 41.7252
15 43.7362
20 43.751
25 43.741
30 43.7366
35 43.7619
40 43.7666
45 43.7141
50 43.7493
55 43.7612
60 43.7633
65 43.757
70 43.7239
75 43.737
80 43.7361
85 43.7562
90 43.7554
95 43.7441
100 43.7374
105 43.7272
110 43.741
115 43.7147
120 43.7516
125 43.7508
130 43.7723
135 43.7414
140 43.7479
145 43.7365
150 43.7309
155 43.7632
160 43.7902
165 43.7328
170 43.7397
175 43.7587
180 43.059
185 44.4571
190 43.7367
195 43.7189
200 43.7583
205 43.7465
210 43.7482
215 43.7497
220 43.7437
225 43.7678
230 43.1102
235 44.3391
240 43.7338
245 43.7678
250 43.7431
255 43.1362
260 44.3158
265 43.7634
270 43.7743
275 43.7413
280 43.752
285 43.7597
290 43.7783
295 43.7927
300 43.7319
305 44.0968
310 43.7802
315 43.7542
320 43.753
325 43.7716
330 43.7799
335 43.7164
340 43.75
345 43.751
350 43.7862
355 43.7948
360 43.7462
365 43.7567
370 43.7409
375 43.7456
380 43.7943
385 43.7658
390 43.7444
395 43.7653
400 43.7384
405 43.7574
410 43.7886
415 43.7799
420 43.7215
425 43.7229
430 43.7552
435 43.7329
440 43.8008
445 43.7827
450 43.7845
455 43.7333
460 42.3388
465 44.4188
470 43.7306
475 43.7536
480 43.7552
485 43.777
490 43.6924
495 43.7768
500 43.7311
505 43.7169
510 43.0113
515 44.4529
520 43.7604
525 43.7676
530 43.6757
535 43.5179
540 44.0592
545 43.7535
550 43.756
555 43.7758
560 43.7915
565 43.7076
570 43.7389
575 43.746
580 43.7448
585 43.7448
590 43.7457
595 43.7497
600 43.7932
5 33.1741
10 42.5502
15 43.711
20 43.7011
25 43.7438
30 43.6725
35 43.7665
40 43.7169
45 43.7023
50 43.6913
55 43.1518
60 44.3417
65 43.6998
70 43.6597
75 43.687
80 43.3976
85 44.0259
90 43.6699
95 43.693
100 43.6806
105 42.4312
110 44.9182
115 43.6823
120 43.6932
125 43.7046
130 42.703
135 44.67
140 43.6835
145 43.7155
150 43.704
155 43.3543
160 43.9452
165 43.6683
170 43.701
175 43.6513
180 43.655
185 43.7188
190 43.6613
195 43.7217
200 43.7106
205 42.8641
210 43.6986
215 43.7226
220 43.702
225 43.6797
230 42.3799
235 44.875
240 43.6943
245 43.7078
250 43.7076
255 42.3472
260 44.8388
265 43.7036
270 43.6992
275 43.7033
280 41.8482
285 45.1009
290 43.7193
295 43.6798
300 43.7053
305 44.7205
310 42.9638
315 43.691
320 43.733
325 43.7143
330 42.9504
335 44.2446
340 43.6876
345 43.697
350 43.6874
355 43.6224
360 43.6627
365 43.694
370 43.666
375 43.6837
380 44.41
385 43.1764
390 43.7268
395 43.7003
400 43.7441
405 42.9275
410 44.3194
415 43.734
420 43.6957
425 43.7018
430 43.6951
435 43.7094
440 43.7006
445 43.6942
450 43.6676
455 42.9152
460 43.6541
465 44.3288
470 43.7015
475 43.6936
480 43.6855
485 43.6882
490 43.7434
495 43.7086
500 43.7416
505 42.1412
510 44.4841
515 44.039
520 43.6903
525 43.6753
530 42.5119
535 44.5221
540 43.6319
545 43.693
550 43.7329
555 43.6852
560 43.6589
565 43.7351
570 43.6853
575 43.697
580 43.715
585 43.4354
590 43.9607
595 43.6617
600 43.6966
5 42.032
10 39.7886
15 43.7375
20 43.7376
25 44.0686
30 43.0643
35 43.9654
40 43.7577
45 43.724
50 43.7198
55 42.948
60 44.3223
65 43.7074
70 43.7169
75 43.696
80 42.9353
85 44.3676
90 43.7054
95 43.7454
100 43.7334
105 43.2655
110 44.0329
115 43.7491
120 43.71
125 43.7288
130 43.2733
135 44.0495
140 43.733
145 43.7326
150 43.7153
155 43.3316
160 43.9948
165 43.7156
170 43.6941
175 43.693
180 42.9618
185 44.2927
190 43.7198
195 43.7117
200 43.6799
205 43.2991
210 44.0014
215 43.6984
220 43.7022
225 43.6981
230 42.9793
235 44.2773
240 43.7
245 43.6872
250 43.6852
255 43.7153
260 43.6836
265 43.7326
270 43.7331
275 43.7548
280 43.6708
285 43.706
290 43.7058
295 43.7376
300 43.7378
305 43.3255
310 43.425
315 44.3712
320 43.6672
325 43.7332
330 43.7294
335 43.2887
340 44.114
345 43.7049
350 43.7213
355 43.3317
360 43.6713
365 44.0355
370 43.7468
375 43.7038
380 43.734
385 43.36
390 43.9678
395 43.6942
400 43.7395
405 43.69
410 43.733
415 43.7297
420 43.7289
425 43.7077
430 43.7368
435 43.7092
440 43.1083
445 44.3517
450 43.6963
455 43.7378
460 42.9578
465 44.3143
470 43.6914
475 43.7216
480 43.7158
485 43.6959
490 43.7505
495 43.2969
500 44.0318
505 43.7062
510 43.7257
515 43.7192
520 43.7187
525 43.7319
530 43.7096
535 43.683
540 43.7596
545 43.7174
550 43.6964
555 43.7018
560 43.657
565 43.7603
570 43.7372
575 43.7431
580 43.7146
585 43.7349
590 43.0667
595 44.3719
600 42.9933
5 44.1098
10 43.7242
15 43.7297
20 43.7472
25 43.7557
30 43.7503
35 43.7522
40 43.7301
45 43.7797
50 43.7445
55 43.7898
60 43.7768
65 43.7119
70 43.7445
75 43.7308
80 43.77
85 43.7474
90 43.7351
95 43.7071
100 43.7301
105 43.6718
115 44.3466
120 43.7692
125 43.6875
130 43.7544
135 43.4163
140 44.0533
145 43.7521
150 43.7496
155 43.7333
160 43.3814
165 44.0453
170 43.7629
175 43.7582
180 42.3791
185 44.6926
190 44.0255
195 43.7631
200 43.7273
205 43.742
210 43.7261
215 43.7166
220 43.7513
225 43.7358
230 43.753
235 43.7453
240 43.7189
245 43.7886
250 43.7381
255 43.7491
260 43.7568
265 43.7895
270 43.7219
275 43.7314
280 43.7739
285 43.7271
290 43.7605
295 43.7363
300 43.7308
305 43.7546
310 43.7397
315 43.7142
320 43.7046
325 43.773
330 43.7474
335 43.6972
340 43.7299
345 43.738
350 43.7393
355 43.7149
360 43.7218
365 43.7036
370 43.7575
375 43.7162
380 43.7676
385 43.7576
390 43.7416
395 43.7512
400 43.7563
405 43.7644
410 43.6875
415 43.7365
420 43.781
425 43.7628
430 43.7059
435 43.733
440 44.06
445 43.4417
450 43.7464
455 43.7777
460 43.77
465 43.4313
470 44.0232
475 43.7419
480 43.733
485 43.753
490 43.7669
495 43.7528
500 43.7495
505 43.7867
510 43.7097
515 43.7352
520 43.7334
525 43.7408
530 43.7366
535 43.7663
540 43.7682
545 43.7212
550 43.7451
555 43.6829
560 43.7357
565 43.7215
570 43.7584
575 43.7542
580 43.7478
585 43.732
590 43.737
595 43.7092
600 43.7246
5 43.6384
10 43.7072
15 43.6586
20 43.6702
25 43.6739
30 43.6937
35 43.7124
40 43.6545
45 43.6873
50 43.6988
55 43.6824
60 43.6485
65 43.6751
70 43.6831
75 43.6898
80 43.653
85 43.6711
90 43.6956
95 43.6739
100 43.7186
105 43.693
110 43.3511
115 44.0731
120 43.688
125 43.7005
130 43.6702
140 43.6903
145 43.6703
150 43.6177
155 43.6555
160 43.424
165 44.0697
170 43.7205
175 43.6694
180 43.7165
185 43.3862
190 44.018
195 43.6917
200 43.6615
205 43.6906
210 43.6092
215 43.7059
220 43.6681
225 43.6852
230 43.6945
235 43.6943
240 43.6925
245 43.6798
250 43.6796
255 43.7022
260 43.0261
265 44.2416
270 43.6592
275 43.7061
280 43.6882
285 43.3732
290 43.9419
295 43.7138
300 43.7043
305 43.6768
310 43.4135
315 43.9134
320 43.6972
325 42.959
330 44.3565
335 43.3797
340 43.9323
345 43.68
350 43.6616
355 43.6898
360 43.6654
365 43.6906
370 43.7043
375 43.6767
380 43.6874
385 43.6284
390 43.682
395 43.6722
400 43.6724
405 43.6655
410 43.6377
415 43.7213
420 43.6772
425 43.6645
430 43.6872
435 43.6698
440 43.0167
445 44.2684
450 43.7081
455 43.693
460 43.6802
465 43.6607
470 43.6738
475 43.6853
480 43.6789
485 43.7172
490 43.65
495 43.7506
500 43.694
505 43.681
510 43.6889
515 43.0892
520 44.3517
525 43.6851
530 43.6959
535 43.6908
540 43.1195
545 44.2215
550 43.6746
555 43.7189
560 43.7126
565 43.4185
570 43.9341
575 43.6931
580 43.6838
585 43.6917
590 43.3168
595 44.0324
600 43.6677
10 44.3445
15 43.7147
20 43.7287
25 43.7615
30 43.0389
35 44.4143
40 43.7014
45 43.7461
50 43.7535
55 43.4098
60 44.0945
65 43.7393
70 43.7734
75 43.7942
80 43.0753
85 44.2706
90 43.7576
95 43.723
100 43.7053
105 43.7706
110 43.7724
115 43.78
120 43.7198
125 43.7534
130 43.7065
135 43.7077
140 43.7601
145 43.7858
150 43.7534
155 43.7493
160 43.8025
165 43.773
170 43.7274
175 43.7495
180 43.7407
185 43.7648
190 43.7357
195 43.7362
200 43.7251
205 43.7042
210 43.7461
215 43.7489
220 43.7416
225 43.7511
230 43.791
235 43.7727
240 43.783
245 43.7638
250 43.7637
255 43.7179
260 43.74
265 43.7709
270 43.7323
275 43.7862
280 43.7556
285 43.0862
290 44.3945
295 43.754
300 43.8044
305 43.7519
310 43.7042
315 43.7433
320 43.7514
325 43.7697
330 43.7764
335 43.3427
340 44.2205
345 43.7678
350 43.7732
355 43.7799
360 43.0973
365 44.3639
370 43.7622
375 43.7545
380 43.7855
385 43.7253
390 43.7648
395 43.7503
400 43.7506
405 43.7124
410 43.7454
415 43.7631
420 43.7729
425 43.7519
430 43.7694
435 43.7074
440 43.1739
445 44.3728
450 43.7513
455 43.7474
460 43.7485
465 43.459
470 44.0845
475 43.7606
480 43.7627
485 43.7496
490 43.7118
495 43.787
500 43.7418
505 43.7497
510 43.7576
515 43.7757
520 43.7514
525 43.7616
530 43.7277
535 43.3989
540 43.7549
545 44.0754
550 43.7622
555 43.7652
560 43.7821
565 43.4654
570 44.092
575 43.7192
580 43.7455
585 43.729
590 43.105
595 44.3318
600 43.7653
5 0
10 41.5912
15 43.6408
20 43.6829
25 43.7064
30 43.6957
35 43.683
40 43.6548
45 43.7092
50 43.7044
55 43.7077
60 43.6933
65 43.6783
70 43.7352
75 43.6338
80 43.7212
85 43.6702
90 43.6543
95 43.6733
100 43.655
105 43.6761
110 43.6481
115 43.704
120 43.7065
125 43.6633
130 43.6726
135 43.674
140 43.7174
145 43.6685
150 43.6682
155 43.6587
160 43.6638
165 43.6386
170 43.7109
175 43.6813
180 43.5785
185 43.721
190 43.7
195 43.6346
200 43.6876
205 43.3277
210 43.9727
215 43.674
220 43.6771
225 43.6518
230 42.9494
235 44.3201
240 43.6864
245 43.6819
250 43.6969
255 43.0366
260 44.2713
265 43.6825
270 43.662
275 43.6734
280 43.0349
285 44.2366
290 43.6747
295 43.6533
300 43.6545
305 43.6805
310 43.6921
315 43.6849
320 43.7047
325 43.6743
330 43.6819
335 43.6905
340 43.6861
345 43.6532
350 43.6854
355 43.7098
360 43.6869
365 43.6558
370 43.013
375 44.3095
380 43.6462
385 43.6407
390 43.6622
395 43.636
400 43.6858
405 43.6347
410 43.6881
415 43.6868
420 43.6409
425 43.6984
430 42.9212
435 44.2112
440 43.6844
445 43.6547
450 43.6673
455 43.6841
460 43.0416
465 44.3301
470 43.7006
475 43.6658
480 43.6687
485 43.6791
490 43.6478
495 43.6669
500 43.6761
505 43.6951
510 43.693
515 43.7028
520 43.6816
525 43.6798
530 43.7131
535 43.3328
540 44.0146
545 43.6661
550 43.6836
555 43.7225
560 43.0413
565 44.2552
570 43.6804
575 43.6607
580 43.6666
585 43.3232
590 44.3236
595 43.6534
600 43.6639
5 41.999
10 43.5333
15 43.7635
20 43.7175
25 43.6788
30 43.7957
35 43.6963
40 43.7353
45 43.764
50 44.4016
55 42.5415
60 44.3217
65 43.7371
70 43.7184
75 43.7146
80 43.3722
85 44.0559
90 43.735
95 43.7047
100 43.7003
105 43.7371
110 43.7342
115 43.7009
120 43.742
125 43.707
130 43.3632
135 44.0265
140 43.7079
145 43.7328
150 43.7396
155 43.6881
160 43.7435
165 43.7673
170 43.7206
175 43.7181
180 43.7018
185 43.7061
190 43.7261
195 43.7665
200 43.6862
205 43.7387
210 43.6839
215 43.7178
220 43.7475
225 43.7221
230 43.6935
235 43.7019
240 43.7291
245 43.7144
250 43.726
255 43.7277
260 43.7329
265 43.754
270 43.7511
275 43.7273
280 43.7197
285 43.1103
290 44.3804
295 43.681
300 43.7399
305 43.733
310 43.658
315 43.7181
320 43.7234
325 43.7589
330 43.7069
335 43.7569
340 43.699
345 43.6883
350 43.7214
355 43.7279
360 42.3421
365 44.369
370 43.7112
375 43.7461
380 43.7323
385 43.0581
390 44.3252
395 43.7142
400 43.7044
405 43.7187
410 43.4256
415 44.0088
420 43.7303
425 43.6677
430 43.7295
435 43.7245
440 43.7213
445 43.7417
450 43.7344
455 43.7391
460 43.6997
465 43.7007
470 43.6998
475 43.7246
480 43.7778
485 43.7531
490 43.7095
495 43.7555
500 43.6849
505 43.7229
510 43.7527
515 43.7341
520 43.7118
525 43.0708
530 44.322
535 43.7102
540 43.7207
545 43.7231
550 43.7261
555 43.725
560 43.6887
565 43.7335
570 43.734
575 43.6856
580 43.7194
585 44.3775
590 43.1073
595 43.7328
600 43.7391
10 31.1878
15 43.0759
20 43.8227
25 43.8543
30 43.1878
35 44.4172
40 43.8237
45 43.8273
50 43.8517
55 43.8273
60 43.8578
65 43.8327
70 43.4347
75 44.1803
80 43.8496
85 43.7961
90 43.7901
95 43.8
100 43.8313
105 43.8118
110 43.7957
115 43.8183
120 43.8265
125 43.791
130 43.8576
135 43.8042
140 43.8327
145 43.8407
150 43.8575
155 43.868
160 42.9806
165 44.0927
170 44.4656
175 43.8101
180 43.8412
185 43.8091
190 43.8421
195 43.8253
200 43.8285
205 43.8014
210 43.8215
215 43.7922
220 44.1129
225 43.1167
230 44.5767
235 43.3224
240 44.4764
245 43.8358
250 43.8662
255 43.8172
260 43.5367
265 44.1095
270 43.7815
275 43.8307
280 43.8131
285 43.5264
290 44.1529
295 43.8545
300 43.8856
305 43.8231
310 43.5155
315 44.1401
320 43.8373
325 43.8153
330 43.8136
335 43.1392
340 44.4675
345 43.8231
350 43.8188
355 43.8572
360 43.5022
365 44.1745
370 43.798
375 43.8074
380 43.8076
385 43.8224
390 43.8363
395 43.8283
400 43.7986
405 43.8193
410 43.7981
415 43.8121
420 43.8276
425 43.8154
430 43.817
435 43.8217
440 43.8075
445 43.8268
450 43.813
455 43.8435
460 43.8385
465 43.8142
470 43.8804
475 43.8495
480 43.8425
485 43.2034
490 43.8134
495 44.4487
500 43.8186
505 43.8408
510 43.1796
515 43.8064
520 44.4806
525 43.8139
530 43.829
535 43.791
540 43.2186
545 44.4201
550 43.8501
555 43.8619
560 43.807
565 43.5147
570 44.1053
575 43.826
580 43.7976
585 43.8143
590 42.608
595 45.1398
600 43.8179
5 35.5436
10 43.8167
15 43.7928
20 43.8383
25 43.7968
30 43.7624
35 43.861
40 43.8246
45 43.8132
50 43.8479
55 43.0456
60 44.4249
65 43.8442
70 43.8292
75 43.8175
80 42.779
85 44.7082
90 43.8289
95 43.8324
100 43.8021
105 43.7378
110 43.8874
115 43.8653
120 43.8175
125 43.8518
130 43.0743
135 44.4078
140 43.8407
145 43.8357
150 43.8102
155 44.219
160 43.5147
165 43.8056
170 43.8563
175 43.834
180 43.7866
185 43.8717
190 44.132
195 43.5233
200 43.8229
205 43.09
210 44.3582
215 43.8014
220 43.7987
225 43.854
230 42.2857
235 44.9345
240 43.8418
245 43.8576
250 43.8381
255 43.4089
260 44.1764
265 43.7802
270 43.8212
275 43.8175
280 43.4589
285 44.1001
290 43.8682
295 43.8097
300 43.8705
305 43.411
310 44.1364
315 43.8396
320 43.8405
325 43.8512
330 43.8417
335 43.8458
340 43.8256
345 43.8127
350 43.818
355 43.7755
360 44.0729
365 43.5832
370 43.8378
375 43.8405
380 43.4657
385 44.0599
390 43.8988
395 43.8311
400 43.8351
405 43.4038
410 44.0992
415 43.871
420 43.8357
425 43.8457
430 43.4139
435 43.2944
440 44.8488
445 43.8663
450 43.8128
455 43.7672
460 43.5112
465 44.1765
470 43.8126
475 43.7959
480 43.8694
485 43.5615
490 44.113
495 43.8251
500 43.8289
505 43.8016
510 43.1258
515 44.4897
520 43.8429
525 43.8457
530 43.8122
535 43.1839
540 44.3942
545 43.8552
550 43.8344
555 43.7929
560 43.7867
565 43.8536
570 43.8174
575 43.861
580 43.825
585 43.8245
590 43.8605
595 43.8619
600 43.8187
5 0
10 43.2351
15 43.7516
20 43.7573
25 43.7384
30 43.4525
35 44.0352
40 43.8082
45 43.7274
50 43.8192
55 43.39
60 44.0789
65 43.7303
70 43.7344
75 43.7315
80 43.425
85 44.0733
90 43.7351
95 43.746
100 43.7304
105 43.3733
110 44.0715
115 43.7645
120 43.7238
125 43.7137
130 42.9935
135 43.8072
140 43.7039
145 43.7592
150 43.7558
155 43.3845
160 44.0808
165 43.7155
170 43.715
175 43.759
180 43.0603
185 44.3501
190 43.7532
195 43.7455
200 43.7183
205 43.0825
210 44.3242
215 43.738
220 43.729
225 43.7494
230 43.6813
235 43.7836
240 43.7472
245 43.7083
250 43.7448
255 43.7247
260 43.7389
265 43.747
270 43.7274
275 43.7432
280 43.7525
285 43.6728
290 43.7427
295 43.7155
300 43.7061
305 43.7316
310 43.7188
315 43.7365
320 43.7214
325 43.7311
330 43.7358
335 43.7542
340 43.749
345 43.719
350 43.7424
355 43.8174
360 43.7724
365 43.7608
370 43.7977
375 43.7221
380 43.7344
385 43.7492
390 43.7438
395 43.7687
400 43.748
405 43.7503
410 43.4648
415 44.0612
420 43.7612
425 43.7204
430 43.7366
435 42.7922
440 44.7128
445 43.7816
450 43.7501
455 43.7551
460 43.0313
465 44.328
470 43.7718
475 43.7577
480 43.7364
485 43.4111
490 44.3485
495 43.463
500 43.7489
505 43.7566
510 43.3982
515 43.9926
520 43.7227
525 43.7558
530 43.7325
535 43.7444
540 43.7726
545 43.7181
550 43.7228
555 43.7075
560 43.7597
565 43.7782
570 43.7202
575 43.7813
580 43.7481
585 43.7148
590 43.7629
595 43.7575
600 43.7568
5 42.2028
10 45.0045
15 43.7472
20 43.7565
25 43.7108
30 42.4909
35 45.0212
40 43.783
45 43.7585
50 43.7702
55 42.7994
60 44.6742
65 43.7718
70 43.78
75 43.7332
80 42.3903
85 44.8881
90 43.7392
95 43.7819
100 43.7249
105 44.102
110 43.4873
115 43.7446
120 43.7541
125 43.7313
130 43.0172
135 44.0518
140 44.0691
145 43.7232
150 43.7419
155 43.3385
160 44.0309
165 43.757
170 43.7231
175 43.7445
180 42.9886
185 44.3532
190 43.7271
195 43.76
200 43.7739
205 43.728
210 43.7684
215 43.7329
220 43.7539
225 43.7887
230 43.3438
235 44.014
240 43.7682
245 43.7647
250 43.7452
255 43.3351
260 44.0609
265 43.7157
270 43.7631
275 43.7133
280 43.7333
285 43.3405
290 44.0837
295 43.786
300 43.7346
305 43.7257
310 43.7625
315 43.7507
320 43.7581
325 43.7238
330 43.7605
335 43.7568
340 43.7636
345 43.7408
350 43.7555
355 43.3996
360 43.4351
365 44.4196
370 43.7428
375 43.7602
380 43.082
385 44.2588
390 43.7749
395 43.7401
400 43.7769
405 43.7484
410 43.8164
415 43.7584
420 43.7282
425 43.8005
430 43.7532
435 43.7519
440 44.0183
445 43.7032
450 43.7301
455 43.3615
460 44.0235
465 43.7707
470 43.729
475 43.7806
480 43.7459
485 43.7561
490 43.7698
495 43.7664
500 43.753
505 43.7298
510 43.7434
515 43.7372
520 43.7367
525 43.7498
530 43.7942
535 43.7713
540 43.8219
545 43.735
550 43.7536
555 43.7699
560 43.755
565 43.7455
570 43.732
575 43.7567
580 43.7668
585 43.7422
590 43.7867
595 43.7419
600 43.7821
5 43.7299
10 43.7802
15 43.7292
20 43.7523
25 43.7418
30 43.7205
35 43.7219
40 43.7202
45 43.7318
50 43.7493
55 43.7545
60 43.7262
65 43.7531
70 43.7553
75 43.7244
80 43.7354
85 43.7249
90 43.7397
95 43.7415
100 43.7054
105 43.7374
110 43.7447
115 43.7436
120 43.7071
125 43.7303
130 43.7292
135 43.7062
140 43.741
145 43.7217
150 43.7364
155 43.7268
160 43.7213
165 43.7267
170 43.6856
175 44.0666
180 43.3781
185 43.7515
190 43.7342
195 43.7144
200 43.7397
205 43.0613
210 44.3611
215 43.7318
220 43.7009
225 43.7676
230 43.3791
235 44.023
240 43.7484
245 43.7041
250 43.7516
255 41.5807
260 45.0174
265 43.7091
270 43.7095
275 43.6944
280 43.7246
285 43.7078
290 43.7045
295 43.6871
300 43.7201
305 43.75
310 43.7429
315 43.684
320 43.7137
325 43.765
330 43.75
335 43.7382
340 43.6952
345 43.7101
350 43.7
355 43.7589
360 43.7742
365 43.724
370 43.719
375 43.7038
380 43.7378
385 43.731
390 43.6801
395 43.7217
400 43.7581
405 43.6948
410 43.7191
415 43.6902
420 43.7204
425 43.7648
430 43.6979
435 43.3951
440 44.0444
445 43.714
450 43.7202
455 43.7686
460 43.7395
465 43.7407
470 43.7432
475 43.7
480 43.7247
485 43.6785
490 43.7205
495 43.715
500 43.6756
505 43.7291
510 43.036
515 44.3705
520 43.7446
525 43.7059
530 43.7219
535 43.3834
540 44.0379
545 43.7543
550 43.7318
555 43.7106
560 43.701
565 43.7043
570 43.7417
575 43.7498
580 43.7416
585 43.7048
590 43.7286
595 43.7282
600 43.6825
5 43.8147
10 43.7954
15 43.8265
20 43.7862
25 43.8092
30 43.8319
35 43.8128
40 43.8452
45 43.8216
50 43.788
55 43.8317
60 43.7665
65 43.8163
70 43.1761
75 44.5017
80 44.1005
85 43.47
90 43.7955
95 43.8213
100 43.381
105 44.6107
110 43.1545
115 43.8469
120 43.8234
125 43.8105
130 43.5295
135 44.1551
140 43.8547
145 43.8139
150 43.8236
155 43.4255
160 44.1801
165 43.8418
170 43.8004
175 43.7911
180 42.8668
185 44.7965
190 43.8344
195 43.8331
200 43.7937
205 42.8844
210 44.7518
215 43.7907
220 43.7833
225 43.838
230 43.4152
235 44.1676
240 43.8094
245 43.8304
250 42.7108
255 44.4872
260 44.1186
265 43.8546
270 43.7659
275 43.8261
280 43.4713
285 44.0941
290 43.8551
295 43.8408
300 43.8556
305 43.7993
310 43.7881
315 43.8066
320 43.8284
325 43.8086
330 43.8289
335 43.8305
340 43.8318
345 43.8248
350 43.8384
355 43.7828
360 44.0547
365 43.8302
370 43.792
375 43.7964
380 43.7607
385 43.844
390 43.8101
395 43.7693
400 43.8366
405 43.8204
410 43.7982
415 43.8316
420 43.8359
425 43.7764
430 43.8435
435 43.2415
440 44.4729
445 43.8306
450 43.8271
455 43.8594
460 43.4628
465 44.2289
470 43.8193
475 43.8315
480 43.8069
485 42.821
490 44.9037
495 43.8667
500 43.8349
505 43.8452
510 43.1292
515 44.5618
520 43.8282
525 43.7718
530 43.8356
535 43.531
540 44.0996
545 43.8153
550 43.8122
555 43.8196
560 42.8645
565 44.7735
570 43.8062
575 43.8138
580 43.782
585 43.1074
590 44.5357
595 43.8248
600 43.7931
5 43.669
10 43.6927
15 43.704
20 43.6797
25 43.7106
30 43.7419
35 43.6897
40 43.6903
45 43.685
50 43.7144
55 43.7105
60 43.7171
65 43.668
70 43.6586
75 44.4051
80 43.1718
85 43.7126
90 43.693
95 43.6874
100 43.7245
105 43.7053
110 43.7101
115 43.689
120 43.7065
125 43.7128
130 43.6899
135 43.0039
140 44.3445
145 43.7136
150 43.7159
155 43.6947
160 43.6815
165 43.6933
170 43.6638
175 43.7149
180 43.0844
185 44.3983
190 43.7223
195 43.7143
200 43.7222
205 43.3493
210 44.0297
215 43.6776
220 43.6773
225 43.6914
230 42.7542
235 44.635
240 43.6838
245 43.6783
250 43.715
255 43.7103
260 43.6574
265 43.7053
270 43.7046
275 43.6844
280 43.0218
285 44.3456
290 43.6724
295 43.6857
300 43.6838
305 43.0593
310 44.3116
315 43.6999
320 43.7063
325 43.6906
330 43.3718
335 44.0335
340 43.7067
345 43.7296
350 43.6821
355 43.6802
360 43.6926
365 43.717
370 43.7162
375 43.7138
380 43.7107
385 43.6659
390 43.7158
395 43.6637
400 43.6813
405 43.7046
410 43.7132
415 43.7042
420 43.7333
425 43.7539
430 43.714
435 43.6926
440 43.6808
445 43.7388
450 43.6684
455 43.6923
460 43.7045
465 43.6942
470 43.721
475 43.7201
480 44.0557
485 43.3915
490 43.6976
495 43.6738
500 43.7034
505 44.0682
510 43.7707
515 43.3724
520 43.6936
525 43.7205
530 43.6948
535 44.0761
540 43.3419
545 43.7053
550 43.7158
555 43.7065
560 43.6985
565 43.683
570 43.7319
575 43.6537
580 43.7043
585 43.3656
590 44.0742
595 43.7113
600 43.677
10 42.9817
15 43.7799
20 43.7939
25 43.7824
30 42.7146
35 44.6357
40 43.82
45 43.7837
50 43.8166
55 43.6954
60 43.2235
65 44.4661
70 43.8282
75 43.8278
80 42.5816
85 44.6564
90 43.7892
95 43.8084
100 43.8041
105 43.3911
110 44.1479
115 43.7681
120 43.802
125 43.8373
130 43.0456
135 44.397
140 43.7742
145 43.7902
150 43.7899
155 42.5493
160 44.5596
165 43.801
170 43.7968
175 43.7742
180 43.4163
185 44.0823
190 43.7979
195 43.7878
200 43.8018
205 43.4022
210 44.0902
215 43.8095
220 43.8042
225 43.8076
230 42.945
235 44.3375
240 43.8277
245 43.7776
250 43.7935
255 42.6259
260 44.596
265 43.8122
270 43.8048
275 43.8173
280 43.4526
285 43.2547
290 44.7459
295 43.8
300 43.7483
305 42.9352
310 43.8063
315 44.7317
320 43.8135
325 43.7748
330 42.7097
335 44.0476
340 44.3662
345 43.7609
350 43.8188
355 43.7829
360 42.8472
365 44.6622
370 43.8027
375 43.8316
380 43.7942
385 43.7855
390 43.5196
395 44.129
400 43.762
405 43.7868
410 43.8195
415 43.7994
420 43.4245
425 44.1371
430 43.7866
435 43.8108
440 43.7926
445 43.8125
450 43.7624
455 43.7627
460 43.8077
465 43.797
470 43.7883
475 43.7691
480 43.7967
485 43.745
490 43.7823
495 43.8056
500 43.781
505 43.8135
510 43.8077
515 43.8033
520 43.8113
525 43.8263
530 43.789
535 43.7838
540 43.2346
545 44.4053
550 43.8352
555 43.8169
560 43.795
565 43.51
570 43.7209
575 44.1353
580 43.7829
585 43.7722
590 42.8462
595 44.7133
600 43.1217
5 35.7092
10 43.4395
15 43.7267
20 43.7496
25 43.7485
30 43.4445
35 44.0094
40 43.759
45 43.7974
50 43.78
55 43.7539
60 43.8056
65 43.7822
70 43.7826
75 43.79
80 43.788
85 43.7483
90 43.7632
95 43.7746
100 43.8035
105 43.7685
110 43.7459
115 43.8019
120 43.7587
125 43.778
130 43.7339
135 43.7902
140 43.776
145 43.7548
150 43.7723
155 43.76
160 43.7527
165 43.7603
170 43.7883
175 43.7879
180 43.7728
185 43.8398
190 43.7418
195 43.0857
200 44.4562
205 43.7482
210 43.7306
215 43.7286
220 43.7839
225 43.7332
230 43.7525
235 43.7914
240 43.7427
245 43.7788
250 43.8088
255 43.7885
260 43.7832
265 43.6975
270 43.778
275 43.7875
280 43.741
285 43.4494
290 44.0493
295 43.7349
300 43.7481
305 43.8125
310 43.3884
315 44.0442
320 43.767
325 43.7325
330 43.7346
335 43.7805
340 43.7775
345 43.771
350 43.7641
355 43.7818
360 43.7809
365 43.7779
370 43.7634
375 43.7526
380 43.7499
385 43.7812
390 43.7633
395 43.778
400 43.753
405 43.783
410 43.7442
415 43.7372
420 43.7946
425 43.7823
430 43.7799
435 43.7885
440 43.7446
445 43.7816
450 43.7905
455 43.734
460 43.7569
460 44.0331
470 43.4328
475 43.7473
480 43.7471
485 43.7521
490 43.8044
495 43.7908
500 43.7823
505 43.7749
510 43.756
515 43.7739
520 43.7971
525 43.739
530 43.7289
535 43.808
535 44.0964
545 43.5274
550 43.7909
555 43.7024
560 43.754
565 43.4777
570 44.0536
575 43.76
580 43.7395
585 43.7821
585 43.7512
595 43.7388
600 43.7298
10 42.3748
15 43.7427
20 43.7333
25 43.7321
30 43.8011
35 43.7229
40 43.7748
45 43.7518
50 43.7252
55 43.7623
60 43.7295
65 43.6946
70 43.734
75 43.4087
80 44.0497
85 43.7732
90 43.7225
95 43.7532
100 43.4153
105 43.4514
110 44.3315
115 43.7148
120 43.7559
125 43.4177
130 44.0188
135 43.7621
140 43.7619
145 43.678
150 43.3859
155 43.6855
160 44.0322
165 43.7917
170 43.7323
175 43.7318
180 43.4664
185 44.0635
190 43.757
195 43.7316
200 43.7661
205 43.4069
210 44.0727
215 43.7644
220 43.7135
225 43.7039
230 42.4855
235 45.0651
240 43.7478
245 43.7294
250 43.7293
255 42.503
260 45.0054
265 43.7101
270 43.7516
275 43.7058
280 43.0351
285 44.4
290 43.7304
295 43.696
300 43.7558
305 43.054
310 44.3986
315 43.7601
320 43.7435
325 43.7422
330 43.0922
335 44.4081
340 43.6935
345 43.0762
350 44.3161
355 43.7031
360 43.7585
365 43.7539
370 43.7586
375 43.697
380 43.7465
385 43.767
390 43.738
395 43.7432
400 43.7201
405 43.7076
410 43.6666
415 43.773
420 43.7422
425 43.7207
430 43.4089
435 43.7759
440 44.0652
445 43.7731
450 43.7428
455 43.3729
460 43.7264
465 43.3398
470 44.3665
475 43.721
480 43.7455
485 43.4553
490 44.022
495 43.7351
500 43.7403
505 43.7654
510 43.4773
515 44.0209
520 43.8003
525 43.7643
530 43.714
535 43.1514
540 44.4178
545 43.7975
550 42.1822
555 44.9272
560 42.84
565 45.0982
570 43.7255
575 43.7307
580 43.7346
585 43.0676
590 44.7244
595 43.7513
600 43.7637
10 42.874
15 44.6547
20 43.6532
25 43.6781
30 43.0882
35 44.3396
40 43.6757
45 43.7102
50 43.6946
55 43.0691
60 44.3527
65 43.6968
70 43.6846
75 43.6986
80 43.6725
85 43.6781
90 43.7085
95 43.6991
100 43.7304
105 43.685
110 43.6735
115 43.664
120 43.6765
125 43.7022
130 43.291
135 44.0832
140 43.6539
145 43.682
150 43.6864
155 43.3229
160 44.0215
165 43.6571
170 43.6863
175 43.6768
180 43.693
185 43.6721
190 43.6922
195 43.6826
200 43.6423
205 43.6941
210 43.6581
215 43.6751
220 43.7013
225 43.6794
230 43.6532
235 43.7095
240 43.6731
245 43.6645
250 43.6842
255 43.6978
260 43.6683
265 43.7064
270 43.7106
275 43.7103
280 43.643
285 43.3801
290 43.9813
295 43.6337
300 43.675
305 43.0234
310 43.3979
315 44.6847
320 43.6866
325 43.6936
330 43.6589
335 43.3286
340 44.0387
345 43.6716
350 43.6734
355 43.6818
360 42.4569
365 44.9437
370 43.6757
375 43.6668
380 43.6727
385 42.7586
390 44.6237
395 43.6804
400 43.6686
405 43.6993
410 43.0193
415 44.2492
420 43.7076
425 43.6617
430 43.6592
435 43.6542
440 43.0904
445 44.3366
450 43.6887
455 43.6771
460 43.6997
465 43.6964
470 43.6532
475 43.6925
480 43.695
485 43.67
490 43.682
495 43.6844
500 43.6996
505 43.6841
510 43.6766
515 43.682
520 43.6686
525 43.6523
530 43.6637
535 43.6773
540 43.1455
545 44.2442
550 43.669
555 43.6819
560 43.6736
565 43.1002
570 44.3716
575 43.7291
580 43.0003
585 44.3084
590 43.0472
595 44.3113
600 43.6788
5 35.4905
10 44.0646
15 43.7804
20 43.7852
25 43.7359
30 44.0399
35 43.3866
40 43.7524
45 43.778
50 43.7409
55 44.0321
60 43.3859
65 43.773
70 43.755
75 43.7867
80 44.06
85 43.3938
90 43.7666
95 43.7494
100 43.7533
105 43.4744
110 44.0286
115 43.7665
120 43.7837
125 43.7544
130 44.1001
135 43.007
140 44.0504
145 43.7142
150 43.7508
155 43.3407
160 44.1443
165 43.378
170 44.1448
175 43.7349
180 42.0835
185 45.2822
190 43.7628
195 43.7678
200 43.7627
205 43.3787
210 44.0696
215 43.7352
220 43.7571
225 43.7292
230 43.4313
235 44.0395
240 43.7364
245 43.7793
250 43.782
255 42.4225
260 44.8533
265 43.7799
270 43.772
275 43.7584
280 42.6839
285 44.6748
290 43.7581
295 43.7195
300 43.7345
305 43.0277
310 44.3231
315 43.7446
320 43.7103
325 43.7483
330 43.385
335 44.0958
340 43.7383
345 43.7893
350 43.7515
355 43.7504
360 43.7463
365 43.7819
370 43.7627
375 43.7501
380 44.1314
385 43.4814
390 43.7488
395 43.7609
400 43.7553
405 43.723
410 43.7864
415 43.7585
420 43.7777
425 43.7501
430 44.8377
435 42.8049
440 43.7761
445 43.7818
450 43.7562
455 43.4103
460 44.2526
465 43.377
470 43.7446
475 43.7674
480 43.0079
485 44.8921
490 43.0769
495 43.3881
500 44.0856
505 43.7406
510 43.6989
515 43.7585
520 43.7076
525 43.7229
530 42.6443
535 44.0471
540 44.4362
545 43.768
550 43.7567
555 43.0544
560 43.4951
565 44.6066
570 43.7162
575 43.7211
580 43.7379
585 43.4245
590 44.0426
595 43.7705
600 43.7791
10 43.4256
15 43.6734
20 43.7508
25 43.7033
30 43.1474
35 44.2703
40 43.7205
45 43.6998
50 43.7128
55 43.7275
60 43.7047
65 43.7309
70 43.7294
75 43.7169
80 43.4025
85 44.0512
90 43.7078
95 43.7718
100 43.7118
105 43.1124
110 44.352
115 43.7559
120 43.7196
125 43.7012
130 43.4134
135 44.0378
140 43.7022
145 43.7348
150 44.358
155 43.1625
160 43.7015
165 43.7049
170 43.7197
175 43.7338
180 44.2726
185 43.08
190 43.7345
195 43.7332
200 43.7258
205 43.0823
210 44.3751
215 43.7163
220 43.7453
225 43.7291
230 43.0241
235 44.3646
240 43.7496
245 43.7163
250 43.7466
255 43.0407
260 44.4436
265 43.7092
270 43.7036
275 43.7295
280 43.106
285 44.3522
290 43.7295
295 43.7239
300 43.6912
305 43.1016
310 44.2759
315 43.7292
320 43.7269
325 43.7435
330 43.692
335 43.7556
340 43.7191
345 43.7618
350 43.7471
355 43.7356
360 43.7177
365 43.746
370 43.6878
375 43.7257
380 44.3393
385 43.1508
390 43.7133
395 43.7445
400 43.7021
405 44.0637
410 42.4252
415 44.9699
420 43.6739
425 43.7386
430 43.673
435 43.733
440 43.697
445 43.7425
450 43.7185
455 43.995
460 43.9704
465 43.0591
470 43.7164
475 43.7312
480 44.3501
485 43.7252
490 43.0617
495 43.7123
500 43.6999
505 43.7174
510 44.3686
515 43.0625
520 43.7252
525 43.6867
530 43.7171
535 43.2626
540 44.0729
545 43.7017
550 43.7291
555 43.7052
560 43.7516
565 43.017
570 44.2889
575 43.6918
580 43.7371
585 43.2913
590 44.0839
595 43.7056
600 43.7458
10 41.2616
15 43.5943
20 43.6666
25 43.6357
30 42.8865
35 44.2836
40 43.6381
45 43.663
50 43.6259
55 42.839
60 44.2513
65 43.6258
70 43.6647
75 43.0283
80 43.4744
85 44.2988
90 43.6325
95 43.6692
100 43.6442
105 43.2694
110 44.2099
115 43.6491
120 43.6569
125 43.6614
130 42.9342
135 44.1863
140 43.6647
145 43.634
150 43.5838
155 43.646
160 43.6458
165 43.9196
170 43.6051
175 43.6045
180 43.2126
185 43.9539
190 43.6363
195 43.647
200 43.6648
205 43.6131
210 43.6271
215 43.6847
220 43.6371
225 43.6825
230 43.2195
235 43.907
240 43.6733
245 43.6348
250 43.657
255 43.6193
260 43.0464
265 44.3362
270 43.6549
275 43.6582
280 42.2458
285 43.9836
290 44.3687
295 43.667
300 43.6012
305 43.6306
310 43.0341
315 44.3712
320 43.6424
325 43.6123
330 43.6059
335 43.3337
340 43.9967
345 43.6279
350 43.6112
355 43.6297
360 43.2877
365 44.0477
370 43.5832
375 43.2504
380 43.9626
385 43.0094
390 44.3052
395 43.6342
400 43.6672
405 43.6323
410 43.2255
415 44.0011
420 43.6501
425 43.6555
430 43.6316
435 43.2339
440 43.9135
445 43.6909
450 43.6594
455 43.6475
460 42.6748
465 44.6235
470 43.682
475 43.6098
480 43.6378
485 43.5437
490 43.6804
495 43.6515
500 43.6583
505 43.6484
510 42.9668
515 43.6537
520 44.383
525 43.6567
530 43.6287
535 42.9529
540 43.6125
545 44.3676
550 43.6366
555 43.6503
560 43.6453
565 43.0223
570 44.3419
575 43.6335
580 43.6599
585 43.6541
590 43.6326
595 43.6427
600 43.6446
20 43.7644
25 43.7502
30 43.7211
35 43.7975
40 43.8067
45 43.7296
50 43.6974
55 43.8143
60 43.7316
65 43.7975
70 43.7682
75 43.7381
80 43.1183
85 44.4227
90 43.7752
95 43.7523
100 43.7341
105 43.7287
110 43.8195
115 43.7459
120 43.7473
125 43.7886
130 43.3765
135 44.1109
140 43.7626
145 43.7957
150 43.7548
155 43.4498
160 44.0216
165 43.795
170 43.7657
175 43.768
180 43.4509
185 44.0536
190 43.7783
195 43.7878
200 43.7524
205 43.7782
210 43.7572
215 43.7811
220 43.7493
225 43.7849
230 43.791
235 43.781
240 43.771
245 43.7762
250 43.7633
255 43.7534
260 43.737
265 43.7908
270 43.7396
275 43.731
280 43.8
285 43.7734
290 43.7758
295 43.7694
300 43.7779
305 43.7531
310 43.8086
315 43.7307
320 43.7355
325 43.7332
330 43.7524
335 43.7602
340 43.7512
345 43.7739
350 43.7542
355 43.7699
360 43.7647
365 43.741
370 43.7691
375 43.7597
380 43.7703
385 43.6781
390 43.8552
395 43.7863
400 43.7497
405 43.045
410 44.2699
415 43.7947
420 43.8005
425 43.7361
430 43.7634
435 43.0896
440 44.4279
445 43.7777
450 43.742
455 43.7331
460 43.097
465 44.4602
470 43.7921
475 43.761
480 43.7897
485 43.377
490 44.092
495 43.7855
500 43.7941
505 43.7594
510 43.679
515 43.8457
520 43.771
525 43.7633
530 43.7342
535 43.7112
540 43.79
545 43.7681
550 43.7592
555 42.3896
560 44.9353
565 43.739
570 43.7563
575 43.7714
580 43.7669
585 43.7657
590 43.8202
595 43.7456
600 43.7598
5 0
10 43.2528
15 43.6998
20 43.7223
25 43.7016
30 43.685
35 43.7105
40 43.7021
45 43.7271
50 43.7205
55 43.7467
60 43.7057
65 43.6931
70 43.7345
75 43.6958
80 43.4336
85 43.9813
90 43.7159
95 43.7203
100 43.7142
105 43.019
110 44.3457
115 43.7066
120 43.7112
125 43.7179
130 42.7373
135 44.6555
140 43.7389
145 43.7371
150 43.7526
155 43.7158
160 43.692
165 43.7114
170 43.7203
175 43.7431
180 44.4095
185 43.1255
190 43.6964
195 43.681
200 43.7332
205 43.0138
210 44.2912
215 43.6556
220 43.7318
225 43.7221
230 43.7261
235 43.6853
240 43.6712
245 43.7306
250 43.6835
255 43.6978
260 43.6563
265 43.7493
270 43.7356
275 43.7364
280 43.6972
285 43.715
290 43.7104
295 43.7061
300 43.7166
305 43.704
310 43.7342
315 43.6698
320 43.6604
325 43.6903
330 43.7221
335 43.6917
340 43.6803
345 44.0299
350 43.7023
355 43.725
360 43.7399
365 43.716
370 43.6997
375 43.6568
380 43.4332
385 43.9875
390 43.6939
395 43.6871
400 43.706
405 43.7329
410 43.434
415 44.0386
420 43.72
425 43.7272
430 43.6756
435 43.3663
440 44.0682
445 43.6938
450 43.6886
455 43.7164
460 43.3221
465 44.3657
470 43.7547
475 43.6923
480 43.7166
485 42.9981
490 44.4172
495 43.0211
500 44.3481
505 43.6991
510 43.3699
515 44.022
520 43.6969
525 43.0012
530 44.3548
535 43.3655
540 44.0053
545 43.7274
550 43.671
555 43.6656
560 43.6711
565 43.7097
570 43.7381
575 43.7145
580 43.7104
585 43.7199
590 43.6998
595 43.7148
600 43.7287
5 0
10 43.7391
15 43.6967
20 43.7246
25 43.7652
30 43.7308
35 43.745
40 43.7162
45 43.7661
50 43.7508
55 43.7241
60 43.7385
65 43.7114
70 43.7692
75 43.7207
80 43.6977
85 43.7106
90 43.7245
95 43.7159
100 42.9719
105 44.3243
110 43.7216
115 43.7505
120 43.7298
125 43.7097
130 43.7649
135 43.709
140 43.757
145 43.7387
150 43.7388
155 43.7093
160 43.7475
165 43.7385
170 43.7405
175 43.7396
180 43.0654
185 45.03
190 43.1954
195 43.729
200 43.7681
205 43.6885
210 43.7899
215 43.7165
220 43.7364
225 43.7596
230 43.6932
235 43.7774
240 43.7489
245 43.7218
250 43.7451
255 43.7768
260 43.7426
265 43.6973
270 43.7119
275 43.7213
280 43.766
285 43.7537
290 43.6931
295 43.7349
300 43.7263
305 43.7477
310 43.7463
315 43.7336
320 43.7176
325 43.7409
330 43.7573
335 43.7684
340 43.7193
345 43.7223
350 43.7531
355 43.7251
360 43.7262
365 43.7334
370 44.0621
375 43.4441
380 43.7162
385 43.7492
390 43.7389
395 43.7307
400 42.9662
405 44.3891
410 43.7387
415 43.7154
420 43.7398
425 43.7532
430 43.7174
435 43.6971
440 43.7269
445 43.7063
450 43.7045
455 43.6892
460 43.7499
465 43.7585
470 43.7443
475 43.7125
480 43.7319
485 43.4058
490 44.0091
495 43.7195
500 43.708
505 43.763
510 43.7056
515 43.7398
520 43.7694
525 43.7176
530 43.7229
535 43.7522
540 43.7665
545 43.7564
550 43.7388
555 43.7321
560 43.7219
565 43.7078
570 43.7433
575 43.7264
580 43.7544
585 43.7462
590 43.76
595 43.7315
600 43.7208
5 36.2376
10 48.4957
15 43.6929
20 43.7372
25 43.7153
30 43.6829
35 43.7262
40 43.7501
45 43.7336
50 43.7142
55 43.6849
60 43.7061
65 43.7415
70 43.7184
75 43.7341
80 43.6939
85 43.7273
90 43.7311
95 43.7109
100 43.7243
105 42.7886
110 44.6645
115 43.7128
120 43.6968
125 43.6958
130 43.2658
135 43.4957
140 44.2972
145 43.7324
150 43.7401
155 43.1578
160 44.3914
165 43.7177
170 43.7153
175 43.7036
180 43.1372
185 44.357
190 43.7139
195 43.7149
200 43.7199
205 42.4876
210 45.0157
215 43.7361
220 43.7293
225 42.3053
230 44.7361
235 44.0594
240 43.7028
245 43.7018
250 43.7136
255 43.3275
260 44.1077
265 43.7053
270 43.7166
275 43.7143
280 43.6834
285 43.7359
290 43.6969
295 43.7011
300 43.7081
305 43.7358
310 43.6849
315 43.7343
320 43.7308
325 43.6799
330 43.7075
335 43.7436
340 43.7149
345 43.6746
350 43.7227
355 43.7008
360 43.7582
365 43.7193
370 43.7577
375 43.7458
380 43.7263
385 43.7139
390 43.7379
395 43.7008
400 43.0339
405 44.3663
410 43.119
415 44.3711
420 43.6954
425 43.6754
430 43.7337
435 43.6636
440 43.0693
445 44.3311
450 43.7258
455 43.7222
460 43.1018
465 44.1578
470 43.9836
475 43.7307
480 43.6913
485 42.5179
490 45.0969
495 43.3829
500 44.0263
505 43.7201
510 42.7151
515 44.7336
520 43.7049
525 44.0077
530 43.7378
535 42.5075
540 44.9924
545 43.7262
550 43.7457
555 43.7062
560 43.0114
565 44.3169
570 43.6701
575 43.7479
580 43.6882
585 43.1046
590 44.3212
595 43.7522
600 43.6911
5 43.8603
10 44.1174
15 43.8018
20 43.7987
25 43.7874
30 43.5311
35 44.141
40 43.8011
45 43.7606
50 43.8964
55 43.8731
60 43.8132
65 43.8164
70 43.8057
75 43.85
80 43.149
85 44.4127
90 43.8438
95 43.852
100 43.8601
105 43.8241
110 43.7938
115 43.8244
120 43.8247
125 43.804
130 43.7555
135 43.2374
140 44.4542
145 43.8257
150 43.8292
155 43.8213
160 43.8367
165 43.8234
170 43.818
175 43.7883
180 43.8423
185 43.7811
190 43.7771
195 43.777
200 43.8308
205 43.8386
210 43.8146
215 43.8018
220 43.848
225 43.8125
230 43.8109
235 43.8112
240 43.8135
245 43.8489
250 43.829
255 43.8022
260 43.8176
265 43.7905
270 43.8261
275 43.8134
280 43.4829
285 44.0952
290 43.8102
295 43.8067
300 43.7896
305 43.5328
310 43.4824
315 43.8681
320 43.774
325 43.7978
330 43.4653
335 44.1189
340 43.8291
345 43.7886
350 44.1111
355 43.8453
360 43.4811
365 44.0903
370 43.814
375 43.8307
380 43.8287
385 43.1411
390 44.4443
395 43.806
400 43.7857
405 43.8025
410 43.4418
415 44.1402
420 43.7979
425 43.8258
430 43.7979
435 43.7848
440 43.7969
445 43.8168
450 43.8217
455 43.8172
460 43.7565
465 43.8362
470 43.8052
475 43.8032
480 43.8134
485 43.7523
490 43.8372
495 43.7865
500 43.8168
505 43.769
510 43.8238
515 43.8088
520 43.8064
525 43.7977
530 43.7882
535 43.7957
540 43.7766
545 43.8323
550 43.7397
555 43.7995
560 43.7869
565 43.8165
570 43.8041
575 43.8078
580 43.8039
585 43.1791
590 44.3623
595 43.8115
600 43.8138
5 43.663
10 43.662
15 43.6708
20 43.685
25 43.6793
30 43.3617
35 43.9457
40 43.6241
45 43.6827
50 43.6782
55 43.6967
60 43.6722
65 43.6924
70 43.6623
75 43.6578
80 42.7091
85 44.6484
90 43.692
95 43.709
100 43.6786
105 43.2936
110 44.0347
115 43.692
120 43.682
125 43.6761
130 42.9955
135 44.2967
140 43.6708
145 43.677
150 43.675
155 43.662
160 43.7117
165 43.6974
170 43.6873
175 43.6693
180 43.6683
185 43.6883
190 43.6524
195 43.677
200 43.6758
205 43.6814
210 43.6941
215 43.694
220 43.68
225 43.6597
230 43.6686
235 43.6643
240 43.6702
245 43.66
250 43.6815
255 43.6825
260 43.6717
265 43.6774
270 43.6764
275 43.6758
280 43.6827
285 43.663
290 43.6418
295 43.6612
300 43.6636
305 43.6669
310 43.6892
315 43.6857
320 43.7059
325 43.6809
330 43.7068
335 43.6943
340 43.6537
345 43.6689
350 43.6451
355 43.641
360 43.6751
365 43.6723
370 43.6909
375 43.6893
380 43.7212
385 43.6626
390 43.6485
395 43.6756
400 43.7159
405 43.7408
410 43.3026
415 43.9676
420 43.6731
425 43.6643
430 43.6925
435 43.3474
440 43.9641
445 43.6854
450 43.6656
455 43.6985
460 43.6189
465 43.7473
470 43.6952
475 43.7221
480 43.6867
485 43.684
490 43.6976
495 43.6798
500 43.6638
505 43.6799
510 43.649
515 43.6207
520 43.638
525 43.6784
530 43.6661
535 43.2533
540 44.2713
545 43.7082
550 43.6779
555 43.6765
560 43.6971
565 43.6699
570 43.6979
575 43.6872
580 43.677
585 43.6668
590 43.648
595 43.6845
600 43.6665
5 0
10 43.9887
15 43.3884
20 43.7475
25 43.7238
30 43.7229
35 43.708
40 43.7265
45 43.7047
50 43.687
55 43.7065
60 43.7441
65 43.7008
70 43.7132
75 43.6904
80 43.7123
85 43.7381
90 43.6984
95 43.7243
100 43.7054
105 43.7272
110 43.7661
115 43.7067
120 43.7121
125 43.7304
130 43.31
135 44.0355
140 43.6994
145 43.6851
150 43.7192
155 43.3236
160 44.081
165 43.7468
170 43.6958
175 43.7315
180 43.3463
185 44.0382
190 43.7186
195 43.7061
200 43.6945
205 43.3732
210 44.0211
215 43.687
220 43.6881
225 43.7403
230 43.7014
235 43.7243
240 43.6834
245 43.6951
250 43.7088
255 43.7115
260 43.6897
265 43.6822
270 43.0401
275 43.71
280 43.7039
285 43.7115
290 43.6684
295 43.7166
300 43.7231
305 43.7259
310 43.7098
315 43.7003
320 43.7466
325 43.7343
330 43.7457
335 43.7424
340 43.6882
345 43.7337
350 43.739
355 43.6709
360 43.718
365 43.7087
370 43.7017
375 43.7285
380 43.6683
385 43.7525
390 43.739
395 43.7426
400 43.6867
405 43.6952
410 43.7375
415 43.7322
420 43.6907
425 43.7284
430 43.7544
435 43.7125
440 43.7743
445 43.7071
450 43.6715
455 43.7177
460 43.0872
465 44.3315
470 43.7103
475 43.6696
480 43.6775
485 43.322
490 44.0868
495 43.7231
500 43.7252
505 43.7233
510 43.339
515 44.0862
520 43.6791
525 43.7596
530 43.7192
535 43.3712
540 43.9302
545 43.7062
550 43.7083
555 43.7284
560 43.7186
565 43.7048
570 43.7483
575 43.7138
580 43.7288
585 43.709
590 43.7469
595 43.6751
600 43.7178
5 37.5743
10 43.2043
15 43.7177
20 43.6976
25 43.7308
30 43.4137
35 44.1009
40 43.6925
45 43.6924
50 43.7171
55 43.7021
60 43.7269
65 43.73
70 43.722
75 43.0641
80 44.027
85 44.0676
90 43.7327
95 43.6935
100 43.7245
105 43.6849
110 43.7323
115 43.7014
120 43.7229
125 43.37
130 43.1159
135 44.6431
140 43.7029
145 43.6974
150 43.6789
155 42.4861
160 45.0712
165 43.7791
170 43.711
175 43.7622
180 42.8058
185 44.5878
190 43.6781
195 43.6579
200 43.7206
205 42.3494
210 44.8789
215 43.704
220 43.7167
225 43.6978
230 42.3095
235 44.9145
240 43.7013
245 43.6975
250 43.7322
255 42.6607
260 44.5991
265 43.7143
270 43.7461
275 43.7389
280 42.9501
285 44.2751
290 43.6758
295 43.7119
300 43.7034
305 43.2927
310 44.0086
315 43.7085
320 43.6975
325 43.7205
330 43.2925
335 43.9988
340 43.7357
345 43.7294
350 43.7342
355 42.9789
360 44.2575
365 43.726
370 43.7142
375 43.7252
380 43.3309
385 43.9937
390 43.6831
395 43.6846
400 43.7079
405 43.3325
410 44.178
415 43.7425
420 43.6945
425 43.7292
430 42.936
435 44.2878
440 43.763
445 43.6795
450 43.7239
455 43.3428
460 43.6711
465 44.0917
470 43.7382
475 43.735
480 43.0349
485 43.6517
490 44.4184
495 43.7022
500 43.7327
505 43.1022
510 43.8795
515 44.0851
520 43.71
525 43.7036
530 43.3743
535 43.7072
540 44.1127
545 43.7046
550 43.717
555 43.3335
560 43.3305
565 44.469
570 43.7399
575 43.7306
580 43.7047
585 42.8006
590 44.6268
595 43.7743
600 43.6855
