5 31.0082675676
10 43.1263744681
15 43.7272
20 43.714788
25 43.745572
30 43.5895857143
35 43.8616428571
40 43.721582
45 43.730938
50 43.763784
55 43.5343612245
60 43.89875
65 43.748214
70 43.715212
75 43.67736
80 43.492174
85 44.011128
90 43.731734
95 43.7374
100 43.668682
105 43.548086
110 43.9319897959
115 43.793794
120 43.733526
125 43.718536
130 43.421758
135 43.9467755102
140 43.80151
145 43.73092
150 43.744986
155 43.490514
160 43.885808
165 43.768336
170 43.766492
175 43.73795
180 43.405222449
185 43.993452
190 43.759798
195 43.694072
200 43.760558
205 43.44697
210 43.9219408163
215 43.7680244898
220 43.721962
225 43.705018
230 43.4643020408
235 43.95059
240 43.781
245 43.733938
250 43.699804
255 43.447044
260 43.9314
265 43.7862367347
270 43.717472
275 43.732928
280 43.515752
285 43.747626
290 43.871326
295 43.732622
300 43.72596
305 43.61343
310 43.727204
315 43.840474
320 43.738316
325 43.717964
330 43.644256
335 43.7066081633
340 43.8398367347
345 43.722894
350 43.757794
355 43.666708
360 43.618022
365 43.8879979592
370 43.72632
375 43.719002
380 43.7111734694
385 43.6422795918
390 43.838574
395 43.74361
400 43.711106
405 43.610882
410 43.661634
415 43.916202
420 43.733852
425 43.740844898
430 43.701592
435 43.604476
440 43.804344
445 43.834062
450 43.729048
455 43.696594
460 43.5518509804
465 43.86881875
470 43.79161
475 43.732734
480 43.6786020833
485 43.575488
490 43.893816
495 43.720664
500 43.757248
505 43.696054
510 43.5854306122
515 43.8443959184
520 43.787602
525 43.72352
530 43.68593
535 43.6434098039
540 43.8067020833
545 43.82707
550 43.682696
555 43.6897816327
560 43.695116
565 43.73723
570 43.8390693878
575 43.737752
580 43.719064
585 43.6596509804
590 43.6859795918
595 43.8776
600 43.702236
