5 43.6737
10 43.681
15 43.669
20 43.6816
25 43.6838
30 43.6837
35 43.6653
40 43.6644
45 43.725
50 42.9966
55 44.2831
60 43.7232
65 43.6554
70 43.6973
75 42.3182
80 44.3249
85 44.3297
90 43.6727
95 43.6512
100 43.6648
105 43.5714
110 43.4288
115 44.3703
120 43.7244
125 43.6904
130 43.6257
135 43.7051
140 43.7196
145 43.692
150 43.6782
155 43.7203
160 43.6781
165 43.7057
170 43.6738
175 43.6725
180 43.6935
200 29.3997
205 28.5688
230 27.9981
250 29.3964
255 29.4339
280 29.3921
305 29.418
310 29.031
330 29.4074
335 28.7241
355 29.407
360 27.8516
380 29.9106
385 28.5779
405 26.2774
410 31.3019
430 29.4123
435 28.5724
455 30.0659
460 28.5743
465 30.2926
480 29.4094
485 28.7097
505 29.4041
510 28.7371
530 29.4122
535 28.0186
555 28.0079
560 30.2004
565 29.0216
585 29.3967
590 27.841
5 42.158
10 43.4834
15 43.7047
20 43.7337
25 43.7244
30 43.6841
35 43.7238
40 43.7079
45 43.6728
50 43.7175
55 43.6782
60 43.7102
65 43.7266
70 43.7055
75 43.6832
80 43.6964
85 43.715
90 43.6737
95 43.7064
100 42.9741
105 43.9041
110 44.0732
115 43.6957
120 43.6848
125 43.6802
130 43.0775
135 44.2306
140 43.6893
145 43.7207
150 43.7035
155 43.0887
160 44.2761
165 43.7086
170 43.7192
175 43.7081
180 43.328
185 25.0836
200 23.4837
205 22.9383
210 23.5557
225 23.4877
230 22.9376
235 24.0029
255 22.9286
260 23.9856
280 22.9339
285 23.9735
305 22.9437
310 23.992
330 22.9494
335 23.9909
355 22.9276
360 23.9965
380 22.9478
385 23.993
405 22.5936
410 24.273
430 22.0568
435 24.6132
455 23.4886
460 23.2571
465 23.716
480 23.4865
485 23.1702
490 23.7717
505 23.4834
510 22.9276
515 24.0002
530 23.4656
535 22.9352
540 23.1861
560 22.9324
565 23.9847
580 23.4826
585 22.9398
590 23.9912
5 35.4783
10 43.743
15 43.7634
20 43.7794
25 43.7653
30 43.7696
35 43.7511
40 43.768
45 43.7174
50 43.725
55 43.7454
60 43.7422
65 43.7577
70 43.76
75 43.7707
80 43.7372
85 43.7738
90 43.7658
95 43.7845
100 43.7378
105 43.7526
110 43.7556
115 43.7792
120 43.7904
125 43.7516
130 43.7521
135 43.769
140 43.6943
145 43.7433
150 43.7654
155 43.7806
160 43.0359
165 44.4152
170 43.7424
175 43.7718
180 43.77
185 28.1894
205 29.4375
210 28.6024
230 29.5717
235 28.6088
255 27.8554
260 30.1056
285 28.6021
310 30.5837
315 30.2055
335 28.588
340 30.1914
360 28.5922
385 28.6041
390 30.2041
410 28.5758
415 30.1852
435 32.0066
440 28.7629
460 29.4498
465 28.9046
470 29.9268
490 30.3556
495 29.4272
515 28.6088
520 29.7019
530 30.0762
540 28.5963
545 30.1929
555 28.584
565 28.583
570 29.5712
580 31.1983
590 28.5865
595 30.2028
5 28.682
10 41.6742
15 43.6668
20 43.6699
25 43.6969
30 43.6948
35 43.6368
40 43.6622
45 43.0058
50 44.3449
55 43.3025
60 43.9469
65 43.6981
70 43.6926
75 43.6508
80 43.3092
85 43.9552
90 43.6736
95 43.6792
100 43.6625
105 43.7026
110 43.7053
115 43.7277
120 43.6704
125 43.6665
130 42.9512
135 44.2536
140 43.6767
145 43.6841
150 43.6935
155 43.2644
160 44.0124
165 43.697
170 43.7009
175 43.6492
180 43.6164
185 30.1784
205 27.8528
210 30.793
230 26.4137
235 31.0655
255 28.8779
260 27.8256
280 29.4229
285 28.5877
305 29.4164
310 28.561
330 28.8853
335 29.6791
360 28.5918
365 30.1737
385 28.5946
410 28.588
435 29.2979
440 29.5358
460 27.6957
465 30.3506
485 30.178
490 29.4011
510 29.2854
515 29.047
535 29.4134
540 28.7528
560 30.0747
565 28.7284
585 29.9261
590 27.6791
5 44.0075
10 43.6887
15 43.6656
20 43.6789
25 43.7162
30 43.7106
35 43.7517
40 43.7129
45 43.692
50 43.6995
55 43.6915
60 43.7025
65 43.7185
70 43.7091
75 43.7086
80 43.714
85 43.7212
90 43.6953
95 43.7089
100 43.7359
105 43.3637
110 44.0269
115 43.6868
120 43.7158
125 43.7388
130 43.0807
135 44.3264
140 43.7239
145 43.6819
150 43.7273
155 43.0693
160 44.3441
165 43.7225
170 43.707
175 43.6973
180 43.3406
200 29.3952
205 28.5728
225 29.404
230 28.5692
250 28.3312
255 29.66
280 28.5512
305 28.5867
310 30.1717
330 28.5791
335 30.1772
355 29.4036
360 29.427
380 30.7884
405 27.8393
410 30.7968
430 27.8265
435 30.204
455 29.4184
460 28.5829
480 29.4159
485 28.0027
510 28.7407
535 28.7331
555 28.0264
560 29.947
585 28.5653
10 43.814
15 43.7904
20 43.8225
25 43.774
40 43.7869
45 43.3987
50 44.1786
60 43.7901
65 43.7667
70 43.7581
75 43.0083
80 43.7287
85 44.4478
90 43.7797
95 43.8087
100 43.7978
105 43.1861
110 44.4153
115 43.7736
120 43.8313
125 43.7777
130 43.4572
135 44.0887
140 43.8275
145 43.8019
150 44.0666
155 43.4619
160 44.0888
165 43.7982
170 43.8217
175 43.7902
185 29.8723
190 29.9845
195 29.4782
210 30.9469
215 29.4439
220 29.465
5 35.2979
10 44.0153
15 43.7589
20 44.0572
25 43.7311
30 43.7616
35 43.7224
40 43.7281
45 43.7624
50 43.7209
55 43.113
60 44.3857
65 43.7132
70 43.7204
75 43.7211
80 43.0754
85 44.384
90 43.7319
95 43.7351
100 43.7132
105 43.7387
110 43.1176
115 44.4036
120 43.7353
125 43.7493
130 43.7698
135 43.7531
140 43.7262
145 43.7576
150 43.7309
155 43.7362
160 43.7488
165 43.7312
170 43.7458
175 43.7
180 43.7431
185 23.5448
205 22.701
210 24.2166
230 23.4893
235 23.4852
255 22.6265
260 24.1352
280 23.4781
285 23.0368
305 23.4847
310 23.7998
330 23.5103
335 23.7687
355 23.4978
360 23.7788
385 23.6588
410 24.2699
430 22.3506
435 24.2276
460 23.5568
465 23.6766
485 23.1794
490 23.7899
510 23.008
515 23.9552
535 22.9465
540 24.0506
560 23.4927
565 23.5592
585 23.4851
590 22.9379
10 40.7077
15 44.3611
20 43.7818
25 43.7556
30 43.7765
35 43.7574
40 43.7602
45 43.7949
50 43.8154
55 43.763
60 43.7893
65 43.7716
70 43.7477
75 43.8178
80 43.0524
85 44.5027
90 43.8426
95 43.7901
100 44.0725
105 42.8212
110 44.7195
115 43.7999
120 43.7604
125 43.7642
130 43.0919
135 44.4548
140 43.7655
145 43.7672
150 43.7491
155 43.6611
160 43.911
165 43.7721
170 43.8049
175 43.7595
180 43.4235
205 28.6034
210 30.2039
230 28.6144
235 30.2229
255 30.2404
260 30.2322
280 29.9667
285 30.7082
305 29.4431
310 28.8915
330 29.4501
335 28.345
355 29.4692
360 29.587
380 29.4341
385 29.0716
410 28.9041
435 28.9141
455 28.7608
460 29.9409
485 29.978
490 30.228
510 28.6016
515 30.2347
535 28.6079
540 30.2336
560 28.0485
565 30.7019
585 28.4532
590 30.4707
20 43.6734
25 43.0735
30 43.9845
35 43.4917
40 43.0798
45 44.3376
50 43.7368
55 43.3073
60 44.0438
65 43.6995
70 43.7068
75 43.7123
80 43.7568
85 43.7359
90 43.737
95 43.7159
100 43.7224
105 42.9297
110 44.2741
115 43.727
120 43.7058
125 43.7397
130 43.665
135 43.722
140 43.7296
145 43.6959
150 43.7555
155 43.3311
160 44.0759
165 43.6975
170 43.7064
175 43.7272
180 43.691
185 24.106
195 23.5857
205 22.6878
210 24.0094
235 24.0035
240 23.5003
260 23.9896
265 23.4735
285 24.2144
290 23.6933
310 22.882
315 24.0439
335 22.9287
340 23.7797
345 23.7057
360 22.9376
365 23.9893
385 22.9274
390 23.9974
410 22.9358
415 23.9784
435 23.6441
440 23.9769
465 24.4171
490 23.7831
495 23.4648
515 23.9942
520 23.4801
540 23.9974
545 23.4836
565 23.1791
570 23.7589
590 22.9206
595 23.9741
20 42.2749
25 44.7996
30 44.0856
35 43.4947
40 43.7947
45 44.0601
50 44.1306
55 43.7687
60 43.8256
65 43.7987
70 43.8051
75 43.8047
80 43.4625
85 44.1149
90 43.7641
95 43.8264
100 43.4254
105 43.5044
110 44.4728
115 43.7681
120 43.7688
125 43.7965
130 42.8696
135 44.6533
140 43.8093
145 43.8162
150 43.7889
155 43.4024
160 44.157
165 43.7735
170 43.7567
175 43.7298
180 43.1458
185 30.2298
205 29.1582
210 30.2037
225 28.6126
230 30.1093
235 30.2191
255 29.8147
260 30.2278
280 28.6178
285 29.5902
305 28.6105
310 29.696
330 28.6185
335 30.0717
355 29.4552
360 29.4492
380 29.9725
385 28.7682
390 30.1022
405 29.9563
410 29.6035
415 29.3094
430 29.4461
435 28.9288
440 29.9838
455 29.4682
460 28.0461
465 30.1149
480 29.4544
485 29.065
490 29.864
510 29.1589
515 30.2578
535 29.8657
540 30.2312
560 29.9888
565 30.2192
585 28.6195
590 30.2243
5 0
10 43.5125
15 43.7515
20 43.754
25 43.7006
30 43.711
35 43.7889
40 43.7621
45 43.7623
50 43.7462
55 43.7597
60 43.7919
65 43.7487
70 43.7703
75 43.7449
80 43.7903
85 43.7776
90 43.7564
95 43.7019
100 43.7451
105 43.7512
110 43.769
115 43.7363
120 43.7534
125 43.7264
130 43.7549
135 43.7555
140 43.7356
145 43.7165
150 43.7816
155 43.7587
160 43.7116
165 43.7367
170 43.7315
175 43.7758
180 43.7399
185 24.0922
205 23.1867
210 24.0319
230 23.5044
235 23.7425
255 22.3648
260 24.3072
280 23.5111
285 22.4525
305 23.4274
310 21.6394
330 23.5077
335 23.0366
355 23.5271
360 22.9617
385 23.2111
405 23.5263
410 22.9846
430 23.5208
435 22.959
460 22.723
465 24.4562
485 22.95
490 24.2497
510 23.1867
515 24.0293
535 28.3447
540 28.753
560 29.4177
565 28.7231
585 29.4318
590 29.5603
5 29.136
10 41.9257
15 43.7704
20 43.7384
25 43.7562
30 43.7398
35 43.7604
40 43.7392
45 43.72
50 43.7625
55 43.7499
60 43.7657
65 43.7234
70 43.7391
75 43.7477
80 43.0662
85 44.3398
90 43.7252
95 43.7234
100 43.7237
105 43.4277
110 44.0631
115 43.7115
120 43.722
125 43.7314
130 43.0629
135 44.3528
140 43.7452
145 43.7243
150 43.7489
155 43.3864
160 44.0821
165 43.7401
170 43.7803
175 43.7546
180 43.734
205 28.5758
230 28.5796
255 28.5864
260 30.1732
280 29.9718
305 29.9407
310 30.1929
5 0
10 43.4974
15 43.7566
20 43.7618
25 43.7529
30 43.7709
35 43.7443
40 43.7609
45 43.7118
50 43.6399
55 43.6999
60 43.7846
65 43.7831
70 43.7441
75 43.0155
80 43.9413
85 44.0936
90 43.7624
95 43.7683
100 43.7313
105 43.0512
110 44.4878
115 43.7281
120 43.7686
125 43.7674
130 44.0126
135 43.7844
140 43.7237
145 43.7603
150 43.713
155 43.7722
160 43.6932
165 43.7696
170 43.7362
175 43.7601
180 43.2807
185 24.5426
205 22.9443
210 24.2185
230 22.7162
235 24.2524
240 23.4432
255 23.6678
260 24.2387
280 23.1132
285 24.221
305 23.4516
310 23.5841
315 23.4996
330 22.7144
335 24.3895
340 23.3328
355 23.5153
360 23.9631
365 23.0226
380 23.513
385 23.9103
390 23.1064
405 23.512
410 23.6813
415 23.3557
435 23.7486
440 23.7966
455 23.0521
460 23.3696
465 23.8064
480 23.646
485 22.9488
490 24.0327
510 23.1926
515 24.0268
535 23.51
540 23.8013
560 23.2025
565 24.0211
585 23.9425
590 24.0212
595 23.0346
5 0
10 43.2218
15 43.6387
20 43.6405
25 43.6704
30 43.2645
35 44.0012
40 43.6688
45 43.6599
50 43.6814
55 43.0857
60 44.2503
65 43.6971
70 43.6401
75 43.6249
80 43.5941
85 43.6323
90 43.6523
95 43.6583
100 43.6918
105 43.7288
110 43.666
115 43.6422
120 43.6561
125 43.6677
130 43.7028
135 43.6813
140 43.6713
145 43.686
150 43.6785
155 43.9875
160 43.37
165 43.656
170 43.702
175 43.653
180 43.9643
185 29.506
205 30.7678
210 29.3916
230 28.7126
235 30.0137
255 27.8037
260 30.614
280 29.3948
285 28.8401
305 28.8739
310 29.3994
330 29.3961
335 29.1115
355 29.3948
360 28.6974
385 28.5476
405 29.3897
410 28.5746
435 28.4055
440 30.1441
460 30.0469
465 30.2791
485 29.3929
490 29.4117
510 29.8895
515 29.5095
535 28.6988
540 30.1603
560 30.0397
565 28.715
585 28.8817
590 29.5273
5 43.7255
10 43.7143
15 43.6706
20 43.7012
25 43.7341
30 43.7247
35 43.7161
40 43.6988
45 43.6914
50 43.7443
55 43.7163
60 43.7528
65 43.7684
70 43.7139
75 43.703
80 43.6749
85 43.666
90 43.7088
95 43.7006
100 43.6959
105 43.9856
110 43.4395
115 43.7123
120 43.7307
125 43.7226
130 43.7047
135 43.7346
140 43.7111
145 43.6777
150 43.7093
155 43.7016
160 43.6944
165 43.0604
170 44.3524
175 43.7268
180 43.6991
200 29.4354
205 28.5772
230 29.6537
250 29.409
255 28.4083
280 28.4431
305 28.5718
310 30.1985
330 29.424
335 29.4191
355 28.0185
360 30.6839
380 27.2568
385 31.2782
405 29.4197
410 29.4243
430 29.43
435 29.2652
455 27.239
460 30.3017
480 29.4153
485 28.8944
505 28.3261
510 29.4934
535 29.8101
560 28.5641
585 28.5844
5 35.3825
10 43.7092
15 43.7223
20 43.7326
25 43.7018
30 43.7256
35 43.6892
40 43.7474
45 43.7465
50 43.7312
55 43.6821
60 43.6866
65 43.7118
70 43.6936
75 43.7387
80 43.7343
85 43.6854
90 43.7068
95 43.7722
100 43.7089
105 43.6939
110 43.6645
115 43.7127
120 43.6677
125 43.7092
130 43.6919
135 43.7023
140 43.7205
145 43.6749
150 43.7117
155 43.6836
160 43.7143
165 43.6983
170 43.6799
175 43.738
180 43.7426
200 29.4247
205 26.8939
230 29.8096
255 28.5703
280 29.4134
305 29.131
310 30.6869
330 29.4217
335 30.6762
355 28.588
360 30.3268
380 28.5834
385 30.1879
405 27.2229
410 31.2383
430 27.6427
435 30.3002
455 27.6722
460 30.2958
480 26.4393
485 31.8252
505 29.4111
510 29.4411
530 29.4195
5 43.7428
10 43.7274
15 43.7474
20 43.7565
25 43.7669
30 43.7538
35 43.7859
40 43.776
45 43.7727
50 43.7787
55 43.7772
60 43.7677
65 43.7609
70 43.7525
75 43.7685
80 44.0025
85 43.7984
90 43.7341
95 43.7599
100 42.9921
105 44.295
110 43.7911
115 43.757
120 43.7519
125 43.7105
130 43.7501
135 43.7397
140 43.7056
145 43.7325
150 43.7892
155 43.7481
160 43.7541
165 43.7476
170 43.7118
175 43.7495
180 43.7656
185 24.2158
205 22.6169
230 22.6234
235 24.2858
255 22.952
260 23.9889
285 24.0106
310 24.0654
330 23.5183
335 23.5108
360 24.0127
385 23.4941
405 22.5143
410 24.6514
435 23.5044
460 22.9932
480 22.268
485 24.3269
510 23.4368
535 22.6164
540 24.2795
565 24.0198
585 23.6773
590 24.0064
5 42.165
10 44.6728
15 43.6792
20 43.6536
25 43.6777
30 43.6553
35 43.7204
40 43.7004
45 43.6918
50 43.6384
55 43.6627
60 43.6843
65 43.6869
70 43.743
75 43.6713
80 43.7147
85 43.6925
90 43.6934
95 43.6905
100 43.6599
105 42.9772
110 44.3812
115 43.6887
120 43.699
125 43.7005
130 42.7418
135 43.8592
140 44.2618
145 43.6732
150 43.6555
155 41.8246
160 45.1373
165 43.7006
170 43.7437
175 43.6868
180 42.9977
200 28.8584
205 27.806
225 28.7223
230 28.8755
255 26.6378
260 31.545
280 28.5587
285 29.6894
305 27.9949
310 30.6423
330 27.6364
335 30.8807
355 27.646
360 31.5208
380 26.173
385 31.4169
405 28.2572
410 30.5456
430 28.1719
435 29.4037
460 30.0409
485 29.0123
490 30.0515
510 28.8703
535 30.7496
560 28.7132
585 29.1206
590 30.1504
5 33.6941
10 44.059
15 43.4263
20 44.0262
25 43.7329
30 44.0657
35 43.4353
40 43.6816
45 43.7227
50 43.7337
55 42.8957
60 44.3154
65 43.7462
70 43.7484
75 43.7263
80 42.8821
85 44.3251
90 43.7465
95 43.7621
100 43.7065
105 43.3949
110 44.2794
115 43.7365
120 43.7253
125 43.7473
130 43.715
135 43.7786
140 43.7809
145 43.7654
150 43.7542
155 43.7599
160 43.1258
165 44.4837
170 43.7548
175 43.7325
180 42.1904
185 31.3699
205 29.4302
210 28.4544
230 29.4342
235 28.8836
255 30.5679
260 28.9094
285 29.0509
310 28.7417
335 28.5987
360 28.581
365 30.194
385 28.5837
390 30.1981
410 28.5888
415 30.1934
435 30.8061
440 30.196
460 30.2015
465 29.4294
485 27.8423
490 31.5062
510 29.4314
515 30.2126
535 29.4457
540 29.5711
5 43.7144
10 43.7336
15 43.6961
20 43.6822
25 43.7035
30 43.7204
35 43.75
40 43.7065
45 43.7289
50 43.7056
55 42.3229
60 44.9795
65 43.7034
70 43.7176
75 43.7466
80 42.6689
85 44.6189
90 43.7307
95 43.7475
100 43.7365
105 43.0309
110 43.7202
115 44.349
120 43.6949
125 43.7069
130 42.9454
135 44.378
140 43.7116
145 43.6952
150 43.7128
155 43.0035
160 44.3335
165 43.7372
170 43.7391
175 43.7656
180 42.1753
200 29.5585
205 27.4119
230 28.0119
255 27.8379
275 28.3362
280 29.6778
285 30.3214
305 27.0601
310 31.3618
330 27.4662
335 31.0209
355 28.0089
360 30.6924
380 27.4266
385 30.646
405 26.8622
410 30.3453
430 29.4359
435 29.2823
455 27.8366
460 30.6579
480 28.0097
485 30.0849
510 29.9302
535 29.9541
540 30.1963
560 28.5753
565 30.1985
585 28.4302
590 30.8102
10 41.7252
15 43.7362
20 43.751
25 43.741
30 43.7366
35 43.7619
40 43.7666
45 43.7141
50 43.7493
55 43.7612
60 43.7633
65 43.757
70 43.7239
75 43.737
80 43.7361
85 43.7562
90 43.7554
95 43.7441
100 43.7374
105 43.7272
110 43.741
115 43.7147
120 43.7516
125 43.7508
130 43.7723
135 43.7414
140 43.7479
145 43.7365
150 43.7309
155 43.7632
160 43.7902
165 43.7328
170 43.7397
175 43.7587
180 43.7255
200 28.446
205 29.7131
225 29.4499
230 28.9145
250 29.4445
255 28.7778
280 29.3047
305 29.4656
310 30.097
330 29.9666
335 30.0835
355 29.1843
360 30.2175
380 28.9329
385 30.7136
405 27.7028
410 30.4963
430 27.2589
435 31.3633
455 29.4388
460 29.4272
480 29.4517
485 29.0626
505 29.432
510 28.7479
535 28.7734
560 29.834
585 29.4437
590 29.4391
5 33.1741
10 42.5502
15 43.711
20 43.7011
25 43.7438
30 43.6725
35 43.7665
40 43.7169
45 43.7023
50 43.6913
55 43.1518
60 44.3417
65 43.6998
70 43.6597
75 43.687
80 43.3976
85 44.0259
90 43.6699
95 43.693
100 43.6806
105 42.4312
110 44.9182
115 43.6823
120 43.6932
125 43.7046
130 42.703
135 44.67
140 43.6835
145 43.7155
150 43.704
155 43.3543
160 43.9452
165 43.6683
170 43.701
175 43.6513
180 43.2766
200 29.4335
205 28.7119
225 29.4121
230 28.0392
255 29.0423
275 29.3043
280 30.0559
305 27.691
310 30.9407
330 28.1748
335 30.5622
355 27.2295
360 31.2196
380 28.5906
385 30.1758
405 27.2557
410 31.2964
430 30.06
435 30.9245
455 29.4009
460 29.4143
480 27.6597
485 30.3973
505 25.8194
510 32.1293
530 27.6678
535 30.9038
555 28.0229
560 30.1717
585 30.6141
5 42.032
10 39.7886
15 43.7375
20 43.7376
25 44.0686
30 43.0643
35 43.9654
40 43.7577
45 43.724
50 43.7198
55 42.948
60 44.3223
65 43.7074
70 43.7169
75 43.696
80 42.9353
85 44.3676
90 43.7054
95 43.7454
100 43.7334
105 43.2655
110 44.0329
115 43.7491
120 43.71
125 43.7288
130 43.2733
135 44.0495
140 43.733
145 43.7326
150 43.7153
155 43.3316
160 43.9948
165 43.7156
170 43.6941
175 43.693
180 43.3235
185 30.7442
190 29.4499
205 28.5965
210 30.2082
215 29.433
235 30.6693
5 44.1098
10 43.7242
15 43.7297
20 43.7472
25 43.7557
30 43.7503
35 43.7522
40 43.7301
45 43.7797
50 43.7445
55 43.7898
60 43.7768
65 43.7119
70 43.7445
75 43.7308
80 43.77
85 43.7474
90 43.7351
95 43.7071
100 43.7301
105 43.6718
115 44.3466
120 43.7692
125 43.6875
130 43.7544
135 43.4163
140 44.0533
145 43.7521
150 43.7496
155 43.7333
160 43.3814
165 44.0453
170 43.7629
175 43.7582
180 43.747
185 28.6082
205 29.4336
210 28.5874
230 29.4364
235 28.5979
255 29.4395
260 28.6008
280 30.1126
285 28.5946
310 28.5927
335 28.5849
360 29.1479
385 28.6125
390 30.2002
410 29.9539
415 29.7095
435 28.7422
440 30.218
460 28.038
465 30.0945
485 27.6984
490 30.3587
510 29.4333
515 28.5893
535 29.4386
540 27.8645
560 29.438
565 28.5967
590 29.1541
5 43.6384
10 43.7072
15 43.6586
20 43.6702
25 43.6739
30 43.6937
35 43.7124
40 43.6545
45 43.6873
50 43.6988
55 43.6824
60 43.6485
65 43.6751
70 43.6831
75 43.6898
80 43.653
85 43.6711
90 43.6956
95 43.6739
100 43.7186
105 43.693
110 43.3511
115 44.0731
120 43.688
125 43.7005
130 43.6702
140 43.6903
145 43.6703
150 43.6177
155 43.6555
160 43.424
165 44.0697
170 43.7205
175 43.6694
180 43.7165
185 29.563
205 29.4179
210 29.2481
230 29.4289
235 29.1694
255 28.8969
260 29.4278
280 29.4218
285 28.7386
305 28.169
310 29.8127
330 28.3431
335 29.9461
355 28.8885
360 29.1154
380 26.8496
385 30.7627
405 28.3328
410 29.6551
430 29.4227
435 29.411
455 29.4172
460 29.4177
465 29.55
485 29.434
510 27.651
515 30.5499
535 29.4211
540 29.0325
560 29.4267
565 28.015
585 29.4153
590 28.7377
10 44.3445
15 43.7147
20 43.7287
25 43.7615
30 43.0389
35 44.4143
40 43.7014
45 43.7461
50 43.7535
55 43.4098
60 44.0945
65 43.7393
70 43.7734
75 43.7942
80 43.0753
85 44.2706
90 43.7576
95 43.723
100 43.7053
105 43.7706
110 43.7724
115 43.78
120 43.7198
125 43.7534
130 43.7065
135 43.7077
140 43.7601
145 43.7858
150 43.7534
155 43.7493
160 43.8025
165 43.773
170 43.7274
175 43.7495
180 43.7407
205 28.4174
210 30.3265
230 30.2205
235 29.6048
255 29.4175
260 28.7634
280 29.438
285 27.4222
305 29.4251
310 28.5552
330 29.4491
335 29.4438
355 29.4433
360 29.431
380 28.2129
385 30.1145
405 29.4127
410 28.5952
435 29.5316
460 29.4272
485 28.7499
510 28.0213
535 29.4304
540 29.5698
560 29.4508
565 29.5946
585 29.4208
590 29.5658
5 0
10 41.5912
15 43.6408
20 43.6829
25 43.7064
30 43.6957
35 43.683
40 43.6548
45 43.7092
50 43.7044
55 43.7077
60 43.6933
65 43.6783
70 43.7352
75 43.6338
80 43.7212
85 43.6702
90 43.6543
95 43.6733
100 43.655
105 43.6761
110 43.6481
115 43.704
120 43.7065
125 43.6633
130 43.6726
135 43.674
140 43.7174
145 43.6685
150 43.6682
155 43.6587
160 43.6638
165 43.6386
170 43.7109
175 43.6813
180 43.5785
200 29.4076
205 28.1536
225 29.3987
230 29.0134
250 29.4194
255 26.2174
280 28.5705
300 29.4071
305 28.5725
330 29.2627
355 28.5862
360 30.1966
380 29.244
385 30.1536
405 29.2466
410 30.1821
430 28.166
435 30.6599
455 29.4074
460 29.3981
480 28.8664
485 29.9292
505 29.4302
510 29.4197
530 27.8349
535 30.2873
555 28.5719
560 29.6782
580 29.4129
585 28.5832
5 41.999
10 43.5333
15 43.7635
20 43.7175
25 43.6788
30 43.7957
35 43.6963
40 43.7353
45 43.764
50 44.4016
55 42.5415
60 44.3217
65 43.7371
70 43.7184
75 43.7146
80 43.3722
85 44.0559
90 43.735
95 43.7047
100 43.7003
105 43.7371
110 43.7342
115 43.7009
120 43.742
125 43.707
130 43.3632
135 44.0265
140 43.7079
145 43.7328
150 43.7396
155 43.6881
160 43.7435
165 43.7673
170 43.7206
175 43.7181
180 43.7018
185 24.7363
190 23.502
210 24.01
215 23.5203
235 24.0346
240 23.5165
260 24.0256
265 23.2916
280 23.5096
285 23.4539
290 23.578
310 23.4867
315 23.5026
335 23.5311
340 23.5137
365 23.7428
385 23.1975
390 23.8031
415 24.2438
440 24.5014
465 23.9957
490 24.0004
495 23.5119
515 24.0306
520 23.5098
540 24.0115
545 23.5085
565 30.1963
570 29.4244
590 30.1725
595 29.4084
10 31.1878
15 43.0759
20 43.8227
25 43.8543
30 43.1878
35 44.4172
40 43.8237
45 43.8273
50 43.8517
55 43.8273
60 43.8578
65 43.8327
70 43.4347
75 44.1803
80 43.8496
85 43.7961
90 43.7901
95 43.8
100 43.8313
105 43.8118
110 43.7957
115 43.8183
120 43.8265
125 43.791
130 43.8576
135 43.8042
140 43.8327
145 43.8407
150 43.8575
155 43.868
160 42.9806
165 44.0927
170 44.4656
175 43.8101
180 43.8412
205 29.4621
210 30.241
230 30.1295
235 29.4827
255 29.4751
260 29.4606
280 27.8692
285 30.2212
305 28.3897
310 29.9903
330 29.458
335 29.3048
355 28.9511
360 29.2024
380 29.4562
385 28.6423
405 30.2376
410 28.6196
430 29.4596
435 28.6191
460 27.2674
480 26.0639
485 31.9066
490 29.4585
510 29.4707
515 29.4573
535 29.4537
540 28.7722
560 29.4738
565 29.4624
585 29.4656
590 28.9482
5 35.5436
10 43.8167
15 43.7928
20 43.8383
25 43.7968
30 43.7624
35 43.861
40 43.8246
45 43.8132
50 43.8479
55 43.0456
60 44.4249
65 43.8442
70 43.8292
75 43.8175
80 42.779
85 44.7082
90 43.8289
95 43.8324
100 43.8021
105 43.7378
110 43.8874
115 43.8653
120 43.8175
125 43.8518
130 43.0743
135 44.4078
140 43.8407
145 43.8357
150 43.8102
155 44.219
160 43.5147
165 43.8056
170 43.8563
175 43.834
180 43.7905
205 27.8718
230 27.2909
255 27.8993
260 30.8566
275 28.0538
280 29.1811
285 30.8435
305 28.3105
310 30.8444
330 27.8827
335 30.8349
355 29.4601
360 29.6115
380 29.4704
385 29.7525
405 27.0581
410 30.9496
430 27.0895
435 30.9694
455 26.4967
460 31.6215
480 28.7979
485 30.1286
505 28.9188
510 29.1711
530 27.8849
535 31.0403
540 29.4675
560 29.3233
585 28.6227
5 0
10 43.2351
15 43.7516
20 43.7573
25 43.7384
30 43.4525
35 44.0352
40 43.8082
45 43.7274
50 43.8192
55 43.39
60 44.0789
65 43.7303
70 43.7344
75 43.7315
80 43.425
85 44.0733
90 43.7351
95 43.746
100 43.7304
105 43.3733
110 44.0715
115 43.7645
120 43.7238
125 43.7137
130 42.9935
135 43.8072
140 43.7039
145 43.7592
150 43.7558
155 43.3845
160 44.0808
165 43.7155
170 43.715
175 43.759
180 43.0807
200 29.4069
205 28.7341
225 29.4148
230 28.7153
255 28.5694
275 29.4133
280 28.5892
305 28.5643
330 28.5767
335 30.1908
355 28.6135
360 30.1905
380 29.4039
385 29.4171
405 30.1943
410 29.4112
430 30.4371
435 29.2739
455 27.0446
460 31.3314
480 28.8813
485 28.4264
505 29.4187
510 28.7204
530 29.4056
535 28.5905
560 28.5815
580 30.0696
585 28.5573
5 42.2028
10 45.0045
15 43.7472
20 43.7565
25 43.7108
30 42.4909
35 45.0212
40 43.783
45 43.7585
50 43.7702
55 42.7994
60 44.6742
65 43.7718
70 43.78
75 43.7332
80 42.3903
85 44.8881
90 43.7392
95 43.7819
100 43.7249
105 44.102
110 43.4873
115 43.7446
120 43.7541
125 43.7313
130 43.0172
135 44.0518
140 44.0691
145 43.7232
150 43.7419
155 43.3385
160 44.0309
165 43.757
170 43.7231
175 43.7445
190 29.4145
195 29.4394
215 29.4235
220 29.4272
240 29.4408
245 28.7587
265 29.4154
270 28.7583
290 30.0794
295 29.4575
315 29.2913
320 29.4391
340 29.9581
345 28.8957
370 29.4293
375 29.4415
395 29.4254
420 29.4146
445 28.8927
450 29.9466
470 30.8057
475 29.4487
495 29.4445
500 29.4338
520 29.4283
525 29.2944
545 29.4248
550 29.4332
570 29.2808
575 29.4353
595 29.4364
600 29.4452
5 43.7299
10 43.7802
15 43.7292
20 43.7523
25 43.7418
30 43.7205
35 43.7219
40 43.7202
45 43.7318
50 43.7493
55 43.7545
60 43.7262
65 43.7531
70 43.7553
75 43.7244
80 43.7354
85 43.7249
90 43.7397
95 43.7415
100 43.7054
105 43.7374
110 43.7447
115 43.7436
120 43.7071
125 43.7303
130 43.7292
135 43.7062
140 43.741
145 43.7217
150 43.7364
155 43.7268
160 43.7213
165 43.7267
170 43.6856
175 44.0666
180 42.7205
185 29.9562
190 29.4502
195 29.4381
200 29.4472
205 28.7559
210 30.105
215 29.4456
225 27.4837
230 28.6634
235 31.2395
240 29.9662
250 28.6148
255 29.4162
260 28.2134
265 31.2849
275 29.4226
280 28.6017
285 30.201
290 29.4283
295 29.4206
305 28.5993
310 30.2125
315 29.4166
320 29.5927
330 28.6099
335 30.2104
340 29.4363
345 29.4362
355 29.1731
360 30.2234
365 29.4334
370 28.9029
375 29.9358
385 30.2027
390 29.4225
395 29.4286
410 31.497
415 29.951
420 29.4368
430 29.4374
435 30.2151
440 28.89
445 29.9545
460 30.7084
465 29.4408
470 29.4454
475 28.5919
485 28.8857
490 29.9507
495 29.4338
500 29.4185
510 28.9016
515 29.9603
520 29.4481
525 29.4338
535 29.2868
540 30.0962
545 29.4468
550 29.4391
560 28.6008
565 29.6786
570 29.4438
575 29.4501
585 27.6943
590 30.9048
595 29.4339
600 29.4215
5 43.8147
10 43.7954
15 43.8265
20 43.7862
25 43.8092
30 43.8319
35 43.8128
40 43.8452
45 43.8216
50 43.788
55 43.8317
60 43.7665
65 43.8163
70 43.1761
75 44.5017
80 44.1005
85 43.47
90 43.7955
95 43.8213
100 43.381
105 44.6107
110 43.1545
115 43.8469
120 43.8234
125 43.8105
130 43.5295
135 44.1551
140 43.8547
145 43.8139
150 43.8236
155 43.4255
160 44.1801
165 43.8418
170 43.8004
175 43.7911
180 43.1273
205 29.232
230 28.7888
255 28.6446
260 30.1284
280 28.6152
305 30.7428
310 28.9132
330 29.8472
335 30.267
355 29.3128
360 30.2215
380 28.6099
385 30.2198
405 28.4552
410 30.8376
430 29.4753
435 28.7895
455 29.4975
460 28.6219
480 29.4631
485 29.0718
510 29.6095
530 29.4736
535 29.0796
560 29.3272
585 29.4582
5 43.669
10 43.6927
15 43.704
20 43.6797
25 43.7106
30 43.7419
35 43.6897
40 43.6903
45 43.685
50 43.7144
55 43.7105
60 43.7171
65 43.668
70 43.6586
75 44.4051
80 43.1718
85 43.7126
90 43.693
95 43.6874
100 43.7245
105 43.7053
110 43.7101
115 43.689
120 43.7065
125 43.7128
130 43.6899
135 43.0039
140 44.3445
145 43.7136
150 43.7159
155 43.6947
160 43.6815
165 43.6933
170 43.6638
175 43.7149
180 43.99
200 30.0512
205 29.2509
225 29.3964
230 28.7221
250 29.4051
255 28.5537
275 29.3939
280 28.722
305 28.7198
330 29.118
355 29.792
380 28.4038
405 30.1568
410 30.178
430 29.4148
435 29.4053
455 29.3918
460 29.4002
480 29.4062
485 29.4052
505 27.837
510 31.3887
530 29.3977
535 29.5695
555 29.4121
560 29.5501
580 28.5694
585 29.5197
10 42.9817
15 43.7799
20 43.7939
25 43.7824
30 42.7146
35 44.6357
40 43.82
45 43.7837
50 43.8166
55 43.6954
60 43.2235
65 44.4661
70 43.8282
75 43.8278
80 42.5816
85 44.6564
90 43.7892
95 43.8084
100 43.8041
105 43.3911
110 44.1479
115 43.7681
120 43.802
125 43.8373
130 43.0456
135 44.397
140 43.7742
145 43.7902
150 43.7899
155 42.5493
160 44.5596
165 43.801
170 43.7968
175 43.7742
180 43.7668
205 27.7046
210 30.3239
230 27.8862
235 30.8246
255 27.8772
260 30.3446
280 27.0983
285 31.305
305 27.6882
310 30.4704
330 28.7569
335 29.063
355 28.0325
360 30.4611
380 28.7777
385 29.3208
410 30.2511
435 29.7178
440 28.6774
460 28.6214
485 28.6059
490 30.2284
510 31.5174
515 29.4589
535 28.6193
540 30.1016
560 29.4598
565 29.3177
585 28.6104
590 30.0953
5 35.7092
10 43.4395
15 43.7267
20 43.7496
25 43.7485
30 43.4445
35 44.0094
40 43.759
45 43.7974
50 43.78
55 43.7539
60 43.8056
65 43.7822
70 43.7826
75 43.79
80 43.788
85 43.7483
90 43.7632
95 43.7746
100 43.8035
105 43.7685
110 43.7459
115 43.8019
120 43.7587
125 43.778
130 43.7339
135 43.7902
140 43.776
145 43.7548
150 43.7723
155 43.76
160 43.7527
165 43.7603
170 43.7883
175 43.7879
180 43.7334
185 30.2453
205 26.8726
210 31.4708
235 29.458
260 29.4263
285 31.0033
310 30.1503
335 28.5981
340 30.6936
360 28.6082
365 29.5851
385 29.9832
390 30.1968
410 29.6828
415 30.1833
435 30.3261
440 30.1904
460 29.9414
465 30.2129
485 28.5895
490 30.2267
510 28.5984
515 30.2148
535 28.7893
540 30.0849
565 28.7554
585 28.5964
10 42.3748
15 43.7427
20 43.7333
25 43.7321
30 43.8011
35 43.7229
40 43.7748
45 43.7518
50 43.7252
55 43.7623
60 43.7295
65 43.6946
70 43.734
75 43.4087
80 44.0497
85 43.7732
90 43.7225
95 43.7532
100 43.4153
105 43.4514
110 44.3315
115 43.7148
120 43.7559
125 43.4177
130 44.0188
135 43.7621
140 43.7619
145 43.678
150 43.3859
155 43.6855
160 44.0322
165 43.7917
170 43.7323
175 43.7318
180 43.4664
200 29.4487
205 28.8976
225 30.5508
230 29.6972
250 28.9095
255 27.8317
275 29.421
280 29.0396
300 29.441
305 28.9036
325 28.9041
330 29.303
355 28.7512
360 30.0704
380 28.5998
385 30.2144
405 27.6433
410 30.8877
430 28.5959
435 29.5873
455 28.0178
460 30.1919
480 27.8711
485 30.3385
505 29.4387
510 29.5755
530 27.8427
535 31.3443
555 29.2986
560 29.1994
580 28.1977
585 29.4551
10 42.874
15 44.6547
20 43.6532
25 43.6781
30 43.0882
35 44.3396
40 43.6757
45 43.7102
50 43.6946
55 43.0691
60 44.3527
65 43.6968
70 43.6846
75 43.6986
80 43.6725
85 43.6781
90 43.7085
95 43.6991
100 43.7304
105 43.685
110 43.6735
115 43.664
120 43.6765
125 43.7022
130 43.291
135 44.0832
140 43.6539
145 43.682
150 43.6864
155 43.3229
160 44.0215
165 43.6571
170 43.6863
175 43.6768
185 30.1347
210 30.1599
230 29.2545
235 30.1734
260 30.0308
265 29.5409
285 29.2564
290 30.038
310 28.726
315 29.3943
335 29.1178
340 29.657
360 28.7251
365 30.0518
390 29.957
415 30.1706
435 28.7002
440 29.9118
465 30.1725
490 30.177
515 29.9201
540 30.6704
545 29.3787
565 28.8706
570 29.9126
590 29.5251
595 29.241
5 35.4905
10 44.0646
15 43.7804
20 43.7852
25 43.7359
30 44.0399
35 43.3866
40 43.7524
45 43.778
50 43.7409
55 44.0321
60 43.3859
65 43.773
70 43.755
75 43.7867
80 44.06
85 43.3938
90 43.7666
95 43.7494
100 43.7533
105 43.4744
110 44.0286
115 43.7665
120 43.7837
125 43.7544
130 44.1001
135 43.007
140 44.0504
145 43.7142
150 43.7508
155 43.3407
160 44.1443
165 43.378
170 44.1448
175 43.7349
180 43.082
200 29.4419
205 28.7522
225 29.4282
230 28.6037
255 27.8815
280 28.7494
305 27.6925
330 28.0171
355 27.6773
360 30.9176
380 28.0421
385 30.6813
405 28.027
410 30.6963
430 27.0838
435 31.8709
455 27.8728
460 30.6855
480 27.0869
485 30.827
505 27.8474
510 30.7664
530 28.003
535 30.0749
555 29.4396
560 28.8986
580 28.8982
585 29.3043
10 43.4256
15 43.6734
20 43.7508
25 43.7033
30 43.1474
35 44.2703
40 43.7205
45 43.6998
50 43.7128
55 43.7275
60 43.7047
65 43.7309
70 43.7294
75 43.7169
80 43.4025
85 44.0512
90 43.7078
95 43.7718
100 43.7118
105 43.1124
110 44.352
115 43.7559
120 43.7196
125 43.7012
130 43.4134
135 44.0378
140 43.7022
145 43.7348
150 44.358
155 43.1625
160 43.7015
165 43.7049
170 43.7197
175 43.7338
180 43.3444
200 23.2778
205 23.511
225 23.4981
230 23.4222
250 23.5044
255 22.793
275 23.4992
280 23.4585
300 23.2541
305 23.4325
330 23.4306
355 22.9446
360 24.0013
380 22.9367
385 23.7857
405 22.9555
410 24.4129
430 23.4803
435 23.495
455 23.4794
460 23.4928
480 23.501
485 23.95
505 23.4263
510 23.7845
530 21.4035
535 25.2997
560 22.3433
585 23.7009
10 41.2616
15 43.5943
20 43.6666
25 43.6357
30 42.8865
35 44.2836
40 43.6381
45 43.663
50 43.6259
55 42.839
60 44.2513
65 43.6258
70 43.6647
75 43.0283
80 43.4744
85 44.2988
90 43.6325
95 43.6692
100 43.6442
105 43.2694
110 44.2099
115 43.6491
120 43.6569
125 43.6614
130 42.9342
135 44.1863
140 43.6647
145 43.634
150 43.5838
155 43.646
160 43.6458
165 43.9196
170 43.6051
175 43.6045
180 43.2502
185 24.8795
205 22.9083
210 24.4407
230 22.9032
235 24.3895
255 22.8158
260 23.8037
280 21.3753
285 24.6423
305 23.4664
310 23.9606
330 22.124
335 24.4322
355 23.4485
360 23.3867
380 23.5141
385 23.7519
405 22.9673
410 23.855
415 23.5006
435 23.1323
460 24.0685
465 23.3035
485 23.7369
490 23.4636
510 24.0278
515 23.5253
535 23.4546
540 23.6638
560 23.4486
565 23.4543
585 23.463
590 23.9527
20 43.7644
25 43.7502
30 43.7211
35 43.7975
40 43.8067
45 43.7296
50 43.6974
55 43.8143
60 43.7316
65 43.7975
70 43.7682
75 43.7381
80 43.1183
85 44.4227
90 43.7752
95 43.7523
100 43.7341
105 43.7287
110 43.8195
115 43.7459
120 43.7473
125 43.7886
130 43.3765
135 44.1109
140 43.7626
145 43.7957
150 43.7548
155 43.4498
160 44.0216
165 43.795
170 43.7657
175 43.768
180 43.7787
205 28.6318
225 28.2204
230 29.8686
235 30.1059
255 29.1661
260 30.2093
280 28.4668
285 29.7368
305 28.6191
310 30.2389
330 28.919
335 29.9651
355 28.9242
360 30.6956
380 29.4652
385 28.7554
405 26.2231
410 31.2651
430 29.4535
435 28.7671
455 29.4305
460 28.7795
485 28.7618
510 29.9809
535 28.5985
560 28.6236
585 28.6123
590 30.2517
5 0
10 43.2528
15 43.6998
20 43.7223
25 43.7016
30 43.685
35 43.7105
40 43.7021
45 43.7271
50 43.7205
55 43.7467
60 43.7057
65 43.6931
70 43.7345
75 43.6958
80 43.4336
85 43.9813
90 43.7159
95 43.7203
100 43.7142
105 43.019
110 44.3457
115 43.7066
120 43.7112
125 43.7179
130 42.7373
135 44.6555
140 43.7389
145 43.7371
150 43.7526
155 43.7158
160 43.692
165 43.7114
170 43.7203
175 43.7431
180 42.7942
205 28.8743
210 29.923
230 28.5953
235 30.056
255 29.682
260 30.1638
280 29.8086
285 30.193
305 28.5864
310 30.1961
330 28.5928
335 30.1909
360 30.2088
380 28.4468
385 29.8233
405 29.4404
410 28.7588
435 30.1922
460 28.5849
485 28.733
490 30.0979
510 29.1493
515 30.2003
535 28.5881
540 29.4351
565 29.0445
585 28.5944
590 30.1944
5 0
10 43.7391
15 43.6967
20 43.7246
25 43.7652
30 43.7308
35 43.745
40 43.7162
45 43.7661
50 43.7508
55 43.7241
60 43.7385
65 43.7114
70 43.7692
75 43.7207
80 43.6977
85 43.7106
90 43.7245
95 43.7159
100 42.9719
105 44.3243
110 43.7216
115 43.7505
120 43.7298
125 43.7097
130 43.7649
135 43.709
140 43.757
145 43.7387
150 43.7388
155 43.7093
160 43.7475
165 43.7385
170 43.7405
175 43.7396
180 43.084
200 29.4512
205 28.1905
225 29.448
230 28.7479
255 29.9894
280 28.6075
305 28.5991
330 28.6114
335 30.2223
355 28.5935
360 29.6989
380 28.6011
385 30.219
405 27.8725
410 30.8224
430 29.4351
435 28.7383
455 29.4152
460 28.4652
480 29.4341
485 27.5023
505 29.4488
510 27.0641
535 28.6089
560 28.6028
565 30.1878
590 30.2193
5 36.2376
10 48.4957
15 43.6929
20 43.7372
25 43.7153
30 43.6829
35 43.7262
40 43.7501
45 43.7336
50 43.7142
55 43.6849
60 43.7061
65 43.7415
70 43.7184
75 43.7341
80 43.6939
85 43.7273
90 43.7311
95 43.7109
100 43.7243
105 42.7886
110 44.6645
115 43.7128
120 43.6968
125 43.6958
130 43.2658
135 43.4957
140 44.2972
145 43.7324
150 43.7401
155 43.1578
160 44.3914
165 43.7177
170 43.7153
175 43.7036
180 42.7386
200 30.0864
205 29.0514
230 28.9068
255 28.7547
280 29.2951
285 30.0648
305 29.445
310 29.4254
330 28.5922
335 30.2121
355 28.5917
360 30.2157
380 28.5964
385 30.1954
405 26.904
410 31.5027
430 29.4372
435 29.0372
455 29.4397
460 29.5664
480 29.4325
485 29.6009
505 29.4444
510 29.0274
530 28.9164
535 29.577
555 29.4338
560 29.0277
585 28.6086
590 30.2183
5 43.8603
10 44.1174
15 43.8018
20 43.7987
25 43.7874
30 43.5311
35 44.141
40 43.8011
45 43.7606
50 43.8964
55 43.8731
60 43.8132
65 43.8164
70 43.8057
75 43.85
80 43.149
85 44.4127
90 43.8438
95 43.852
100 43.8601
105 43.8241
110 43.7938
115 43.8244
120 43.8247
125 43.804
130 43.7555
135 43.2374
140 44.4542
145 43.8257
150 43.8292
155 43.8213
160 43.8367
165 43.8234
170 43.818
175 43.7883
180 43.8423
205 28.6416
230 28.6353
235 30.2494
255 28.6309
280 27.2655
285 31.2953
305 29.3513
310 29.6105
330 29.9815
335 29.1022
355 29.3271
360 29.6092
380 29.3253
385 28.957
405 29.4647
410 28.7963
430 28.9358
435 29.3243
455 29.4766
460 28.7739
485 28.6112
510 29.1898
535 28.4641
560 28.6243
585 28.6412
590 30.2385
5 43.663
10 43.662
15 43.6708
20 43.685
25 43.6793
30 43.3617
35 43.9457
40 43.6241
45 43.6827
50 43.6782
55 43.6967
60 43.6722
65 43.6924
70 43.6623
75 43.6578
80 42.7091
85 44.6484
90 43.692
95 43.709
100 43.6786
105 43.2936
110 44.0347
115 43.692
120 43.682
125 43.6761
130 42.9955
135 44.2967
140 43.6708
145 43.677
150 43.675
155 43.662
160 43.7117
165 43.6974
170 43.6873
175 43.6693
180 43.6683
185 25.3128
210 23.9978
235 23.9984
260 23.99
285 23.7616
305 22.925
310 23.9956
315 23.4833
335 23.9994
340 23.4726
360 24.2171
365 23.5331
415 24.2616
435 22.9319
440 23.9845
465 23.9888
490 24.0027
515 23.9634
540 23.9836
565 23.9883
590 23.9903
595 23.4816
5 0
10 43.9887
15 43.3884
20 43.7475
25 43.7238
30 43.7229
35 43.708
40 43.7265
45 43.7047
50 43.687
55 43.7065
60 43.7441
65 43.7008
70 43.7132
75 43.6904
80 43.7123
85 43.7381
90 43.6984
95 43.7243
100 43.7054
105 43.7272
110 43.7661
115 43.7067
120 43.7121
125 43.7304
130 43.31
135 44.0355
140 43.6994
145 43.6851
150 43.7192
155 43.3236
160 44.081
165 43.7468
170 43.6958
175 43.7315
180 43.0735
200 29.3945
205 28.7301
230 29.1108
255 28.5661
280 28.574
305 29.0286
310 30.1726
330 28.5855
335 30.1906
355 28.7158
360 30.0271
380 28.5697
385 30.3082
405 29.9339
410 29.5626
430 27.8477
435 30.4154
455 29.4049
460 28.8791
480 27.6306
485 30.301
505 29.4164
510 25.2605
530 29.4025
535 28.7219
555 30.0551
560 28.563
585 28.5662
5 37.5743
10 43.2043
15 43.7177
20 43.6976
25 43.7308
30 43.4137
35 44.1009
40 43.6925
45 43.6924
50 43.7171
55 43.7021
60 43.7269
65 43.73
70 43.722
75 43.0641
80 44.027
85 44.0676
90 43.7327
95 43.6935
100 43.7245
105 43.6849
110 43.7323
115 43.7014
120 43.7229
125 43.37
130 43.1159
135 44.6431
140 43.7029
145 43.6974
150 43.6789
155 42.4861
160 45.0712
165 43.7791
170 43.711
175 43.7622
180 43.7092
