5 25.3586857143
10 43.4835875
15 44.345125
20 44.6842
25 44.71577
30 44.54177
35 44.79571
40 44.62126
45 44.5737333333
50 44.56253
55 44.28121
60 44.90172
65 44.62016
70 44.64612
75 44.53576
80 44.29225
85 45.0899555556
90 44.61539
95 44.6008222222
100 44.64518
105 44.2731888889
110 44.92955
115 44.84436
120 44.65054
125 44.54347
130 44.3682555556
135 44.82789
140 44.68679
145 44.6170272727
150 44.7173545455
155 44.39242
160 44.8712909091
165 44.7675272727
170 44.68448
175 44.673
180 44.42599
185 26.6804
190 25.345
195 25.3140285714
200 25.5426
205 25.4896333333
210 25.731675
215 25.2860625
220 25.6402857143
225 25.2251428571
230 25.4466666667
235 25.101375
240 25.06488
245 25.39442
250 25.31354
255 25.44902
260 25.5244833333
265 25.3762666667
270 25.4189
275 25.28295
280 25.4386
285 25.6468
290 24.7209666667
295 25.5351
300 25.0887166667
305 25.3869666667
310 25.658775
315 25.2011
320 25.49325
325 25.351325
330 25.3633833333
335 24.9231333333
340 25.51655
345 25.4564428571
350 25.2377666667
355 25.30868
360 25.5714666667
365 25.0597333333
370 25.15412
375 25.2389142857
380 25.4148
385 25.18055
390 25.3694
395 25.4049285714
400 25.4352833333
405 25.5676333333
410 25.20795
415 25.4968833333
420 25.0422
425 25.3414857143
430 25.3957
435 25.3733666667
440 25.8019
445 25.34445
450 25.1661666667
455 25.6202
460 24.91785
465 26.3047
470 25.38595
475 25.5316428571
480 25.5440166667
485 25.35665
490 25.2883
495 25.4489285714
500 25.486475
505 25.5964142857
510 25.6551
515 25.0550666667
520 25.5329166667
525 25.2223166667
530 25.25556
535 25.26705
540 25.1627
545 25.4961166667
550 25.39465
555 25.2881
560 25.4434857143
565 25.6842428571
570 24.9789
575 25.2925
580 25.57285
585 25.1442142857
590 25.3284285714
595 25.5053
600 25.4466571429
