5 34.379
10 31.5001
15 31.2743
20 31.0999
25 31.3334
35 31.2443
40 31.3189
45 31.3516
50 31.4854
60 31.221
65 31.1598
70 31.2884
75 31.3324
80 31.5204
85 31.7049
90 31.2751
95 31.4513
100 31.4571
110 31.7601
115 31.5676
120 31.6286
125 31.2472
130 31.6389
135 31.1019
140 31.4587
145 31.5387
150 31.4715
155 31.5296
160 31.0189
165 31.3338
170 31.5578
175 31.3006
180 40.1953
185 40.3714
190 40.8608
195 41.3771
200 40.4111
205 41.4318
210 40.1795
215 41.389
220 39.6946
225 40.4943
230 40.5836
235 39.5375
240 39.7503
245 39.1901
250 41.5671
255 38.2269
260 41.8547
265 39.0906
270 39.5338
275 39.9107
280 41.1669
285 41.2487
290 40.1156
295 39.9199
300 40.2722
305 39.5711
310 41.7024
315 41.3443
320 38.2841
325 39.3496
330 38.3485
335 40.5927
340 38.0809
345 39.473
350 41.3305
355 41.8286
360 41.1126
365 38.5614
370 41.48
375 41.4803
380 41.9145
385 39.8944
390 41.1966
395 41.2036
400 39.8459
405 40.0819
410 41.1221
415 40.7155
420 38.4731
425 40.8825
430 40.5597
435 40.3281
440 38.5734
445 40.1495
450 41.7787
455 41.0345
460 40.0874
465 38.4236
470 39.6586
475 39.8944
480 39.0582
485 38.7453
490 41.0969
495 40.9477
500 39.8246
505 38.8662
510 40.2737
515 38.5409
520 38.0752
525 39.2966
530 40.4705
535 38.5987
540 40.4484
545 38.8893
550 40.4677
555 39.546
560 41.775
565 41.6104
570 40.7273
575 39.7998
580 39.438
585 40.4523
590 39.7481
595 41.6094
600 40.7905
5 31.5012
15 31.0526
20 31.0915
25 31.3612
35 31.2799
40 31.4543
45 31.5715
50 31.224
55 31.7756
60 30.997
65 31.7367
70 31.2358
75 31.5982
80 31.431
85 31.6132
90 30.8443
95 31.2346
100 31.4239
105 31.6411
110 31.154
115 31.0127
120 31.111
125 31.2756
130 31.3377
135 31.0252
140 31.4254
145 31.6644
150 31.225
155 31.0254
160 31.1789
165 31.3959
170 31.2345
175 31.0467
180 38.7211
185 38.2732
190 38.0779
195 40.6589
200 39.8529
205 38.7765
210 40.8997
215 41.7051
220 39.6808
225 38.4207
230 39.9417
235 38.9029
240 38.0511
245 41.5854
250 39.9495
255 41.3047
260 41.7672
265 38.3712
270 41.4032
275 41.5588
280 40.9199
285 40.855
290 38.4349
295 40.0716
300 41.5756
305 41.1416
310 41.4286
315 40.3507
320 38.6603
325 40.9473
330 40.5293
335 40.69
340 38.0819
345 41.8803
350 38.4669
355 41.9543
360 39.2655
365 41.1124
370 38.6316
375 38.1006
380 41.0359
385 41.6851
390 41.2731
395 39.6436
400 39.3785
405 38.7588
410 39.2752
415 38.816
420 38.4466
425 41.456
430 38.3358
435 38.6206
440 40.8509
445 41.0993
450 40.3982
455 39.9324
460 38.2227
465 41.1332
470 39.9192
475 38.1796
480 39.6067
485 40.4851
490 41.3919
495 39.7699
500 40.8714
505 41.5907
510 40.4083
515 38.2764
520 40.2095
525 40.0257
530 41.7964
535 39.8596
540 41.9467
545 40.7156
550 39.3522
555 39.9406
560 38.9595
565 39.7086
570 41.1857
575 39.5929
580 38.2547
585 38.172
590 39.4585
595 38.7848
600 38.2801
5 32.069
10 31.2467
20 31.3865
25 31.337
30 31.3856
35 31.1703
40 31.392
45 31.2133
50 31.1934
55 31.3135
60 31.582
70 31.5395
75 31.3443
80 31.2158
95 31.2172
100 31.193
105 31.2008
120 30.7642
125 31.2353
130 31.183
135 31.3609
145 31.1932
150 31.3426
155 31.2505
160 31.4887
165 31.3836
170 31.1662
175 31.3515
180 38.8338
185 40.8079
190 39.9267
195 40.922
200 39.6822
205 40.5499
210 41.4367
215 41.1201
220 38.6846
225 41.3868
230 39.3555
235 41.5732
240 39.0821
245 38.9386
250 40.7642
255 38.0456
260 38.8816
265 39.8562
270 41.2478
275 41.2088
280 38.0421
285 38.6146
290 40.2448
295 38.4452
300 41.2549
305 38.3559
310 40.9804
315 41.4766
320 38.7564
325 39.7683
330 38.0246
335 38.5157
340 41.0882
345 39.3664
350 41.8313
355 39.6272
360 40.8078
365 38.0011
370 39.1903
375 41.5232
380 41.072
385 41.7831
390 40.7529
395 41.7402
400 39.5487
405 38.2235
410 40.4608
415 38.3854
420 39.7102
425 41.5456
430 40.3372
435 39.5938
440 40.8105
445 41.8169
450 38.4476
455 40.9776
460 41.6931
465 41.1103
470 41.9555
475 41.7133
480 40.7096
485 41.7611
490 41.1807
495 40.1902
500 38.1163
505 40.1868
510 38.711
515 40.5832
520 41.4997
525 38.5414
530 40.9797
535 41.7549
540 40.0324
545 39.3105
550 38.5133
555 40.9148
560 39.9371
565 38.7655
570 40.0631
575 40.8072
580 39.2451
585 41.726
590 38.1826
595 40.0183
600 39.7507
5 31.7396
10 31.2126
15 31.1247
20 31.273
25 31.1561
30 31.4906
35 30.9582
40 31.1213
45 31.1064
50 31.4463
55 31.2308
60 31.1537
65 31.1663
70 31.1467
75 31.1292
80 31.4485
85 31.0249
90 31.329
95 31.1177
100 31.424
105 30.9518
110 31.4321
115 30.9379
120 31.1085
125 31.266
130 31.2911
135 31.1133
140 31.0989
145 31.134
150 31.0448
155 31.1274
160 31.0153
165 31.2613
170 31.2309
180 38.994
185 40.7587
190 39.7999
195 40.6771
200 39.6438
205 41.6828
210 39.0412
215 38.4398
220 41.4816
225 41.0037
230 38.7402
235 40.4518
240 38.0786
245 41.4018
250 41.813
255 41.5193
260 40.7218
265 38.1071
270 39.9464
275 41.2696
280 41.8601
285 38.8859
290 39.5736
295 41.8519
300 38.3182
305 39.8533
310 39.4056
315 38.4286
320 38.6545
325 40.9831
330 41.9327
335 41.8566
340 41.5225
345 38.3925
350 39.9763
355 38.7109
360 39.6038
365 39.4541
370 39.8052
375 41.3233
380 40.8835
385 41.096
390 38.9911
395 38.8302
400 40.4911
405 39.0225
410 38.5698
415 39.687
420 38.8047
425 40.2435
430 38.3249
435 38.4797
440 41.8139
445 38.4809
450 38.223
455 41.6561
460 40.3981
465 40.65
470 40.892
475 39.2569
480 41.8812
485 40.5396
490 41.2863
495 41.8722
500 40.1102
505 40.7027
510 39.3259
515 40.0969
520 39.4159
525 38.1786
530 38.3161
535 39.9119
540 40.2237
545 38.4129
550 38.6632
555 38.4962
560 39.181
565 41.6078
570 41.3624
575 38.0621
580 39.4502
585 38.6505
590 39.3633
595 40.9349
600 40.8416
5 31.3565
10 31.0964
15 31.2979
20 31.3021
25 31.4279
30 31.3327
35 31.1223
40 31.0844
45 31.1303
50 31.6192
55 31.1654
60 31.0885
65 31.0753
70 31.2761
75 31.3065
80 31.231
85 31.2493
90 31.3577
95 31.2819
100 31.144
105 31.3251
110 30.9844
115 31.1905
120 31.2749
125 31.0969
130 31.3311
140 30.9274
145 31.3017
150 31.1564
155 31.166
160 31.4047
165 31.0528
170 31.1392
180 41.3394
185 39.7302
190 38.4192
195 38.1271
200 40.9786
205 40.5114
210 39.442
215 38.7377
220 39.4372
225 39.1855
230 40.437
235 39.0279
240 39.5751
245 40.7197
250 39.6363
255 39.1302
260 40.0396
265 41.6674
270 40.8406
275 38.8325
280 41.8421
285 40.5261
290 39.8265
295 41.1945
300 39.7106
305 40.1305
310 38.4539
315 38.6992
320 38.8716
325 38.7098
330 41.8299
335 40.935
340 41.7734
345 39.5994
350 41.5273
355 40.0482
360 40.5856
365 38.1639
370 38.8553
375 39.8968
380 40.5473
385 38.0433
390 38.5566
395 41.2045
400 39.8348
405 38.563
410 41.4955
415 39.1781
420 39.0338
425 41.4175
430 40.6594
435 41.2
440 41.4507
445 39.5472
450 38.5954
455 41.356
460 40.2518
465 39.4472
470 38.6366
475 41.633
480 38.6916
485 38.9144
490 38.4161
495 39.9358
500 38.8118
505 40.6331
510 39.8208
515 38.8643
520 41.1783
525 41.9278
5 33.3269
10 32.1361
15 31.3106
20 31.5882
25 31.5191
35 31.8045
40 31.1452
45 31.7078
50 31.7417
55 31.5493
60 31.3297
65 31.7628
70 31.8608
75 31.3127
80 31.588
85 31.2356
90 31.3494
95 31.6803
100 31.7442
105 31.3669
110 31.3719
115 31.3122
120 31.2911
125 31.5101
130 31.1923
135 31.5608
145 31.3907
150 31.3825
155 31.5091
160 31.6226
165 31.8265
170 31.3966
175 31.6499
180 38.3724
185 40.7803
190 41.8866
195 41.9151
200 39.9354
205 38.9918
210 38.9701
215 41.934
220 40.1245
225 40.8936
230 39.1422
235 40.1103
240 41.4505
245 39.2466
250 38.1644
255 38.8719
260 38.4334
265 40.7393
270 41.0686
275 39.2393
280 38.2057
285 39.8415
290 41.1029
295 39.5553
300 38.0366
305 38.4575
310 40.4732
315 38.2522
320 41.2748
325 40.1302
330 41.5943
335 38.6073
340 41.9424
345 38.7747
350 39.987
355 41.54
360 39.4093
365 40.9932
370 41.4683
375 41.7637
380 39.5875
385 38.7829
390 40.5746
395 40.2748
400 38.0818
405 38.8926
410 41.2323
415 39.5678
420 39.7185
425 39.2624
430 40.2342
435 38.9307
440 41.1164
445 38.8925
450 39.6102
455 40.0533
460 41.632
465 41.6702
470 40.5999
475 39.8227
480 40.9091
485 41.8627
490 41.1182
495 40.4963
500 39.4029
505 38.6971
510 38.0786
515 41.3413
520 39.4342
525 40.2287
530 39.2129
535 38.6072
540 41.6762
545 39.9269
550 39.0136
555 38.8663
560 38.9646
565 39.9608
570 41.6397
575 39.9302
580 41.1073
585 39.6655
590 39.7191
595 40.3157
600 41.6872
5 31.4516
10 31.1907
15 31.2792
20 31.1382
25 31.3008
30 31.221
35 31.0385
40 31.3122
45 31.4002
50 30.972
55 31.158
60 31.1786
65 31.2816
70 31.475
75 31.1185
80 31.5623
85 30.7998
90 31.0927
95 31.4315
100 31.0774
105 30.9901
110 31.1235
115 31.2854
120 31.0637
125 31.1095
130 31.1165
135 31.3801
140 31.0265
145 31.0801
155 31.1719
160 31.2153
165 31.5724
170 31.0377
175 31.2556
180 38.6172
185 38.7816
190 38.5348
195 39.087
200 39.4507
205 38.9955
210 40.7164
215 39.3078
220 38.7778
225 41.6193
230 39.0048
235 41.6865
240 41.0337
245 41.7995
250 40.2305
255 38.7265
260 40.0592
265 38.0302
270 39.8712
275 40.7178
280 38.3487
285 38.5621
290 41.3164
295 40.2307
300 39.1946
305 39.277
310 38.1254
315 38.2465
320 40.712
325 38.9048
330 41.614
335 39.1116
340 40.0578
345 38.8619
350 40.1564
355 41.6619
360 40.6573
365 41.5646
370 40.5362
375 38.4602
380 39.4137
385 38.1801
390 38.1066
395 40.1673
400 38.6612
405 40.9021
410 41.5173
415 38.8438
420 38.2713
425 39.9867
430 39.4763
435 41.0747
440 38.462
445 39.1496
450 38.3852
455 38.2029
460 38.3351
465 40.0115
470 38.3477
475 38.3492
480 38.089
485 38.1111
490 41.0842
495 39.2342
500 38.1969
505 39.9236
510 39.8609
515 39.3022
520 41.7649
525 39.114
530 38.866
535 39.6516
540 39.4453
545 39.7752
550 38.1253
555 40.6274
560 39.2162
565 40.586
570 38.7531
575 39.9307
580 38.5046
585 38.954
590 39.6569
595 39.4211
600 41.7787
5 31.1546
10 31.6606
15 30.995
20 31.7112
25 31.4611
30 31.7551
35 31.8376
40 31.6843
45 31.6621
50 31.3201
55 31.706
60 31.1254
70 31.6602
75 31.5609
80 32.2554
85 31.3148
90 31.1675
95 31.4733
100 31.8204
105 31.7401
110 31.7477
115 31.5931
130 31.2167
135 31.2369
140 31.3945
145 31.345
150 31.229
155 31.1965
160 31.3454
170 31.7298
175 31.5457
180 41.6764
185 38.1295
190 40.5688
195 39.4135
200 41.0148
205 38.1603
210 38.5573
215 41.2322
220 38.3493
225 39.3646
230 41.152
235 41.5559
240 39.3046
245 41.0154
250 40.1643
255 40.7697
260 38.9609
265 39.9627
270 40.1817
275 41.4796
280 39.6022
285 39.6963
290 40.8608
295 38.7789
300 41.3467
305 41.0204
310 40.3539
315 41.6938
320 39.1846
325 40.8856
330 39.1241
335 41.8695
340 40.8224
345 38.2439
350 39.6904
355 40.8839
360 38.2293
365 39.2718
370 40.9881
375 41.4408
380 39.8093
385 41.8306
390 38.7031
395 41.9134
400 38.1975
405 40.6538
410 39.1699
415 39.8227
420 38.2672
425 40.4299
430 41.0046
435 41.6888
440 38.2551
445 38.2928
450 39.7276
455 39.343
460 39.4567
465 41.7304
470 38.6079
475 41.5966
480 40.1868
485 40.6831
490 39.7732
495 39.3808
500 38.1442
505 38.3892
510 41.2916
515 40.054
520 39.0932
525 38.0349
530 38.6759
535 38.7855
540 40.5775
545 39.8769
550 38.4302
555 39.0542
560 39.413
565 39.9857
570 39.5428
575 40.6943
580 39.7822
585 41.7572
590 41.9082
595 39.416
600 40.9176
5 31.6401
10 31.1715
15 31.7522
20 31.3059
25 31.3623
30 31.9093
35 31.4117
40 31.1708
45 31.7547
50 31.2018
55 31.5602
60 30.7381
65 32.2059
70 31.7609
75 31.5292
80 31.0527
85 31.301
90 31.0371
95 31.3741
100 31.1931
105 31.6852
110 30.8481
115 31.4189
120 31.3065
125 31.5833
130 31.2477
135 31.4161
140 30.8617
145 30.9292
150 31.4559
155 31.3565
160 31.6155
165 31.0388
170 31.4004
175 31.3573
180 40.5902
185 40.4327
190 40.0286
195 41.6315
200 40.1134
205 40.6097
210 41.5851
215 40.8889
220 40.8
225 38.9256
230 40.8572
235 38.5205
240 40.8694
245 41.406
250 38.8913
255 41.8735
260 38.7006
265 38.6779
270 39.8274
275 40.4835
280 41.715
285 38.7496
290 38.0395
295 39.1913
300 38.3597
305 40.669
310 41.4008
315 39.1859
320 39.9425
325 38.7754
330 41.5073
335 41.9236
340 39.2293
345 38.0471
350 39.5519
355 38.5923
360 40.3258
365 40.2912
370 38.4547
375 38.2862
380 41.0715
385 41.1199
390 39.2503
395 40.8493
400 40.584
405 38.6887
410 38.1308
415 39.3891
420 38.6656
425 39.1401
430 39.7212
435 39.433
440 38.9112
445 41.3123
450 41.8652
455 40.5909
460 41.6198
465 39.6033
470 41.4627
475 39.6226
480 38.1287
485 40.3057
490 41.198
495 40.5927
500 41.6246
505 41.9323
510 40.8157
515 39.2691
520 38.9188
525 40.7479
530 39.6457
535 39.3378
540 41.9146
545 38.1797
550 39.3162
555 38.6728
560 40.3821
565 41.7509
570 40.1434
575 39.7259
580 39.8444
585 40.1793
590 38.9032
595 40.4234
600 41.6822
5 31.3651
10 31.4441
15 31.702
20 31.4554
25 31.8514
30 31.4545
35 30.9487
40 31.6077
45 30.9632
50 31.2553
60 31.3265
65 31.1559
75 31.4729
80 31.4002
85 31.4296
90 31.6119
95 31.0954
100 31.4323
105 31.2186
110 31.1622
115 31.1245
120 31.2532
125 31.6215
130 31.7861
135 30.9348
140 31.1039
145 31.4924
150 31.2474
155 31.4924
160 31.1621
165 31.1317
170 31.2726
175 31.6846
180 40.6891
185 40.8902
190 39.9523
195 41.3278
200 41.302
205 40.9363
210 38.1258
215 40.804
220 41.2322
225 38.7733
230 40.2625
235 41.9094
240 39.1905
245 40.3109
250 38.1868
255 40.0551
260 41.9625
265 41.4061
270 38.0273
275 39.5242
280 41.0792
285 39.0956
290 40.9871
295 40.5624
300 39.5098
305 39.9745
310 39.9766
315 39.3471
320 41.7158
325 40.4653
330 39.5818
335 39.442
340 41.8958
345 39.3267
350 40.0977
355 40.5097
360 38.3745
365 40.7739
370 41.2532
375 39.3076
380 38.8467
385 39.6377
390 40.2174
395 40.9366
400 39.1691
405 40.8344
410 41.2646
415 39.1282
420 41.3122
425 41.6943
430 38.8863
435 39.639
440 40.5793
445 40.339
450 38.3807
455 38.1731
460 39.6467
465 40.4745
470 38.3875
475 39.1552
480 38.576
485 38.3216
490 38.8488
495 40.1646
500 39.9066
505 38.3531
510 38.3105
515 41.2393
520 38.9402
525 39.347
530 38.0262
535 38.5258
540 41.5946
545 38.2771
550 40.2089
555 38.3956
560 38.6702
565 40.8235
570 41.7155
575 39.5103
580 40.1684
585 39.2484
590 38.167
595 38.7797
600 40.0995
5 31.2273
10 31.1225
15 31.2288
20 31.3837
25 31.1858
30 31.3457
35 31.6983
40 31.4001
45 31.3793
50 31.2651
55 31.5128
60 31.1484
65 31.3445
70 31.0684
75 31.2041
80 31.5224
85 31.3559
90 31.6901
95 31.5335
100 31.4457
105 31.3822
110 31.0033
115 31.3268
120 31.9251
125 31.3627
130 31.3696
135 31.1879
140 31.357
145 31.1993
150 31.3314
155 31.361
160 31.1783
165 31.2018
170 31.3478
175 31.5175
180 38.4642
185 41.2514
190 40.6338
195 39.3094
200 39.5024
205 41.8224
210 40.4511
215 41.4173
220 40.718
225 38.627
230 40.7299
235 40.5921
240 41.82
245 41.515
250 40.5489
255 38.6185
260 40.0518
265 40.4954
270 38.3447
275 38.261
280 39.5499
285 40.0186
290 39.1618
295 38.9066
300 38.5416
305 41.8364
310 38.0404
315 40.4898
320 39.6513
325 38.6534
330 39.9704
335 39.3322
340 38.0856
345 38.151
350 40.238
355 39.3044
360 38.3105
365 39.5828
370 39.6307
375 40.2423
380 39.2564
385 38.2211
390 41.0822
395 41.2831
400 40.4041
405 39.2672
410 39.6694
415 39.1656
420 39.3403
425 41.8002
430 38.1002
435 41.674
440 38.3581
445 40.3257
450 41.4163
455 40.9855
460 39.9644
465 39.1563
470 38.9984
475 38.7726
480 41.0451
485 41.0477
490 40.1609
495 41.9654
500 39.5425
505 41.2145
510 40.5763
515 41.3571
520 38.6867
525 38.7901
530 40.8367
535 38.526
540 38.1609
545 39.3542
550 40.3997
555 40.9189
560 38.8134
565 41.9304
570 38.9958
575 38.0746
580 39.5964
585 40.884
590 40.8554
595 39.732
600 41.1698
110 31.2406
115 31.9859
120 31.5046
125 31.9226
130 31.2291
135 31.7497
140 31.5401
145 31.33
150 31.5006
155 32.0732
160 31.0698
165 32.4692
170 31.692
175 31.9501
180 38.4453
185 41.1649
190 38.8431
195 41.9648
200 38.9318
205 41.2314
210 38.6078
215 39.0088
220 41.3207
225 40.2303
230 39.6317
235 38.3023
240 40.2232
245 40.2132
250 40.9821
255 40.778
260 38.994
265 40.4087
270 41.8746
275 41.1104
280 41.8107
285 40.3455
290 39.9594
295 40.9455
300 38.0732
305 38.7676
310 41.4304
315 39.9326
320 39.6198
325 38.8358
330 40.4899
335 38.5462
340 39.1815
345 38.3401
350 41.7184
355 40.8223
360 39.6225
365 39.0388
370 40.2692
375 40.5648
380 38.983
385 41.2863
5 31.3898
10 31.1471
15 31.1684
20 31.2078
25 31.1444
30 31.1407
35 31.3057
40 31.1708
45 31.0508
50 31.3001
55 31.1386
60 31.0718
65 31.3312
70 31.4903
75 31.1452
80 31.2126
85 31.2273
90 31.185
95 31.188
100 31.2923
105 31.0615
110 31.3833
115 31.1201
120 31.1638
125 31.183
130 31.1638
135 31.1708
140 31.1629
145 31.1925
150 31.1552
155 31.1674
160 31.2971
165 31.2179
170 31.1602
175 31.1945
180 41.1236
185 38.3291
190 39.5246
195 39.7704
200 41.3146
205 40.4209
210 41.1267
215 39.2786
220 41.2064
225 41.9262
230 39.4276
235 39.3162
240 41.8485
245 38.0323
250 39.425
255 41.6936
260 41.2743
265 38.1953
270 41.6208
275 38.8402
280 38.1711
285 38.5185
290 38.0648
295 39.2009
300 40.2242
305 38.9126
310 38.3221
315 41.5472
320 41.857
325 39.9752
330 39.6341
335 39.7905
340 39.3021
345 38.7433
350 39.8577
355 40.3825
360 41.486
365 41.0312
370 39.412
375 38.2902
5 31.2167
10 31.8321
15 31.869
20 31.3223
25 32.2845
30 31.7191
35 31.8587
40 31.3837
45 31.4805
50 31.7985
55 31.4075
60 31.6339
65 31.2808
70 31.1493
75 31.9105
80 31.464
85 31.7685
90 31.3412
95 31.6932
100 32.2938
105 31.8706
110 31.2587
115 31.6695
120 31.3715
125 31.1765
130 31.7637
135 31.3731
140 32.115
150 31.6308
155 31.8387
160 31.6304
170 31.3245
175 31.3109
180 40.951
185 41.0939
190 39.3598
195 41.6639
200 39.8724
205 41.354
210 39.6958
215 39.0892
220 40.2733
225 39.3579
230 41.5251
235 40.05
240 38.1326
245 39.8185
250 38.0351
255 40.7497
260 38.797
265 38.2546
270 38.6691
275 40.9004
280 41.876
285 41.0301
290 38.2263
295 38.0888
300 38.3582
305 38.5868
310 39.1186
315 41.8897
320 40.4372
325 39.0781
330 38.2823
335 41.6123
340 40.29
345 38.0215
350 39.3301
355 39.1638
360 39.0466
365 41.9067
370 38.3704
375 39.9621
380 40.6474
385 40.2557
390 38.3541
395 39.0862
400 38.8813
405 40.0295
410 38.1487
415 40.3972
420 38.6783
425 41.9468
430 40.4788
435 41.404
440 39.592
445 41.8178
450 41.8479
455 38.3606
460 41.5855
465 38.7316
470 39.0203
475 41.2638
480 41.3062
485 39.1385
490 41.3232
495 40.6699
500 38.0077
505 41.9366
510 40.275
515 38.9339
