5 43.8649
10 44.6252
15 43.9422
20 44.6256
25 44.6279
30 44.6278
35 44.6093
40 44.6415
45 44.6693
50 44.6144
55 43.6683
60 45.5895
65 43.9282
70 44.6414
75 44.6376
80 44.2701
85 44.9379
90 44.6169
95 43.9221
100 44.609
105 44.5732
110 44.6683
115 44.6678
120 43.9961
125 43.9651
130 43.2393
135 44.8495
140 44.3754
145 44.6312
150 44.6222
155 44.6646
160 44.6222
165 44.9519
170 44.6179
175 44.6166
180 44.6376
200 23.6036
205 23.2731
225 22.9359
230 24.669
255 23.8627
280 23.1826
285 24.6647
305 23.7868
310 23.4351
330 23.8514
335 23.366
355 23.8448
360 23.5236
380 23.8218
385 23.5222
405 23.8448
410 23.2667
430 24.0952
435 23.2716
455 23.8531
460 23.2746
480 23.8511
485 23.5144
505 23.762
510 23.9359
530 23.8537
535 23.0219
540 24.5512
560 23.9291
565 23.5195
585 23.8406
590 23.3639
5 0
10 44.3766
15 44.6487
20 44.6778
25 44.6575
30 43.9843
35 45.2676
40 44.652
45 44.6171
50 44.6586
55 43.9475
60 44.6543
65 44.6709
70 44.6496
75 44.6272
80 44.6406
85 44.6591
90 44.6178
95 44.6505
100 44.6772
105 44.2856
110 44.401
115 45.2864
120 44.6291
125 44.6243
130 44.0033
135 45.2138
140 44.6334
145 44.6648
150 44.6476
155 44.3173
160 44.6266
165 44.6527
170 44.6632
175 44.6522
180 44.5884
185 29.6692
200 29.8162
205 28.9514
210 29.4292
225 29.6561
230 29.8194
235 30.3377
250 27.9962
255 30.5912
260 30.5922
275 30.4822
280 29.5036
285 30.5769
300 28.5717
305 30.2142
310 30.5936
315 29.8261
330 30.4843
335 30.5946
345 28.9677
355 28.9454
360 30.6064
380 29.8267
385 30.6016
405 26.4751
410 32.3233
430 29.1048
435 29.7986
455 29.8088
460 29.8228
465 29.282
480 29.8133
485 28.3729
490 30.4636
495 30.4769
505 29.271
510 28.9452
515 30.6015
530 29.8137
535 28.9537
540 30.4692
555 29.8235
560 28.9533
565 30.583
580 28.9329
585 29.8187
590 30.6096
5 29.8013
10 40.4385
15 44.7073
20 44.7234
25 44.7095
30 43.9653
35 45.2837
40 44.7449
45 44.6616
50 44.6692
55 43.9296
60 45.2837
65 44.7401
70 44.7041
75 44.0302
80 43.9736
85 45.265
90 44.71
95 44.7286
100 44.6818
105 43.1672
110 45.7621
115 44.7232
120 44.7346
125 44.6957
130 44.6961
135 44.3242
140 44.9861
145 44.6873
150 44.7096
155 43.2062
160 45.2062
165 45.3563
170 44.6864
175 44.751
180 44.7141
185 29.1426
205 28.7434
210 29.7005
230 29.84
235 28.8281
255 30.4855
260 28.3917
285 30.0842
310 28.9716
335 30.2123
340 30.62
360 28.9756
365 30.6424
385 28.9875
390 30.6329
410 30.3453
415 29.6803
435 30.3735
440 29.7037
460 30.3713
465 29.842
470 30.496
490 31.0582
495 29.1571
515 29.0025
520 30.1278
530 30.3547
540 28.9796
545 26.8922
555 29.1279
565 28.9663
570 30.4929
590 30.0771
595 30.6315
5 37.9845
10 44.9728
15 44.6107
20 44.614
25 44.641
30 44.6404
35 44.6044
40 43.9332
50 44.6399
55 44.6115
60 44.6422
65 44.6423
70 44.6367
75 44.5949
80 44.6437
85 44.6122
90 44.6502
95 44.6233
100 44.6067
105 44.7168
110 44.6504
115 44.9751
120 44.9158
125 44.6107
130 44.6651
135 44.6411
140 44.6206
145 44.6283
150 44.6376
155 44.6293
160 44.943
165 44.6412
170 44.6451
175 44.5933
180 44.6319
185 29.8361
205 29.8355
210 29.1284
230 27.8282
235 30.8657
255 29.8186
260 29.1081
280 29.8299
285 28.971
305 29.8235
310 28.0216
330 29.8269
335 28.9639
355 28.9582
360 29.8339
365 30.6023
385 28.9779
410 28.9714
415 30.4796
435 31.3679
440 30.476
460 27.4452
465 31.7344
485 30.8438
490 28.211
510 28.2234
515 30.4863
535 29.67
540 28.2316
560 30.4982
565 29.1177
585 29.8271
590 28.0449
5 36.1996
10 43.9616
15 43.9381
20 44.623
25 44.6602
30 44.7118
35 43.9926
40 44.6571
45 44.6361
50 44.6436
55 44.6357
60 44.2713
65 44.6626
70 44.6532
75 44.683
80 44.6581
85 44.6653
90 44.6395
95 44.6529
100 44.7128
105 44.2784
110 44.3739
115 44.9328
120 44.6599
125 44.6829
130 44.6845
135 44.6609
140 44.668
145 43.9554
150 44.7081
155 45.0121
160 44.3664
165 44.6666
170 44.651
175 44.6412
180 43.5592
205 28.9566
225 29.811
230 28.9526
250 29.8187
255 29.2837
280 30.8374
305 28.2272
310 31.2163
330 28.0184
335 31.2085
355 28.3596
360 30.9776
380 28.2149
385 31.6804
405 27.4137
410 31.6883
430 29.1286
435 29.1265
455 27.4132
460 30.8609
480 29.282
485 29.6588
505 27.3814
510 30.2108
25 44.7181
30 44.7409
35 44.7649
40 44.7312
45 44.0313
50 44.7763
55 44.7477
60 44.7342
65 44.7108
70 44.7022
75 43.936
80 45.2884
90 44.7237
100 44.738
110 45.3636
115 44.7178
120 44.7753
125 44.7216
135 45.068
140 44.7715
145 44.746
150 44.7061
160 45.0369
165 44.7423
170 44.7657
175 44.7343
185 30.6849
190 29.8709
195 29.8852
210 30.6674
215 29.8509
220 29.7231
235 30.6683
240 29.3376
245 30.412
255 29.007
260 30.6784
265 29.8803
270 29.3241
280 29.0028
290 29.8826
295 29.1779
305 29.0055
315 29.8655
320 29.8829
330 29.0122
340 30.3793
345 29.8646
355 29.0122
365 29.8972
370 29.874
380 29.0005
390 30.8006
395 29.8622
405 29.4238
415 30.5402
420 29.878
425 29.8632
430 28.0479
440 31.019
445 29.887
450 29.8616
455 29.8721
465 31.1562
470 30.0279
475 29.3482
480 29.869
490 30.6621
495 29.7084
500 30.0216
505 29.8687
515 31.2808
520 29.8744
525 29.8858
540 31.3855
545 29.879
550 29.8735
555 29.8855
565 32.0049
570 29.3353
575 30.4059
580 29.8852
595 29.8571
600 29.885
5 0
10 42.852
15 44.0332
20 44.692
25 44.6751
30 44.7378
35 44.6366
40 44.6721
45 45.0059
50 44.665
55 44.0589
60 45.328
65 44.6573
70 44.6696
75 44.9638
80 44.0213
85 45.0333
90 44.0052
95 44.6793
100 44.6572
105 44.0522
110 45.2328
115 44.7
120 44.6795
125 44.6933
130 44.7119
135 44.7005
140 44.6703
145 44.7018
150 44.6751
155 44.6866
160 44.6867
165 44.6753
170 44.6901
175 44.6442
180 44.6872
205 28.9839
210 30.4767
230 29.5235
235 30.6035
255 29.8363
260 29.3207
280 29.8057
285 29.5412
305 29.8149
310 29.9815
330 29.8391
335 28.5564
355 29.83
360 29.4434
380 29.6728
385 29.6733
405 29.8269
410 29.2727
430 29.8331
435 28.8044
455 29.8352
460 28.9589
485 29.2727
510 29.8122
530 29.1093
535 30.0739
540 30.092
560 29.8226
565 30.3465
585 28.0108
590 32.0095
10 44.112
15 44.1584
20 44.7259
25 45.0803
30 44.5956
35 44.7398
40 44.7043
45 44.7752
50 44.1036
55 44.0309
60 44.7749
65 44.7537
70 44.6917
75 44.7619
80 43.3516
85 46.1964
90 44.7819
95 44.7342
100 44.032
105 43.648
110 45.623
115 44.744
120 44.7044
125 44.0298
130 44.0007
135 45.258
140 44.7095
145 44.7114
150 44.6932
155 43.938
160 45.3875
165 44.7163
170 44.749
175 44.7035
180 43.9714
205 29.539
230 29.8627
235 31.147
255 28.2336
260 31.2672
280 29.5673
285 30.6506
305 28.0662
310 31.1305
330 28.3988
335 30.7551
355 27.4151
360 30.7808
380 28.4218
385 30.4012
405 29.8608
410 29.1443
435 28.9911
460 30.2294
485 28.8241
510 30.1354
515 30.6633
535 30.5088
540 30.6623
560 29.5609
565 30.6388
585 28.7524
590 30.667
145 44.6401
150 44.9997
155 44.6924
160 44.7056
165 44.6417
235 31.095
260 29.2646
265 30.3147
310 28.1779
315 30.5738
340 30.4655
365 30.0843
385 28.1995
390 30.7198
410 28.9433
415 30.5782
435 28.9366
440 30.3187
460 28.9563
465 30.588
490 30.0987
515 30.0894
520 29.2613
540 29.2743
565 30.609
570 30.306
20 44.747
25 44.7434
30 44.7228
35 45.0785
40 44.7701
45 44.7294
50 44.8325
55 44.4782
60 45.003
65 44.7429
70 44.3984
75 44.4339
80 43.7601
85 45.7187
90 44.7081
95 44.7706
100 45.0479
105 45.042
110 44.4821
115 44.7122
120 44.713
125 44.7407
130 44.6121
135 44.8653
140 44.7535
145 44.7604
150 44.733
155 44.0753
160 45.3516
165 44.7176
170 44.7009
175 44.6739
180 44.7252
185 30.6356
205 28.6601
210 30.6324
230 29.0013
235 30.6477
255 28.9872
260 30.6565
285 31.1431
305 30.5187
310 29.7071
330 30.3803
335 29.1449
355 28.2502
360 31.1408
365 29.8471
380 28.0691
385 30.8861
405 29.1609
410 30.6758
415 29.7147
430 29.8531
435 30.0134
440 29.5576
455 29.3385
460 29.8521
465 29.8515
480 29.3177
485 29.7116
490 30.5451
510 29.1677
515 30.5288
535 29.0325
540 30.6531
560 28.9994
565 30.3766
585 29.0028
590 30.1476
5 29.6605
10 42.53
15 44.7224
20 44.7291
25 44.6447
30 44.691
35 44.9797
40 44.7062
45 44.0377
50 44.0222
55 44.7038
60 44.7361
65 44.6928
70 44.7143
75 44.6891
80 44.315
85 44.7217
90 44.7006
95 44.6459
100 44.6892
105 44.6953
110 44.7383
115 44.9843
120 44.6977
125 44.6706
130 44.7013
135 44.6976
140 44.6796
145 44.6606
150 44.7587
155 44.7024
160 44.6515
165 44.6809
170 44.6755
175 44.7198
180 44.0167
185 23.9514
205 23.8538
210 24.1157
230 23.8632
235 23.6241
255 23.6354
260 24.1196
280 23.87
285 23.3814
305 23.5283
310 23.5603
330 23.626
335 23.3752
355 23.886
360 23.2976
380 23.8767
385 23.5521
405 23.8851
410 23.3201
435 24.3432
460 23.0518
465 24.41
485 23.5399
510 23.5296
535 23.8016
540 24.1946
560 23.9427
565 24.1079
585 23.2223
590 24.2401
5 36.5358
10 44.9943
15 44.7146
20 44.0132
25 44.7005
30 44.3435
35 44.7045
40 44.6832
45 43.9963
50 44.7056
55 44.9924
60 44.7099
65 43.9989
70 44.6832
75 44.0214
80 44.7368
85 44.6133
90 44.6694
95 44.6676
100 44.6678
105 44.6553
110 44.1268
115 45.299
120 44.6662
125 44.0075
130 45.0472
135 43.7098
140 44.0195
145 44.6684
150 44.7585
155 44.6234
160 44.7665
165 44.7212
170 44.7243
175 44.6987
180 44.3558
205 23.0304
210 24.414
225 22.6717
230 24.3897
235 24.4122
255 23.6335
280 23.5674
285 24.3955
305 23.2844
310 24.174
330 23.2969
335 24.1641
360 23.8853
380 22.7542
385 24.415
5 0
10 40.0628
15 45.5008
20 44.7058
25 44.7006
30 44.7103
35 44.6885
40 44.7049
45 44.656
50 44.5824
55 44.7415
60 44.6603
65 44.7599
70 44.6881
75 44.2997
80 44.3796
85 45.2927
90 44.7063
95 44.7125
100 43.3074
105 44.9542
110 45.0761
115 44.7055
120 44.7126
125 44.7115
130 43.9878
135 45.4277
140 45.0085
145 45.007
150 44.6572
155 44.3249
160 44.9873
165 44.7137
170 44.6804
175 44.7041
180 43.5862
185 30.4866
205 28.96
210 29.8168
230 28.9915
235 30.5068
255 29.1199
260 29.9926
280 29.8412
285 29.96
290 29.6959
305 29.8497
310 30.1209
315 29.5347
330 28.409
335 29.4409
340 31.4439
355 29.8463
360 29.9784
365 29.1332
20 44.5846
25 42.7765
30 44.9748
35 44.5678
40 44.9134
45 44.604
50 44.6256
55 44.3712
60 44.9048
65 44.6414
70 44.8813
80 44.6126
85 44.8498
90 44.5963
95 44.6024
100 44.6357
105 44.7191
110 44.001
115 44.6161
120 44.6004
125 44.612
140 44.6154
145 44.6302
150 44.6225
155 44.93
160 44.3156
165 43.9327
170 43.9756
230 32.4229
255 29.2576
260 29.6331
280 29.8018
285 28.1133
305 29.6609
310 29.2622
330 29.8032
335 29.1081
355 29.265
360 29.6411
385 28.9259
405 29.7967
410 28.2172
455 28.5916
460 30.9552
485 29.1019
510 23.9457
515 24.356
