5 30.651926
10 30.09175
15 30.0674291667
20 30.101722
25 30.059106
30 30.14718
35 30.0392346939
40 30.0748795918
45 30.0868163265
50 30.0671081633
55 30.153022
60 29.9935714286
65 30.0847229167
70 30.072754
75 30.114132
80 30.1493367347
85 29.996586
90 30.0870541667
95 30.0564857143
100 30.098196
105 30.1600755102
110 30.0373163265
115 30.063322
120 30.073044
125 30.097492
130 30.1478204082
135 30.0062979167
140 30.091068
145 30.080234
150 30.088834
155 30.220086
160 29.9688918367
165 30.0981612245
170 30.08265
175 30.075684
180 30.146754
185 29.987812766
190 30.0771877551
195 30.0711734694
200 30.084256
205 30.153094
210 29.99110625
215 30.0626204082
220 30.0828367347
225 30.0665734694
230 30.148524
235 30.0449458333
240 30.081736
245 30.0484285714
250 30.068522
255 30.11963
260 30.0971612245
265 30.040442
270 30.082248
275 30.068066
280 30.119462
285 30.0660212766
290 30.053894
295 30.076208
300 30.083538
305 30.1068632653
310 30.1074416667
315 30.05273
320 30.046488
325 30.080754
330 30.1167612245
335 30.0915122449
340 30.043792
345 30.0796395833
350 30.07073
355 30.082676
360 30.1216041667
365 30.0137666667
370 30.05863125
375 30.0776408163
380 30.081766
385 30.1375836735
390 29.991178
395 30.0731851064
400 30.0594795918
405 30.079308
410 30.1611510204
415 29.9918877551
420 30.0728791667
425 30.06357
430 30.099994
435 30.133626
440 30.0171958333
445 30.0770520833
450 30.0812
455 30.106684
460 30.138704
465 30.0190212766
470 30.0855591837
475 30.061068
480 30.089716
485 30.138948
490 30.0073166667
495 30.0584170213
500 30.087068
505 30.093848
510 30.130674
515 30.0124065217
520 30.0657041667
525 30.070654
530 30.07537
535 30.119514
540 30.0392234043
545 30.053048
550 30.0625795918
555 30.0819755102
560 30.132548
565 30.0661489362
570 30.0302102041
575 30.0604458333
580 30.095702
585 30.09656
590 30.0662808511
595 30.059538
600 30.0623979592
