5 31.0082675676
10 43.1263744681
15 43.7272
20 43.714788
25 43.745572
30 43.5895857143
35 43.8616428571
40 43.721582
45 43.730938
50 43.763784
55 43.5343612245
60 43.89875
65 43.748214
70 43.715212
75 43.67736
80 43.492174
85 44.011128
90 43.731734
95 43.7374
100 43.668682
105 43.548086
110 43.9319897959
115 43.793794
120 43.733526
125 43.718536
130 43.421758
135 43.9467755102
140 43.80151
145 43.73092
150 43.744986
155 43.490514
160 43.885808
165 43.768336
170 43.766492
175 43.73795
180 43.506356
185 26.9182145833
190 26.773024
195 26.734122
200 26.746572
205 26.509638
210 26.91529
215 26.741446
220 26.69587
225 26.732912
230 26.450912
235 26.9955918367
240 26.756272
245 26.733938
250 26.717442
255 26.588708
260 26.792806
265 26.788948
270 26.743932
275 26.733042
280 26.576136
285 26.7267163265
290 26.876152
295 26.732562
300 26.740822
305 26.584994
310 26.724638
315 26.835286
320 26.744558
325 26.731532
330 26.651912
335 26.674424
340 26.855544
345 26.72695
350 26.748642
355 26.657346
360 26.661358
365 26.857394
370 26.726976
375 26.692952
380 26.69784
385 26.640168
390 26.886882
395 26.737316
400 26.702294
405 26.670818
410 26.643504
415 26.872452
420 26.726928
425 26.73671
430 26.697254
435 26.586014
440 26.769362
445 26.866544
450 26.72854
455 26.719868
460 26.600518
465 26.8581040816
470 26.773588
475 26.724782
480 26.705002
485 26.591948
490 26.885542
495 26.760332
500 26.739012
505 26.711662
510 26.531804
515 26.913338
520 26.765264
525 26.704806
530 26.696582
535 26.611024
540 26.859586
545 26.778162
550 26.68695
555 26.769772
560 26.616662
565 26.73203
570 26.845354
575 26.717346
580 26.711358
585 26.741654
590 26.619476
595 26.874338
600 26.715398
