5 31.0082675676
10 43.1263744681
15 43.7272
20 43.714788
25 43.745572
30 43.5895857143
35 43.8616428571
40 43.721582
45 43.730938
50 43.763784
55 43.5343612245
60 43.89875
65 43.748214
70 43.715212
75 43.67736
80 43.492174
85 44.011128
90 43.731734
95 43.7374
100 43.668682
105 43.548086
110 43.9319897959
115 43.793794
120 43.733526
125 43.718536
130 43.421758
135 43.9467755102
140 43.80151
145 43.73092
150 43.744986
155 43.490514
160 43.885808
165 43.768336
170 43.766492
175 43.73795
180 43.4553125
185 34.5371782609
190 33.42648
195 34.30976
200 34.990788
205 34.4849136364
210 34.638036
215 33.43128
220 35.4859285714
225 34.20240625
230 34.75591
235 34.047312
240 33.43654
245 35.35425
250 35.2866733333
255 34.6171142857
260 34.7951969697
265 34.3640714286
270 35.847265
275 35.5993125
280 34.5697166667
285 34.8024363636
290 34.4745428571
295 35.8040947368
300 35.28105
305 34.6381560976
310 35.0226694444
315 33.5965333333
320 35.50817
325 35.3693
330 34.3739526316
335 35.1691684211
340 34.38514
345 34.9328444444
350 35.83005
355 34.433325
360 35.189365
365 34.0480166667
370 36.1603615385
375 35.7741454545
380 34.7519694444
385 35.4303780488
390 34.36039
395 35.7034625
400 33.4767461538
405 35.0626088235
410 35.3107394737
415 35.2717222222
420 34.9518
425 33.0445909091
430 35.1570290323
435 35.2610307692
440 34.44768
445 34.9899
450 33.2992916667
455 35.0071241379
460 35.3131121951
465 34.9026928571
470 34.1637
475 33.4755
480 34.8853769231
485 35.3102769231
490 34.9254947368
495 33.43404
500 33.6716636364
505 34.8697863636
510 34.95215
515 34.573426087
520 32.619475
525 36.0391076923
530 34.9283941176
535 35.1140365854
540 34.681772
545 33.9737
550 36.0581
555 34.627825
560 34.9400414634
565 34.8515083333
570 35.0025
575 35.5091214286
580 34.1121
585 35.1254923077
590 34.9407666667
595 33.47894
600 35.7093866667
