5 30.651926
10 30.09175
15 30.0674291667
20 30.101722
25 30.059106
30 30.14718
35 30.0392346939
40 30.0748795918
45 30.0868163265
50 30.0671081633
55 30.153022
60 29.9935714286
65 30.0847229167
70 30.072754
75 30.114132
80 30.1493367347
85 29.996586
90 30.0870541667
95 30.0564857143
100 30.098196
105 30.1600755102
110 30.0373163265
115 30.063322
120 30.073044
125 30.097492
130 30.1478204082
135 30.0062979167
140 30.091068
145 30.080234
150 30.088834
155 30.220086
160 29.9688918367
165 30.0981612245
170 30.08265
175 30.075684
180 39.897058
185 40.0905673469
190 39.9298795918
195 40.0914020408
200 40.0720591837
205 40.2523795918
210 39.8945428571
215 40.1156918367
220 40.1356020408
225 40.121955102
230 40.1679916667
235 40.2166020833
240 39.9902914894
245 40.0949170213
250 39.7473085106
255 39.7957659574
260 40.0376553191
265 39.5670170213
270 39.7748617021
275 39.9546021277
280 40.1106574468
285 39.6973276596
290 40.0230531915
295 40.0812765957
300 39.9435361702
305 40.1796340426
310 39.9568170213
315 40.0752468085
320 39.9943787234
325 39.8935191489
330 40.1370478261
335 40.2305413043
340 39.9955152174
345 39.3965282609
350 39.8436652174
355 39.9400826087
360 40.0267065217
365 39.8606804348
370 39.8756543478
375 40.0443652174
380 40.0547086957
385 39.9666652174
390 39.7204717391
395 40.109076087
400 40.0308565217
405 39.7633543478
410 39.7381326087
415 39.6903282609
420 39.7883043478
425 40.1872369565
430 40.1453717391
435 39.9089130435
440 39.78235
445 39.7793543478
450 39.8996826087
455 39.9980652174
460 40.0754543478
465 39.8800478261
470 40.0872065217
475 40.1191130435
480 40.0846956522
485 39.999876087
490 39.9620652174
495 40.3308543478
500 39.9009347826
505 40.074126087
510 39.7639021739
515 40.0921826087
520 39.8049782609
525 39.9000717391
530 39.9877826087
535 39.8656066667
540 40.3851088889
545 39.8936577778
550 39.9664022222
555 39.9874733333
560 39.7306863636
565 40.1264954545
570 39.8374272727
575 39.8123454545
580 39.9202181818
585 40.1330045455
590 39.8409068182
595 39.7548636364
600 40.0982954545
