5 30.651926
10 30.09175
15 30.0674291667
20 30.101722
25 30.059106
30 30.14718
35 30.0392346939
40 30.0748795918
45 30.0868163265
50 30.0671081633
55 30.153022
60 29.9935714286
65 30.0847229167
70 30.072754
75 30.114132
80 30.1493367347
85 29.996586
90 30.0870541667
95 30.0564857143
100 30.098196
105 30.1600755102
110 30.0373163265
115 30.063322
120 30.073044
125 30.097492
130 30.1478204082
135 30.0062979167
140 30.091068
145 30.080234
150 30.088834
155 30.220086
160 29.9688918367
165 30.0981612245
170 30.08265
175 30.075684
180 39.897058
185 40.084672
190 39.959648
195 40.116728
200 40.0123395833
205 40.2724145833
210 39.8863875
215 40.0827375
220 40.1231145833
225 40.1170659574
230 40.1277638298
235 40.2221468085
240 39.9979255319
245 40.0843276596
250 39.7032276596
255 39.8015595745
260 39.9051
265 39.6114680851
270 39.7486510638
275 39.8846021277
280 40.0022297872
285 39.6544765957
290 40.0611234043
295 40.1352553191
300 39.8685
305 40.1356595745
310 39.9215765957
315 40.0208851064
320 40.0901617021
325 39.8819680851
330 40.1588255319
335 40.1427787234
340 40.0600297872
345 39.4148595745
350 39.8592191489
355 39.9860361702
360 39.9622744681
365 39.9061413043
370 39.9030543478
375 40.0370282609
380 39.9926355556
385 39.94666
390 39.6857477273
395 40.1040022727
400 39.997675
405 39.6468886364
410 39.7724681818
415 39.6536318182
420 39.83025
425 40.1383909091
430 40.1827136364
435 39.9293795455
440 39.8249045455
445 39.7020909091
450 39.9139590909
455 39.9603295455
460 40.1286613636
465 39.9145431818
470 40.1344386364
475 40.0649818182
480 40.1247613636
485 40.0245727273
490 39.9149931818
495 40.2565022727
500 39.8541363636
505 40.09915
510 39.7061340909
515 40.108875
520 39.8093590909
525 39.9177340909
530 40.0141090909
535 39.8716181818
540 40.4711409091
545 39.8183295455
550 39.9183886364
555 40.0054727273
560 39.6177909091
565 40.0341954545
570 39.8737954545
575 39.8565681818
580 39.9664
585 40.12375
590 39.6935227273
595 39.7615522727
600 40.1944159091
