5 28.170425
10 43.5017923077
15 44.4833769231
20 44.6313214286
25 44.5821375
30 44.5533
35 44.704475
40 44.66065
45 44.5642266667
50 44.5973
55 44.3360176471
60 44.8952411765
65 44.6239647059
70 44.6306
75 44.51820625
80 44.4265882353
85 44.9548375
90 44.6341117647
95 44.6306625
100 44.5663529412
105 44.44108125
110 44.7437058824
115 44.8474705882
120 44.6578470588
125 44.5528647059
130 44.27708
135 44.7929625
140 44.6282294118
145 44.6085222222
150 44.7175777778
155 44.4456882353
160 44.8325722222
165 44.7115722222
170 44.5829058824
175 44.6358125
180 42.4796
185 27.4342666667
190 27.45893
195 27.6245333333
200 27.3486666667
205 27.5632
210 27.6193875
215 27.7355888889
220 27.7242444444
225 27.46115
230 27.6158375
235 27.7146
240 27.40095
245 27.5206545455
250 27.5205333333
255 27.7294363636
260 27.4480714286
265 27.74258
270 27.58028
275 27.62964
280 27.6540333333
285 27.1992
290 27.8223625
295 27.61547
300 27.587475
305 27.2866727273
310 27.6199857143
315 27.5893
320 27.6099777778
325 27.5865111111
330 27.4359
335 27.27328
340 27.8508625
345 27.3813454545
350 27.6198727273
355 27.6726
360 27.23917
365 27.7187
370 27.39067
375 27.5438583333
380 27.7529444444
385 27.0374
390 27.937175
395 27.5877090909
400 27.6374636364
405 27.5214125
410 27.3977636364
415 27.78872
420 27.4912777778
425 27.7529
430 27.5563
435 27.35071
440 27.5982
445 27.7812
450 27.5776636364
455 27.6844555556
460 27.387825
465 27.6108142857
470 27.4689666667
475 27.5495166667
480 27.6362454545
485 27.3462076923
490 27.7604444444
495 27.6724916667
500 27.67268
505 27.6124111111
510 27.5333727273
515 27.8430545455
520 27.6005833333
525 27.6339
530 27.5354666667
535 27.682
540 27.7121583333
545 27.64214
550 27.49298125
555 27.6017230769
560 27.4611333333
565 27.66105
570 27.6082846154
575 27.6558416667
580 27.5654416667
585 27.55541
590 27.3644
595 27.5815
600 27.6651
