5 43.8649
10 44.6252
15 43.9422
20 44.6256
25 44.6279
30 44.6278
35 44.6093
40 44.6415
45 44.6693
50 44.6144
55 43.6683
60 45.5895
65 43.9282
70 44.6414
75 44.6376
80 44.2701
85 44.9379
90 44.6169
95 43.9221
100 44.609
105 44.5732
110 44.6683
115 44.6678
120 43.9961
125 43.9651
130 43.2393
135 44.8495
140 44.3754
145 44.6312
150 44.6222
155 44.6646
160 44.6222
165 44.9519
170 44.6179
175 44.6166
180 44.6376
190 27.6471
200 27.6258
215 27.9425
220 27.6367
225 27.657
230 27.6047
240 27.6572
245 27.6106
250 27.617
260 27.6576
270 27.6469
275 27.6517
280 27.6112
285 26.9536
290 28.2396
300 26.933
310 27.9054
315 26.9945
320 27.6059
325 26.9639
345 27.6333
350 27.6364
355 27.6257
360 27.2887
365 27.3023
370 26.9482
375 26.9576
385 27.3228
395 27.9638
405 26.9434
410 27.6026
430 26.9768
450 26.9483
455 27.6396
470 26.9426
480 26.2483
485 27.8912
495 27.6512
500 27.6484
505 27.6157
515 27.3526
520 27.2947
525 27.9227
540 27.6785
545 27.655
550 27.6062
560 26.9745
575 27.6888
580 27.6254
590 26.2624
600 26.9412
5 0
10 44.3766
15 44.6487
20 44.6778
25 44.6575
30 43.9843
35 45.2676
40 44.652
45 44.6171
50 44.6586
55 43.9475
60 44.6543
65 44.6709
70 44.6496
75 44.6272
80 44.6406
85 44.6591
90 44.6178
95 44.6505
100 44.6772
105 44.2856
110 44.401
115 45.2864
120 44.6291
125 44.6243
130 44.0033
135 45.2138
140 44.6334
145 44.6648
150 44.6476
155 44.3173
160 44.6266
165 44.6527
170 44.6632
175 44.6522
180 44.6215
190 27.6223
195 27.9712
200 27.6432
215 27.5939
225 26.9339
240 27.9452
250 27.6201
255 27.9531
270 27.6091
275 27.6423
280 27.6558
295 26.9931
300 27.6534
305 26.9206
310 27.9105
315 27.0101
325 27.6204
330 27.667
335 27.6175
340 27.6871
345 27.6508
350 27.6147
355 27.6466
365 27.635
370 26.9728
375 27.6206
380 27.6742
390 27.6422
400 27.639
410 27.6406
415 27.6454
420 27.6394
425 27.6679
430 27.6095
435 26.5478
445 28.2873
450 27.6462
455 27.9377
460 27.2623
475 27.656
480 27.9475
485 27.0046
490 28.493
505 27.9323
510 27.3254
515 27.9312
520 27.7163
525 27.6635
530 27.6557
535 27.6363
540 27.0286
545 26.9786
550 27.0211
555 28.2711
565 27.6395
570 27.9456
575 27.6545
590 27.6547
595 27.6444
600 27.6422
5 29.8013
10 40.4385
15 44.7073
20 44.7234
25 44.7095
30 43.9653
35 45.2837
40 44.7449
45 44.6616
50 44.6692
55 43.9296
60 45.2837
65 44.7401
70 44.7041
75 44.0302
80 43.9736
85 45.265
90 44.71
95 44.7286
100 44.6818
105 43.1672
110 45.7621
115 44.7232
120 44.7346
125 44.6957
130 44.6961
135 44.3242
140 44.9861
145 44.6873
150 44.7096
155 43.2062
160 45.2062
165 45.3563
170 44.6864
175 44.751
180 44.7464
460 27.749
465 26.6087
475 26.9926
480 27.7076
485 27.7164
490 26.8865
495 27.1078
500 27.6956
515 27.7285
525 27.3762
535 28.0411
540 27.7091
550 27.7065
560 27.0033
570 27.0894
575 27.6867
580 27.7092
585 27.7157
5 37.9845
10 44.9728
15 44.6107
20 44.614
25 44.641
30 44.6404
35 44.6044
40 43.9332
50 44.6399
55 44.6115
60 44.6422
65 44.6423
70 44.6367
75 44.5949
80 44.6437
85 44.6122
90 44.6502
95 44.6233
100 44.6067
105 44.7168
110 44.6504
115 44.9751
120 44.9158
125 44.6107
130 44.6651
135 44.6411
140 44.6206
145 44.6283
150 44.6376
155 44.6293
160 44.943
165 44.6412
170 44.6451
175 44.5933
180 44.6319
190 26.9769
200 27.6131
210 26.9613
225 26.976
230 27.9731
245 27.9439
255 27.9235
260 27.2369
270 26.8921
275 27.574
295 27.614
300 27.5825
305 26.948
320 28.2619
325 27.6378
330 26.9439
335 27.6242
345 27.6167
350 27.6992
360 27.6374
370 27.6267
375 27.6329
395 27.6011
400 27.6454
405 27.6557
410 27.6667
415 26.9998
425 27.6548
430 27.6524
435 28.0275
440 27.0076
450 27.6429
460 27.6497
465 26.7021
470 28.5975
485 27.6517
495 27.9702
500 27.6435
505 27.647
510 27.624
525 27.6253
530 27.6044
535 27.6497
545 27.9023
550 27.9682
555 27.5797
565 26.9624
580 27.6424
585 27.6123
5 36.1996
10 43.9616
15 43.9381
20 44.623
25 44.6602
30 44.7118
35 43.9926
40 44.6571
45 44.6361
50 44.6436
55 44.6357
60 44.2713
65 44.6626
70 44.6532
75 44.683
80 44.6581
85 44.6653
90 44.6395
95 44.6529
100 44.7128
105 44.2784
110 44.3739
115 44.9328
120 44.6599
125 44.6829
130 44.6845
135 44.6609
140 44.668
145 43.9554
150 44.7081
155 45.0121
160 44.3664
165 44.6666
170 44.651
175 44.6412
180 43.5796
185 27.9512
190 27.7069
195 27.6462
200 27.6351
210 28.23
225 26.9776
230 27.6369
235 27.6152
250 27.6504
255 27.6849
265 27.9512
270 26.9745
275 27.7002
285 27.0372
295 27.708
300 27.001
310 27.6363
315 27.6455
320 27.0113
325 27.6481
335 26.9695
345 27.9619
350 27.6443
355 27.6356
360 27.0017
370 26.9667
375 27.712
380 27.6536
395 27.0025
400 27.6858
420 27.6437
425 27.6412
430 26.9889
435 26.2908
440 28.2567
445 27.655
455 27.7043
460 27.6691
465 27.7491
470 27.6532
475 27.6777
480 27.6604
495 27.9591
510 27.6
515 27.9862
520 26.9511
525 27.7218
530 27.693
550 26.9705
555 27.6925
565 27.9612
570 27.6784
575 27.9842
580 27.6504
585 27.6476
590 27.6456
595 26.9553
25 44.7181
30 44.7409
35 44.7649
40 44.7312
45 44.0313
50 44.7763
55 44.7477
60 44.7342
65 44.7108
70 44.7022
75 43.936
80 45.2884
90 44.7237
100 44.738
110 45.3636
115 44.7178
120 44.7753
125 44.7216
135 45.068
140 44.7715
145 44.746
150 44.7061
160 45.0369
165 44.7423
170 44.7657
175 44.7343
180 44.6784
185 27.7764
190 27.7368
195 27.7502
200 27.7443
205 27.7718
210 27.7351
215 27.7107
220 27.7333
225 27.726
230 27.747
235 27.7544
240 27.0611
245 27.7624
250 27.0627
255 27.7242
265 27.7645
270 27.7334
275 27.7488
280 27.726
285 27.4379
290 28.1073
295 27.7559
300 27.7868
305 27.7282
310 27.7154
315 27.7419
320 27.7798
325 27.7279
330 27.7447
335 28.0408
340 27.4389
350 27.0793
355 27.7338
360 26.8171
370 27.7333
375 27.1383
380 28.3312
385 26.8348
390 28.5754
395 27.0576
400 27.7535
405 27.0399
410 28.2358
415 27.7892
420 27.7493
425 27.7576
430 27.7654
435 27.6949
440 27.7405
445 27.7501
450 27.7115
455 27.7339
460 27.0033
465 28.3107
470 27.7657
475 27.7572
480 27.7522
485 26.9692
490 28.3324
495 27.7265
500 27.7311
505 27.7273
510 27.366
515 28.0537
520 27.741
525 27.763
530 27.0749
535 27.3642
540 27.9614
545 27.7587
550 27.739
555 27.3841
560 27.3019
565 28.0694
570 27.7289
580 27.7663
585 27.3359
590 28.0252
595 27.7153
600 27.7681
5 0
10 42.852
15 44.0332
20 44.692
25 44.6751
30 44.7378
35 44.6366
40 44.6721
45 45.0059
50 44.665
55 44.0589
60 45.328
65 44.6573
70 44.6696
75 44.9638
80 44.0213
85 45.0333
90 44.0052
95 44.6793
100 44.6572
105 44.0522
110 45.2328
115 44.7
120 44.6795
125 44.6933
130 44.7119
135 44.7005
140 44.6703
145 44.7018
150 44.6751
155 44.6866
160 44.6867
165 44.6753
170 44.6901
175 44.6442
180 44.6876
185 27.6472
195 27.6749
200 27.6865
205 27.6894
210 27.6769
220 27.6719
225 27.6769
230 27.6616
235 27.7289
245 27.6995
250 27.7008
255 27.6864
260 27.7815
265 27.6257
270 27.0201
275 27.6942
280 27.6433
290 27.9963
295 27.7029
300 27.6871
305 27.0052
310 27.7467
315 28.288
320 27.685
325 27.654
330 27.7205
335 26.4168
340 29.0221
345 27.6887
350 27.6537
355 27.6961
360 26.7332
365 28.565
370 27.7027
375 27.679
380 27.6721
385 26.7291
390 28.6441
395 27.6769
400 27.673
410 26.021
415 28.5348
425 27.6748
430 27.7211
435 27.6184
440 27.1199
450 27.692
455 27.6953
460 27.0252
465 28.6199
470 27.2893
475 27.7161
480 27.7102
485 27.3133
490 27.9893
500 27.6864
505 27.6678
510 28.0565
515 27.6835
525 27.6809
530 27.6533
535 27.776
540 27.5741
545 27.6727
550 27.7157
555 27.6822
560 27.6794
565 27.7513
570 27.6288
575 27.7101
580 27.6484
585 27.6619
590 27.69
600 27.6753
10 44.112
15 44.1584
20 44.7259
25 45.0803
30 44.5956
35 44.7398
40 44.7043
45 44.7752
50 44.1036
55 44.0309
60 44.7749
65 44.7537
70 44.6917
75 44.7619
80 43.3516
85 46.1964
90 44.7819
95 44.7342
100 44.032
105 43.648
110 45.623
115 44.744
120 44.7044
125 44.0298
130 44.0007
135 45.258
140 44.7095
145 44.7114
150 44.6932
155 43.938
160 45.3875
165 44.7163
170 44.749
175 44.7035
180 43.9714
495 27.7305
505 27.3627
510 27.7032
520 28.0057
525 27.7047
540 27.7495
545 27.7454
550 27.7641
555 27.07
565 27.6921
570 27.0613
580 27.7338
585 27.7228
590 27.4354
600 27.7456
145 44.6401
150 44.9997
155 44.6924
160 44.7056
165 44.6417
180 27.6352
185 27.9247
195 26.9989
200 27.0007
205 27.6842
210 27.6954
215 27.6883
220 27.6506
225 26.9604
235 27.6803
245 27.6833
250 27.6635
275 27.6201
285 27.324
300 27.612
305 27.6513
310 27.346
315 27.969
330 26.9326
345 26.2924
360 26.9458
370 27.659
380 27.6362
390 27.6615
405 27.6786
415 27.6444
425 27.7118
430 27.6188
435 27.6415
450 27.0299
455 27.6706
475 26.9705
480 27.6999
485 27.6752
490 27.725
500 27.3247
505 27.9365
515 28.268
520 27.6535
530 27.6504
540 27.9543
550 26.9861
555 28.3306
565 26.992
570 27.9882
585 27.9549
595 27.6529
600 27.6595
20 44.747
25 44.7434
30 44.7228
35 45.0785
40 44.7701
45 44.7294
50 44.8325
55 44.4782
60 45.003
65 44.7429
70 44.3984
75 44.4339
80 43.7601
85 45.7187
90 44.7081
95 44.7706
100 45.0479
105 45.042
110 44.4821
115 44.7122
120 44.713
125 44.7407
130 44.6121
135 44.8653
140 44.7535
145 44.7604
150 44.733
155 44.0753
160 45.3516
165 44.7176
170 44.7009
175 44.6739
180 44.6888
225 27.7038
235 27.9915
245 27.4082
255 28.0478
265 27.7197
290 26.3378
295 28.0471
300 27.7256
305 27.7228
315 27.7451
335 27.6676
340 27.7539
345 27.0755
350 27.7447
375 27.7416
380 27.7306
390 28.39
395 27.6767
400 27.6721
405 27.769
410 26.7935
415 28.7422
420 27.7588
425 28.0197
430 27.7307
435 26.3582
440 28.4188
445 27.7421
450 27.7273
455 27.7479
460 27.0487
475 27.0458
485 27.1579
495 27.7727
500 27.7185
515 27.7987
520 28.0965
525 27.7351
530 27.7278
535 27.7856
545 27.0465
550 27.7056
555 27.707
570 27.7111
575 27.7299
590 27.8005
5 29.6605
10 42.53
15 44.7224
20 44.7291
25 44.6447
30 44.691
35 44.9797
40 44.7062
45 44.0377
50 44.0222
55 44.7038
60 44.7361
65 44.6928
70 44.7143
75 44.6891
80 44.315
85 44.7217
90 44.7006
95 44.6459
100 44.6892
105 44.6953
110 44.7383
115 44.9843
120 44.6977
125 44.6706
130 44.7013
135 44.6976
140 44.6796
145 44.6606
150 44.7587
155 44.7024
160 44.6515
165 44.6809
170 44.6755
175 44.7198
180 44.0167
185 26.3351
190 27.6969
195 27.6646
200 27.036
205 26.9976
215 27.7363
220 27.7151
225 27.7554
235 27.9943
240 27.0688
245 27.6757
250 27.7412
255 27.759
260 27.376
270 27.9931
275 27.6916
280 26.9987
285 27.392
295 27.6852
300 27.7383
305 27.0063
315 27.409
320 26.9998
330 27.6874
340 27.9756
345 27.7053
350 27.6835
355 27.7272
360 27.6736
365 27.1498
375 27.0504
395 27.715
400 28.0038
405 27.7182
410 27.7325
415 27.697
420 27.0856
425 27.7334
440 27.1248
445 27.6775
450 27.7086
470 28.0124
475 27.7038
485 27.6172
490 27.1078
495 27.081
500 27.6815
505 27.6755
510 26.9212
520 27.0448
525 27.7075
530 28.0147
535 27.6546
540 27.9838
550 27.6849
555 27.0406
560 27.6257
565 27.645
570 28.05
575 27.6804
590 27.0265
600 27.9921
5 36.5358
10 44.9943
15 44.7146
20 44.0132
25 44.7005
30 44.3435
35 44.7045
40 44.6832
45 43.9963
50 44.7056
55 44.9924
60 44.7099
65 43.9989
70 44.6832
75 44.0214
80 44.7368
85 44.6133
90 44.6694
95 44.6676
100 44.6678
105 44.6553
110 44.1268
115 45.299
120 44.6662
125 44.0075
130 45.0472
135 43.7098
140 44.0195
145 44.6684
150 44.7585
155 44.6234
160 44.7665
165 44.7212
170 44.7243
175 44.6987
180 45.0173
460 27.3368
470 27.03
475 27.7063
480 27.6536
485 26.9042
495 27.7022
510 28.0169
520 27.6903
525 27.6731
540 27.6895
550 27.7076
565 27.661
570 27.6775
575 27.7299
580 27.7206
585 27.7072
5 0
10 40.0628
15 45.5008
20 44.7058
25 44.7006
30 44.7103
35 44.6885
40 44.7049
45 44.656
50 44.5824
55 44.7415
60 44.6603
65 44.7599
70 44.6881
75 44.2997
80 44.3796
85 45.2927
90 44.7063
95 44.7125
100 43.3074
105 44.9542
110 45.0761
115 44.7055
120 44.7126
125 44.7115
130 43.9878
135 45.4277
140 45.0085
145 45.007
150 44.6572
155 44.3249
160 44.9873
165 44.7137
170 44.6804
175 44.7041
180 44.3091
190 27.6943
195 27.6401
200 27.0043
205 27.673
210 27.717
215 27.7049
220 27.9622
225 27.7331
230 27.7439
235 27.6882
240 27.7017
245 27.7209
250 27.6676
255 27.6087
260 27.7339
275 28.0113
280 27.659
285 27.342
290 28.2965
295 27.9688
300 27.7146
305 27.3471
320 27.7418
325 27.6782
330 27.3058
335 27.365
350 27.6971
355 27.6894
360 27.3268
365 28.0114
375 27.9737
380 27.7076
395 27.7521
400 27.6564
410 27.049
420 27.6891
425 27.9778
430 27.6628
435 27.3228
440 27.368
445 27.6869
450 27.6686
455 27.734
460 27.6288
475 28.0554
480 27.9815
490 27.7039
495 27.6814
510 27.6279
530 27.7084
545 27.7185
550 27.0265
555 27.6983
560 27.3239
570 27.7137
575 27.6793
580 26.9721
585 27.2547
590 26.4614
595 28.783
600 27.6905
20 44.5846
25 42.7765
30 44.9748
35 44.5678
40 44.9134
45 44.604
50 44.6256
55 44.3712
60 44.9048
65 44.6414
70 44.8813
80 44.6126
85 44.8498
90 44.5963
95 44.6024
100 44.6357
105 44.7191
110 44.001
115 44.6161
120 44.6004
125 44.612
140 44.6154
145 44.6302
150 44.6225
155 44.93
160 44.3156
165 43.9327
170 43.9756
180 26.8107
185 26.971
190 26.9259
200 27.9418
210 26.6705
215 27.6327
220 27.6067
225 27.6269
245 26.9454
250 26.9615
255 28.0475
260 27.2988
265 27.6518
270 27.6296
280 27.9254
285 26.9077
290 28.2402
295 26.9551
300 27.6427
305 27.7169
315 27.314
325 27.6427
330 27.6312
335 26.2346
340 28.2668
345 26.9225
355 27.648
360 27.2746
370 27.6313
375 27.6386
380 27.6944
385 27.2629
390 27.8854
395 27.6623
400 27.6379
405 27.6479
410 27.6476
415 27.8647
420 27.6225
425 27.5974
450 27.905
460 27.6039
465 27.6309
470 26.9393
475 27.6237
480 27.8852
485 27.6142
490 27.6517
495 28.0061
500 27.6268
510 27.5892
515 27.1812
520 27.6781
530 26.96
535 28.2539
540 27.3029
545 28.2662
550 27.5992
555 27.6619
560 28.2245
565 28.2366
570 26.9921
575 27.6246
580 27.6644
590 27.3115
595 27.9403
600 26.913
55 43.4306
60 45.9558
65 45.0133
70 44.6579
75 44.6471
80 44.619
85 44.64
90 44.6871
95 44.6446
100 44.6399
105 44.6549
110 44.6067
115 45.0047
120 44.675
125 44.6666
130 44.6487
135 44.6481
140 43.9882
145 44.6218
150 44.6534
155 43.9754
160 45.2829
165 44.6756
170 44.6862
175 44.7044
180 43.9363
5 43.8761
10 44.6533
15 44.6664
20 44.6767
25 44.6459
30 44.6697
35 43.9628
40 44.6916
45 44.6907
50 44.6752
55 44.0364
60 44.6308
65 44.6561
70 43.9649
75 44.6424
80 44.6793
85 44.6594
90 44.651
95 44.6818
100 44.6531
105 44.6378
110 44.2302
115 45.0042
120 44.647
125 44.6647
130 44.6283
135 44.6464
140 44.6646
145 44.619
150 44.6599
155 44.6269
160 44.0228
165 44.6425
170 44.624
175 44.6821
180 44.0268
190 26.9636
195 27.654
200 26.3073
215 27.9798
220 27.9607
225 27.7078
230 27.6155
240 26.9717
255 27.6089
260 27.0518
270 28.6168
275 26.9622
280 27.6506
290 27.6323
300 27.9727
305 27.9851
315 27.6632
320 27.6412
330 27.6719
335 27.0826
340 27.6495
345 26.9705
350 27.6485
355 27.651
360 27.6928
365 27.6714
370 27.6416
375 27.6755
390 27.7006
395 27.6667
400 26.9654
405 27.7186
410 27.6131
415 26.9498
420 27.6604
425 27.9348
430 27.6724
435 28.2814
440 27.6729
445 27.6695
460 27.6504
465 27.6543
470 26.9907
485 26.9379
490 27.9544
505 26.9469
510 27.0368
515 28.277
520 27.6382
525 26.9979
530 27.6907
535 27.2968
540 27.9448
545 27.6775
550 27.6602
555 26.9828
560 27.2913
570 27.6427
575 27.6565
580 27.6569
595 26.9683
600 28.5945
5 36.2406
10 43.9956
15 44.6915
20 44.7004
25 44.711
30 44.6979
35 44.761
40 44.7201
45 44.7169
50 44.7229
55 44.7214
60 44.7119
65 44.705
70 44.6967
75 44.7127
80 44.6728
85 44.7425
90 44.6782
95 44.7039
100 44.6684
105 44.6872
110 44.7352
115 44.7011
120 44.696
125 44.6572
130 43.4412
135 44.6838
140 44.9476
145 44.6766
150 44.7334
155 45.2532
160 44.6981
165 44.6917
170 44.6559
175 44.6933
180 44.7097
220 27.581
225 27.3995
230 26.944
245 27.3137
255 26.9798
270 27.6872
280 28.0163
290 27.7289
295 27.7246
305 26.1219
310 27.0796
315 27.702
320 27.7631
325 27.7056
330 27.054
335 27.7142
340 27.013
345 27.6772
350 27.7172
365 27.696
370 27.0244
375 27.7061
380 27.6766
390 26.9982
395 27.6901
400 27.6798
410 27.373
415 28.0199
420 26.5727
425 27.6636
430 27.7205
435 27.7238
440 27.6746
450 27.674
455 27.2968
460 27.0267
475 27.6891
480 27.7523
485 27.0477
495 27.6812
500 27.9703
515 28.013
520 27.6968
525 27.669
530 26.9923
535 27.3618
540 27.9694
550 27.0263
555 27.7216
560 27.7257
575 27.0452
580 26.9954
585 26.9411
590 27.6952
595 26.9925
600 27.6941
5 43.8818
10 43.9486
15 43.9496
25 44.622
30 44.0389
35 44.6299
40 44.6446
45 44.6359
50 44.6198
55 44.6067
60 44.6284
65 44.6312
70 44.6869
75 44.6104
80 44.6294
85 44.6701
90 44.6377
95 44.6704
100 44.6039
105 44.2901
110 44.5715
115 44.6328
120 44.6808
125 44.6445
130 43.0887
135 45.2927
140 44.5682
145 43.9431
150 44.9406
155 43.9187
160 45.3289
165 44.9881
170 43.7182
175 43.9604
180 43.9278
190 27.6186
195 27.6207
200 26.9459
210 28.2689
215 27.6312
225 27.6218
235 27.264
245 26.9636
