5 34.379
10 31.5001
15 31.2743
20 31.0999
25 31.3334
35 31.2443
40 31.3189
45 31.3516
50 31.4854
60 31.221
65 31.1598
70 31.2884
75 31.3324
80 31.5204
85 31.7049
90 31.2751
95 31.4513
100 31.4571
110 31.7601
115 31.5676
120 31.6286
125 31.2472
130 31.6389
135 31.1019
140 31.4587
145 31.5387
150 31.4715
155 31.5296
160 31.0189
165 31.3338
170 31.5578
175 31.3006
180 31.7486
190 31.5693
195 31.4244
200 31.6311
210 31.3686
215 31.8531
220 31.1832
240 31.2829
245 31.2586
250 31.8773
255 31.7117
260 31.9316
265 31.2865
270 31.2659
275 31.4686
280 31.1322
285 31.4484
290 31.5473
295 31.3201
300 31.5397
305 32.1189
310 30.955
315 31.1261
320 31.1656
325 31.5059
330 31.5256
335 31.1068
340 31.29
345 31.5002
350 31.6483
355 31.5898
360 31.2286
365 31.4063
370 31.4737
375 31.52
380 31.3192
385 31.3028
390 31.5463
395 31.3468
400 31.8034
405 31.3793
410 31.6842
415 31.2653
420 31.3226
425 31.4512
430 31.873
435 31.301
440 31.1008
445 31.8418
450 31.5793
455 31.454
460 31.6523
465 31.3345
470 31.2944
475 31.3087
480 31.297
485 31.353
490 31.0729
495 31.4584
500 31.2982
505 31.3208
520 31.3421
525 31.1871
530 31.2581
535 31.661
545 31.6653
550 31.8849
555 31.2499
560 31.3187
565 30.8228
570 31.6076
575 31.1424
580 31.5213
585 31.3037
590 31.4554
595 31.2103
600 31.4305
5 31.5012
15 31.0526
20 31.0915
25 31.3612
35 31.2799
40 31.4543
45 31.5715
50 31.224
55 31.7756
60 30.997
65 31.7367
70 31.2358
75 31.5982
80 31.431
85 31.6132
90 30.8443
95 31.2346
100 31.4239
105 31.6411
110 31.154
115 31.0127
120 31.111
125 31.2756
130 31.3377
135 31.0252
140 31.4254
145 31.6644
150 31.225
155 31.0254
160 31.1789
165 31.3959
170 31.2345
175 31.0467
185 31.6317
200 31.407
205 31.548
210 31.5072
225 31.0358
230 31.4776
235 31.174
240 30.9624
245 31.1963
250 31.0605
255 30.9997
260 31.4816
265 30.7446
270 31.392
275 31.6051
280 31.5424
285 31.4444
290 31.8292
295 31.5819
305 31.5499
310 31.616
315 30.9532
320 31.3629
325 31.2151
330 31.2146
340 31.6368
345 31.2647
350 31.6463
355 31.3978
360 31.203
365 31.0414
370 31.3938
375 31.7605
380 31.61
385 31.282
390 30.9469
395 31.4178
400 31.2431
405 31.2003
410 31.5537
415 31.2097
420 30.9023
430 30.8796
435 31.0087
440 31.3163
445 31.2056
450 31.0269
455 31.2342
460 31.2815
465 31.4042
470 31.4089
475 31.6291
485 31.4667
490 31.5931
495 31.4521
500 31.2442
505 31.2173
510 31.4304
515 31.3459
520 31.1933
530 31.4295
535 31.2885
540 31.107
545 31.126
550 31.6054
555 31.2366
560 31.188
565 32.139
570 31.502
575 31.4639
580 31.079
585 31.3602
595 31.0639
5 32.069
10 31.2467
20 31.3865
25 31.337
30 31.3856
35 31.1703
40 31.392
45 31.2133
50 31.1934
55 31.3135
60 31.582
70 31.5395
75 31.3443
80 31.2158
95 31.2172
100 31.193
105 31.2008
120 30.7642
125 31.2353
130 31.183
135 31.3609
145 31.1932
150 31.3426
155 31.2505
160 31.4887
165 31.3836
170 31.1662
175 31.3515
180 31.353
185 31.1897
190 31.5877
195 31.0105
200 31.2029
205 31.1967
210 31.2261
215 31.3959
220 31.1785
225 31.3241
230 31.3843
235 31.2457
240 31.5865
245 31.0009
250 31.3485
255 31.3681
260 31.2438
265 31.3873
270 31.0106
275 31.3144
280 31.1913
285 31.388
290 31.4053
295 30.8754
300 31.2569
305 31.5109
310 31.18
315 31.2056
325 31.248
330 31.5268
335 31.3911
340 31.3605
345 31.0966
350 31.2441
355 31.5013
360 31.4001
375 31.5096
380 31.3743
385 31.3621
390 31.3676
400 31.2141
405 31.0434
410 31.1826
425 31.0229
430 31.1809
435 31.2045
440 31.0932
450 31.0364
455 31.2262
460 31.3548
470 31.3725
475 30.9374
480 31.2093
485 31.2003
500 31.3395
505 31.1355
510 31.1823
515 31.1708
520 31.576
525 30.9892
530 31.2072
535 31.3994
540 31.3152
550 31.0092
555 31.1961
560 31.1906
565 31.2583
575 30.9888
580 31.2918
585 31.3402
590 31.3445
600 31.0425
5 31.7396
10 31.2126
15 31.1247
20 31.273
25 31.1561
30 31.4906
35 30.9582
40 31.1213
45 31.1064
50 31.4463
55 31.2308
60 31.1537
65 31.1663
70 31.1467
75 31.1292
80 31.4485
85 31.0249
90 31.329
95 31.1177
100 31.424
105 30.9518
110 31.4321
115 30.9379
120 31.1085
125 31.266
130 31.2911
135 31.1133
140 31.0989
145 31.134
150 31.0448
155 31.1274
160 31.0153
165 31.2613
170 31.2309
180 31.6168
185 31.1191
190 31.1193
195 31.2879
200 31.4245
205 31.4292
210 30.9458
215 31.1
220 31.1649
225 31.3321
230 31.6607
235 30.9956
240 31.1284
245 31.0907
250 31.2828
255 31.4989
260 31.4154
265 31.216
270 31.1813
275 31.1078
280 31.4897
285 31.3329
290 30.9313
295 31.1785
300 31.1181
305 31.1246
310 31.6458
315 31.3634
320 31.646
325 31.2964
330 31.7945
335 31.2012
340 31.3414
345 31.4375
350 31.1387
355 31.3015
360 31.2068
365 31.1601
370 31.3024
375 31.4273
380 31.1176
385 31.6928
390 31.1227
395 31.209
400 31.5846
405 31.2871
410 31.0738
415 31.4612
420 31.1117
425 31.5778
430 31.1198
435 31.2923
440 31.1633
445 31.4369
450 31.4333
455 31.4635
460 31.6971
465 31.376
470 31.199
475 31.2914
480 31.1608
485 31.2882
490 31.2769
495 31.2952
500 31.1467
505 31.8148
510 31.113
515 31.0473
520 31.5068
525 31.2064
530 31.5952
535 31.1183
540 31.428
545 31.3859
550 31.6534
555 31.3147
560 31.4794
565 31.2105
570 31.1427
575 31.2993
580 31.3507
585 31.2471
590 31.6399
595 31.143
600 31.2789
5 31.3565
10 31.0964
15 31.2979
20 31.3021
25 31.4279
30 31.3327
35 31.1223
40 31.0844
45 31.1303
50 31.6192
55 31.1654
60 31.0885
65 31.0753
70 31.2761
75 31.3065
80 31.231
85 31.2493
90 31.3577
95 31.2819
100 31.144
105 31.3251
110 30.9844
115 31.1905
120 31.2749
125 31.0969
130 31.3311
140 30.9274
145 31.3017
150 31.1564
155 31.166
160 31.4047
165 31.0528
170 31.1392
180 31.3032
185 31.486
190 30.7392
195 31.1737
200 31.4724
205 31.4401
215 31.0102
220 31.2888
225 31.0532
235 31.3841
240 31.085
245 31.1391
250 31.1502
255 31.242
260 31.2747
265 31.021
270 31.2878
275 31.1171
280 31.3002
285 31.3067
290 31.1155
295 31.2998
305 31.4001
310 31.2326
315 30.7287
320 31.1206
325 31.3044
330 31.1293
335 31.5176
340 30.9598
345 31.1448
350 31.426
355 31.145
365 31.2696
370 31.3495
375 31.2752
380 31.1606
390 30.8612
395 31.0488
405 31.2201
410 31.3321
415 31.1188
420 31.4718
425 30.9958
430 31.336
435 31.3043
440 31.5865
445 31.0067
450 31.2929
455 31.1619
460 31.2877
465 31.3066
470 31.1072
475 31.4981
480 31.1137
485 31.2697
490 31.4544
495 31.3017
500 31.1401
505 31.2844
510 31.1534
520 30.9466
525 31.1802
530 31.1562
535 31.176
540 31.35
545 31.5053
550 31.1722
555 31.1403
560 31.3322
570 30.7997
575 31.1369
580 31.1176
585 31.4738
595 30.9328
600 31.4691
5 33.3269
10 32.1361
15 31.3106
20 31.5882
25 31.5191
35 31.8045
40 31.1452
45 31.7078
50 31.7417
55 31.5493
60 31.3297
65 31.7628
70 31.8608
75 31.3127
80 31.588
85 31.2356
90 31.3494
95 31.6803
100 31.7442
105 31.3669
110 31.3719
115 31.3122
120 31.2911
125 31.5101
130 31.1923
135 31.5608
145 31.3907
150 31.3825
155 31.5091
160 31.6226
165 31.8265
170 31.3966
175 31.6499
185 31.5591
195 31.5473
200 31.6072
205 31.4435
210 31.4417
215 31.7763
220 32.1941
230 31.3995
235 31.3761
240 31.4198
245 31.3029
250 31.2119
255 31.7773
260 31.4837
265 31.5472
270 30.9105
275 31.5856
280 31.1973
285 31.74
290 31.562
295 31.24
305 31.6737
310 31.9317
315 31.6425
320 31.1359
325 31.7029
330 31.3773
335 31.1875
340 31.991
345 31.1702
350 31.5708
355 31.5725
360 31.145
365 31.7214
370 31.4105
375 31.9186
380 31.2673
390 31.2667
395 31.3555
400 31.5985
405 31.2149
410 31.2772
415 31.3903
420 31.1971
425 31.638
430 31.7456
435 31.5729
440 31.4291
450 31.6193
455 31.448
460 31.4043
465 31.3613
470 31.3955
475 31.3942
480 31.3759
485 31.5598
490 31.3917
495 31.3338
500 31.6168
505 31.5629
510 31.2219
515 31.2371
520 31.6774
530 31.421
535 31.3526
540 31.3648
545 31.6329
550 30.9524
555 31.3926
560 31.9048
565 31.3401
570 31.6796
575 31.4402
580 31.2191
585 31.105
590 31.4073
595 32.1122
600 31.086
5 31.4516
10 31.1907
15 31.2792
20 31.1382
25 31.3008
30 31.221
35 31.0385
40 31.3122
45 31.4002
50 30.972
55 31.158
60 31.1786
65 31.2816
70 31.475
75 31.1185
80 31.5623
85 30.7998
90 31.0927
95 31.4315
100 31.0774
105 30.9901
110 31.1235
115 31.2854
120 31.0637
125 31.1095
130 31.1165
135 31.3801
140 31.0265
145 31.0801
155 31.1719
160 31.2153
165 31.5724
170 31.0377
175 31.2556
180 31.0919
185 31.2922
190 31.0976
195 31.228
200 30.9708
205 31.111
210 31.3191
215 31.038
220 31.4039
225 30.8754
230 31.3178
235 31.2023
240 30.9835
245 31.1082
250 31.0704
255 31.0899
260 31.2274
265 31.17
270 31.0931
275 31.1382
280 31.2864
285 31.3879
290 31.1317
295 31.0361
300 31.1004
305 31.121
310 31.1957
315 31.0282
320 31.1607
330 31.1467
335 31.3681
340 30.928
345 31.3117
350 30.9535
355 31.1101
360 31.1967
365 30.9899
370 31.0839
375 31.3008
380 30.8775
385 31.1802
390 31.0581
395 31.1284
400 31.2909
405 31.0502
410 31.3671
415 30.9906
420 31.0266
425 31.0583
430 31.2325
435 31.1304
440 31.2584
445 31.0919
450 31.2517
455 31.1266
460 31.1143
465 31.2866
470 30.9873
475 31.2658
480 31.2855
490 31.306
495 31.0016
500 31.2033
505 31.1146
510 31.1069
515 31.2157
520 31.0318
525 31.368
530 30.8664
535 31.249
540 31.4096
545 31.0307
550 31.0898
555 31.1075
560 31.1174
565 31.2174
570 30.9695
575 31.1021
580 31.1135
585 31.0963
590 31.1118
595 31.1478
600 31.0939
5 31.1546
10 31.6606
15 30.995
20 31.7112
25 31.4611
30 31.7551
35 31.8376
40 31.6843
45 31.6621
50 31.3201
55 31.706
60 31.1254
70 31.6602
75 31.5609
80 32.2554
85 31.3148
90 31.1675
95 31.4733
100 31.8204
105 31.7401
110 31.7477
115 31.5931
130 31.2167
135 31.2369
140 31.3945
145 31.345
150 31.229
155 31.1965
160 31.3454
170 31.7298
175 31.5457
180 31.091
185 31.8176
190 31.5074
195 31.5121
200 31.3025
205 31.432
210 31.6434
215 31.2319
220 31.4966
225 31.5745
230 31.3424
235 31.6035
240 31.6871
245 31.9416
250 31.3181
255 31.3267
260 31.2277
265 31.752
270 31.5314
275 31.8837
280 31.2351
285 31.7151
295 31.4888
300 31.4755
305 32.238
310 31.6063
315 31.1299
320 31.3243
325 31.4737
330 31.535
335 31.8132
340 31.6871
345 31.6502
350 31.1501
360 31.4023
365 31.3461
370 31.6359
375 31.589
380 31.7802
385 32.3219
390 31.3102
395 31.2932
400 32.096
405 31.5613
410 31.5592
415 31.4659
420 31.5063
425 31.6621
430 31.3286
435 31.666
440 31.308
445 31.5375
450 31.7379
455 31.8869
460 31.2078
465 31.7571
470 31.3441
475 31.5143
480 31.5154
485 31.5811
490 31.8446
495 31.2978
500 31.3857
505 31.522
510 31.1883
515 31.3464
520 31.0997
525 31.3933
530 31.3396
535 31.0479
540 31.4897
545 31.3836
550 31.6526
555 32.0559
560 31.837
565 31.257
570 32.388
575 31.4898
580 31.2767
585 31.5944
590 31.2269
595 31.4645
600 31.171
5 31.6401
10 31.1715
15 31.7522
20 31.3059
25 31.3623
30 31.9093
35 31.4117
40 31.1708
45 31.7547
50 31.2018
55 31.5602
60 30.7381
65 32.2059
70 31.7609
75 31.5292
80 31.0527
85 31.301
90 31.0371
95 31.3741
100 31.1931
105 31.6852
110 30.8481
115 31.4189
120 31.3065
125 31.5833
130 31.2477
135 31.4161
140 30.8617
145 30.9292
150 31.4559
155 31.3565
160 31.6155
165 31.0388
170 31.4004
175 31.3573
180 31.0368
190 31.1147
195 31.532
200 31.1161
205 31.2986
210 31.4135
215 30.9232
220 31.3507
225 31.5521
235 31.4671
240 30.9816
245 31.3569
250 31.4
255 31.6432
260 31.2489
265 31.4059
270 31.0151
275 31.8048
280 31.6322
285 31.2388
290 31.1595
295 31.183
300 31.4059
310 31.1869
315 31.5958
320 31.402
325 31.3183
330 31.5147
335 31.4993
340 30.8889
345 31.5942
350 31.3514
355 31.182
360 31.8713
365 31.1429
370 31.7095
375 31.1494
380 31.0246
385 31.8555
390 31.0193
395 31.4651
405 31.1465
410 31.6439
415 31.2494
420 31.2399
425 31.1858
430 31.1593
435 31.1734
440 30.9531
445 31.383
450 31.2168
455 31.0245
460 32.321
465 31.0294
470 31.3369
475 31.5625
480 31.4955
485 31.8517
490 31.4138
495 31.3669
505 31.2415
510 31.4275
515 31.3517
520 31.2314
525 31.4275
530 31.0673
535 31.7257
540 31.8999
545 31.0988
550 31.3705
555 31.7092
560 31.9966
565 30.9942
570 31.117
575 31.5273
580 31.095
585 31.3724
590 31.2541
595 31.3735
5 31.3651
10 31.4441
15 31.702
20 31.4554
25 31.8514
30 31.4545
35 30.9487
40 31.6077
45 30.9632
50 31.2553
60 31.3265
65 31.1559
75 31.4729
80 31.4002
85 31.4296
90 31.6119
95 31.0954
100 31.4323
105 31.2186
110 31.1622
115 31.1245
120 31.2532
125 31.6215
130 31.7861
135 30.9348
140 31.1039
145 31.4924
150 31.2474
155 31.4924
160 31.1621
165 31.1317
170 31.2726
175 31.6846
180 31.3116
185 31.9218
190 31.0649
195 31.473
200 31.8426
205 31.6215
210 31.5241
215 31.1348
220 31.2651
225 31.2171
230 31.2592
235 31.4298
240 31.7792
245 31.6592
250 31.3341
255 31.586
260 31.5402
265 31.2314
270 31.3313
275 31.2987
280 31.3095
290 31.3825
295 31.3081
305 31.4069
310 31.1486
315 31.4859
320 31.0923
325 31.4647
330 31.4784
335 31.4203
340 31.1395
345 31.2939
350 31.2912
355 31.838
360 31.0158
365 31.7914
370 31.263
375 31.8713
380 31.2579
385 31.2437
390 31.2417
395 31.1765
400 31.5963
405 31.4916
415 31.2403
420 31.1446
425 31.6317
430 31.4299
440 31.1468
445 31.1194
450 31.2617
455 31.4205
460 31.6898
465 31.2368
470 31.5953
475 31.2061
480 31.4662
490 31.3272
495 31.0287
500 31.6799
505 31.5273
510 31.9246
515 31.0238
525 31.2627
530 31.4311
535 31.3362
540 31.6039
545 30.9055
550 31.1235
555 31.3387
560 31.4152
565 31.3912
570 31.185
575 31.3669
580 31.2691
585 31.4426
590 31.4681
595 31.3982
600 31.796
5 31.2273
10 31.1225
15 31.2288
20 31.3837
25 31.1858
30 31.3457
35 31.6983
40 31.4001
45 31.3793
50 31.2651
55 31.5128
60 31.1484
65 31.3445
70 31.0684
75 31.2041
80 31.5224
85 31.3559
90 31.6901
95 31.5335
100 31.4457
105 31.3822
110 31.0033
115 31.3268
120 31.9251
125 31.3627
130 31.3696
135 31.1879
140 31.357
145 31.1993
150 31.3314
155 31.361
160 31.1783
165 31.2018
170 31.3478
175 31.5175
180 31.2717
185 31.2422
190 31.2905
195 31.1971
200 31.5011
210 31.131
215 31.2234
220 31.1005
225 31.3204
230 31.4163
235 31.4462
240 31.4581
245 31.2183
250 31.1894
255 31.4518
260 31.0286
265 31.3111
270 31.3708
275 31.2491
280 31.4011
285 31.1434
290 31.7027
295 31.3745
300 31.1599
305 31.2305
310 31.3727
315 31.1794
320 31.4979
325 31.4169
330 31.3373
335 31.2037
340 31.1923
345 31.1887
350 31.333
355 31.4176
360 31.1968
365 31.3162
370 31.3508
375 31.363
380 31.5588
385 31.6674
390 31.2185
395 31.186
400 31.3248
405 31.3271
410 31.2688
415 31.4229
420 31.3803
425 31.5158
430 31.3772
435 30.933
440 31.6002
445 31.2168
450 31.0668
455 31.5325
460 31.1187
465 31.2641
470 31.3259
475 31.187
480 31.3853
485 31.4059
490 31.1208
495 31.7599
500 31.4205
505 31.2141
510 31.2875
515 31.4231
520 31.5411
525 31.2237
530 31.384
535 31.2944
540 31.1214
545 31.3545
550 31.2062
555 31.193
560 31.3227
565 31.1254
570 31.2125
575 31.3937
580 31.2391
585 31.1551
590 31.1811
595 31.2741
600 31.556
110 31.2406
115 31.9859
120 31.5046
125 31.9226
130 31.2291
135 31.7497
140 31.5401
145 31.33
150 31.5006
155 32.0732
160 31.0698
165 32.4692
170 31.692
175 31.9501
180 31.5144
185 31.8262
190 31.6105
195 31.5929
200 31.4928
205 31.8067
210 31.244
215 31.7355
220 31.3145
225 31.347
230 31.8193
235 31.1569
245 32.0708
250 31.7297
255 31.7046
260 31.2941
265 31.4902
270 31.2335
275 31.3686
280 31.5047
285 31.3162
290 31.571
295 31.6596
300 31.4032
305 31.2953
310 31.5762
315 31.6773
320 31.6974
325 31.3101
330 31.234
335 31.5126
340 31.3878
345 31.6331
350 31.4713
355 31.8267
360 31.3497
365 31.5077
370 31.6183
375 32.1897
380 30.7106
385 31.8184
390 31.4325
395 31.7004
400 31.7734
405 31.8656
410 31.9494
415 30.9323
420 31.4638
425 31.7353
430 31.3472
435 31.2756
440 31.3404
445 31.1537
450 31.6509
455 31.4985
460 32.2561
465 31.2905
470 31.3858
475 31.7011
480 31.3044
485 31.1675
490 31.1591
495 31.917
500 31.5004
505 31.3579
510 31.3215
515 31.7709
520 31.6295
525 31.3126
530 31.4758
535 31.2439
540 31.4243
545 31.3075
550 31.2325
555 31.4169
560 31.5475
565 31.4101
570 31.1502
575 31.6977
580 31.3945
585 31.3309
590 31.6305
595 31.4169
600 31.1881
5 31.3898
10 31.1471
15 31.1684
20 31.2078
25 31.1444
30 31.1407
35 31.3057
40 31.1708
45 31.0508
50 31.3001
55 31.1386
60 31.0718
65 31.3312
70 31.4903
75 31.1452
80 31.2126
85 31.2273
90 31.185
95 31.188
100 31.2923
105 31.0615
110 31.3833
115 31.1201
120 31.1638
125 31.183
130 31.1638
135 31.1708
140 31.1629
145 31.1925
150 31.1552
155 31.1674
160 31.2971
165 31.2179
170 31.1602
175 31.1945
180 31.2152
185 31.1445
190 31.2546
195 31.19
200 31.1585
205 31.2017
210 31.1988
215 31.1792
220 31.4111
225 31.1467
230 31.1405
235 31.1961
240 31.1712
245 31.1836
250 31.2156
255 31.3591
260 31.1353
265 31.1435
270 31.1839
275 31.1631
280 31.1588
285 31.1541
290 31.1763
295 31.1906
300 31.2023
305 31.3639
310 31.1776
315 31.1636
320 31.3765
325 31.1473
330 31.0384
340 31.1915
345 31.194
350 31.3384
355 31.1599
360 31.1533
365 31.3598
370 31.3861
375 31.2704
380 31.1651
385 31.1544
390 31.23
395 31.2943
400 31.1696
405 31.387
410 31.2109
415 31.4004
420 30.9726
425 31.4768
430 31.1787
435 31.1737
440 31.3006
445 31.2057
450 31.1301
455 31.1739
460 31.316
465 31.1981
470 31.2176
475 31.1809
480 31.3102
485 31.1713
490 31.194
495 31.1567
500 31.1663
505 31.1346
510 31.101
515 31.1669
520 31.4603
525 31.1626
530 31.3239
535 31.1541
540 31.1708
545 31.1962
550 31.4554
555 31.2282
560 31.2073
565 31.1825
570 31.1817
575 31.189
580 31.3133
585 31.1647
595 31.5015
600 31.3327
5 31.2167
10 31.8321
15 31.869
20 31.3223
25 32.2845
30 31.7191
35 31.8587
40 31.3837
45 31.4805
50 31.7985
55 31.4075
60 31.6339
65 31.2808
70 31.1493
75 31.9105
80 31.464
85 31.7685
90 31.3412
95 31.6932
100 32.2938
105 31.8706
110 31.2587
115 31.6695
120 31.3715
125 31.1765
130 31.7637
135 31.3731
140 32.115
150 31.6308
155 31.8387
160 31.6304
170 31.3245
175 31.3109
180 31.9454
185 31.1121
190 31.3137
195 31.553
200 31.3155
210 31.4537
215 31.3309
220 31.3594
225 31.3942
230 31.5924
235 31.5679
240 31.7001
245 31.6063
250 31.2709
255 31.3605
260 31.1037
265 31.1217
270 31.6086
275 31.8715
280 31.8963
285 31.2487
290 31.4162
295 31.4897
300 31.6582
305 31.8842
310 31.5204
315 31.4157
320 31.6659
325 31.2663
330 31.3457
335 31.6115
340 31.5696
345 31.3311
350 31.5138
355 31.5459
360 31.5664
365 31.5733
375 31.7043
380 31.6487
385 31.3847
390 31.0398
395 31.0725
400 31.5003
405 31.6541
410 31.3369
415 31.3435
430 31.4046
435 31.7973
440 31.1911
445 31.8579
450 31.488
455 31.3497
460 31.4452
465 31.1412
470 31.8655
475 31.1434
480 31.5109
485 31.5929
495 31.8606
505 31.4995
510 32.0364
515 31.3533
520 31.0641
525 31.8957
530 31.2865
535 31.2769
540 31.9024
545 31.8088
550 31.523
555 31.8298
560 31.3515
565 31.6383
570 32.8212
575 30.8207
580 31.3582
585 31.5157
590 31.2004
595 31.2355
600 31.212
5 33.1076
10 31.4095
15 31.4657
20 31.673
25 31.2668
30 31.5148
45 31.4444
50 31.308
55 31.4032
60 31.1627
70 31.1125
75 31.1147
80 31.4938
85 31.0727
95 31.4492
100 31.0764
110 31.7137
125 31.5223
130 31.3142
135 31.3519
145 32.0931
150 31.8556
155 31.1514
160 31.3007
170 31.226
175 31.3963
180 31.693
185 31.1378
190 31.2672
195 31.5117
200 31.3506
205 31.2352
210 31.0996
215 31.2499
225 31.6197
230 31.636
250 31.0905
255 31.4008
260 31.4766
265 31.1538
270 31.1651
275 31.4244
280 31.7241
285 31.1164
295 31.1519
305 31.1586
310 31.5232
315 31.352
325 31.1092
330 31.1271
335 32.0201
345 31.4864
350 31.5047
355 31.1369
360 31.2793
365 31.0277
375 31.7202
380 31.0939
385 31.4259
390 31.6869
400 31.6324
405 31.1355
410 31.1632
430 31.6492
435 31.3258
450 31.1507
455 31.5327
460 31.4836
480 31.5056
485 31.3197
495 31.2203
505 31.4084
510 31.1578
515 31.1743
530 31.1997
535 31.1884
560 31.3769
565 31.4185
580 31.2947
585 31.3434
590 31.3159
5 31.3535
10 31.3408
15 31.5713
20 31.7163
25 31.0807
30 31.5709
35 31.0917
45 31.2383
50 31.1244
55 31.7825
60 31.6399
65 31.4222
70 31.4425
75 31.7801
80 31.4813
90 31.8257
95 31.2444
100 31.2487
105 31.7398
110 31.0191
115 31.4428
120 31.6675
125 31.5663
130 31.6371
135 31.3698
140 32.2264
145 31.5968
150 31.4828
155 31.309
160 31.1338
165 31.8158
170 31.245
180 31.4167
185 31.4188
190 31.3205
195 31.4305
200 31.3236
220 31.4178
225 31.6273
230 32.122
235 31.3843
240 31.4558
245 31.9404
250 31.0855
255 31.483
265 31.4374
275 31.2429
280 31.1195
285 31.2376
290 31.57
295 31.4609
300 31.8284
305 31.4895
310 31.785
315 31.1131
320 31.84
325 31.6187
330 31.677
340 31.3149
345 31.2654
350 31.2702
355 31.505
360 31.6054
365 31.26
370 31.4591
375 31.3035
380 31.4648
385 31.3843
390 31.8367
395 31.4236
400 31.4637
410 31.2607
415 31.608
420 31.1454
425 31.3147
430 31.1822
435 31.7405
440 31.5489
445 31.183
450 31.4672
455 31.33
460 31.419
465 30.9924
470 31.6712
475 31.6961
480 31.5326
485 31.8384
490 31.3028
495 31.079
505 31.3511
510 31.3777
515 31.6243
520 32.0651
530 31.335
535 31.7992
540 31.4188
545 31.6699
550 31.352
555 31.4723
560 31.1561
575 31.6515
580 31.4719
585 31.2698
590 31.5941
595 31.2617
5 31.7805
10 31.4015
20 31.4921
25 31.3205
30 31.7274
35 31.4122
40 31.4696
45 31.5126
50 32.1559
55 31.3032
60 31.8727
65 31.4402
70 31.2977
75 31.7954
80 31.6369
85 31.1307
90 31.4958
95 31.6606
105 31.3274
110 31.7898
115 31.0152
120 31.3413
125 31.289
130 31.1359
135 31.1258
140 31.6629
145 31.2111
150 31.5153
155 31.3234
160 31.3301
165 31.3574
170 31.6055
175 31.3107
180 31.4682
185 31.715
190 31.1494
195 31.1548
200 31.1902
205 31.5118
210 31.2436
215 31.3049
220 31.164
225 31.0347
230 31.4095
235 31.598
240 31.5334
245 31.3114
250 31.0497
255 31.3574
260 31.6731
265 31.2217
270 31.2708
280 31.201
285 31.2849
290 31.3106
295 31.1361
300 31.1414
305 31.3061
310 31.2585
315 31.1065
320 31.2306
325 31.1561
330 31.2029
335 31.4435
340 31.5112
345 31.1474
350 31.3249
355 31.6042
360 31.0636
365 31.4681
370 31.1333
375 31.4993
380 31.0253
385 30.9182
390 31.5659
395 30.9616
400 31.1605
405 31.1579
410 31.1945
415 31.2067
420 31.0828
425 31.333
430 31.1806
435 31.025
440 31.3757
445 31.0385
450 31.1696
455 31.3988
460 31.5302
465 31.3743
470 31.0191
475 31.609
480 31.0355
485 31.3415
490 31.4016
495 31.1498
500 30.9835
505 31.1575
510 31.2106
515 31.2316
520 31.2245
525 31.1656
530 31.0836
535 31.1619
540 31.2997
545 31.0885
550 31.1872
555 31.2658
560 31.1126
565 31.247
570 31.033
575 31.3174
580 31.0175
585 31.3211
590 30.9855
595 31.3332
600 31.3556
5 31.5564
10 31.5102
15 31.451
20 31.0451
25 31.5263
30 31.303
40 31.1196
45 31.2678
50 31.5008
65 30.9621
70 31.1473
75 31.4596
90 30.9504
95 31.2977
100 31.4818
105 31.4469
115 31.0782
120 31.5167
125 31.112
130 31.1155
135 31.4974
140 30.9438
145 31.0869
150 31.2912
155 31.0224
160 31.2618
165 31.0925
170 31.1688
175 31.464
180 31.1518
190 30.8555
195 31.1261
200 31.2585
215 31.0026
220 31.0967
225 31.1248
240 30.9949
245 31.4381
250 31.2685
