5 31.8597294118
10 31.40140625
15 31.3695133333
20 31.3642470588
25 31.4070176471
30 31.4907428571
35 31.3455066667
40 31.3223266667
45 31.3667529412
50 31.4065882353
55 31.4290428571
60 31.26686875
65 31.3803785714
70 31.3719625
75 31.4184941176
80 31.46976875
85 31.3020142857
90 31.3035266667
95 31.3778764706
100 31.42175625
105 31.39654
110 31.31203125
115 31.31758125
120 31.3307625
125 31.3576352941
130 31.3372222222
135 31.2915529412
140 31.3536733333
145 31.3399470588
150 31.3716470588
155 31.3373222222
160 31.2927444444
165 31.4100933333
170 31.32975
175 31.4223933333
180 31.38933125
185 31.44092
190 31.241375
195 31.3497058824
200 31.3648833333
205 31.4058461538
210 31.3173466667
215 31.2806125
220 31.3368625
225 31.28619375
230 31.4983928571
235 31.3485066667
240 31.32561875
245 31.4013705882
250 31.2752
255 31.4329823529
260 31.36165
265 31.2730176471
270 31.24073125
275 31.415225
280 31.3718705882
285 31.34396875
290 31.3874066667
295 31.2926470588
300 31.3574916667
305 31.49200625
310 31.4066
315 31.2509941176
320 31.38124
325 31.347125
330 31.3650176471
335 31.44975
340 31.33689375
345 31.3358882353
350 31.3633352941
355 31.4271375
360 31.30525625
365 31.33636875
370 31.3978428571
375 31.5513
380 31.2621411765
385 31.4662866667
390 31.2794705882
395 31.2719666667
400 31.4967733333
405 31.32011875
410 31.3786375
415 31.28702
420 31.2119857143
425 31.3999428571
430 31.3297
435 31.307775
440 31.294525
445 31.3056
450 31.3282058824
455 31.3683764706
460 31.5046705882
465 31.2902066667
470 31.3453875
475 31.38281875
480 31.3439875
485 31.42718
490 31.3470642857
495 31.35496875
500 31.3173153846
505 31.3449529412
510 31.32755
515 31.2988733333
520 31.3726466667
525 31.2903538462
530 31.2858882353
535 31.3219647059
540 31.4203666667
545 31.34396
550 31.3418875
555 31.38421875
560 31.4032058824
565 31.3101533333
570 31.41355
575 31.314225
580 31.2601764706
585 31.3197882353
590 31.3439642857
595 31.3246066667
600 31.3086384615
