10 67.0349
20 68.6383
30 66.894
40 68.4511
50 65.962
60 69.6387
70 67.7192
80 68.07
90 69.8742
100 67.7989
110 35.3
120 29.8272
130 29.9327
140 30.1382
150 29.8009
160 30.0146
170 29.7364
180 30.1751
190 30.0391
200 29.6287
210 29.8808
230 29.9219
240 29.7276
250 29.7981
260 29.9307
270 30.1086
280 30.3003
290 29.8013
300 30.0661
310 30.0871
320 30.071
330 29.8371
340 30.2194
350 30.0465
360 29.9896
370 30.031
380 29.6534
390 30.3318
400 29.9713
410 29.7284
420 30.3948
430 30.265
440 29.8512
450 29.8625
460 30.4085
470 30.0995
480 30.1933
490 30.0667
500 30.022
510 29.7824
520 29.8113
530 30.0737
540 29.9908
550 29.7784
560 30.0308
570 29.8903
580 29.8306
590 30.2673
10 63.979
20 69.4907
40 66.2139
50 70.5475
60 70.8458
70 65.544
80 68.1654
90 70.2355
100 70.0509
110 40.2674
120 30.3676
130 29.9069
140 29.8025
150 30.1215
160 29.9661
170 30.5662
180 29.9315
190 30.0058
200 29.7441
210 30.2638
220 29.8859
230 30.1896
240 30.1482
250 29.9672
260 29.5341
270 29.7978
280 30.3405
290 29.9936
300 30.0001
310 30.131
320 29.9951
330 30.3942
340 29.5249
350 29.8596
360 29.6865
370 30.4136
380 29.9719
390 30.2284
400 29.3302
410 30.2137
420 30.7028
430 30.3036
440 29.5642
450 29.608
460 30.4687
470 30.3955
480 30.2246
490 29.9788
500 29.7866
510 30.0844
520 29.8878
530 30.0471
540 29.9024
550 29.6629
560 29.8018
570 30.2186
580 29.4911
590 30.3119
10 65.3499
20 69.5766
30 66.8124
40 70.2216
50 67.5232
60 68.802
70 69.0342
80 68.4982
90 69.02
100 68.9546
110 34.2318
120 29.8914
130 30.0984
140 29.7502
150 29.9177
160 29.7595
170 29.7277
180 29.3944
190 30.1965
200 30.0658
210 29.8347
220 29.9677
230 29.8004
240 30.2996
250 29.9002
260 30.0165
270 30.0105
280 29.6599
290 30.0186
300 29.6331
310 30.4292
320 29.9232
330 29.7807
340 30.6556
350 29.626
360 30.0279
370 29.6934
380 30.3236
390 29.9742
400 30.1322
410 29.8443
420 29.9215
430 30.1684
440 29.6585
450 30.1455
460 30.2801
470 30.2568
480 29.6906
490 30.0877
500 30.121
510 30.1422
520 29.9832
530 30.1551
540 29.5302
550 30.1212
560 30.1163
570 30.5444
580 29.7898
590 29.5015
10 68.3572
20 68.2394
30 69.818
40 65.4618
50 68.1065
60 68.3493
70 66.5729
80 73.5555
90 67.1721
100 69.1666
110 37.4747
120 29.5915
130 29.5461
140 29.8404
150 30.1733
160 30.4479
170 30.0122
180 29.7151
190 30.0359
200 30.3191
210 30.1046
220 29.5676
230 30.3227
240 30.0718
250 29.7807
260 30.296
270 30.114
280 29.9236
290 30.2379
300 29.9321
310 29.9979
320 30.0165
330 29.9294
340 29.9259
350 29.9101
360 30.4417
370 29.9016
380 29.8674
390 29.661
400 29.7814
410 30.1723
420 30.0021
430 29.3144
440 29.8695
450 30.2799
460 29.4064
470 30.028
480 30.2255
490 29.7652
500 29.9008
520 30.0159
530 30.3259
540 29.8915
550 29.3603
560 30.7921
570 29.8178
590 30.4763
10 69.7496
20 69.5152
30 70.7102
40 69.4676
50 68.1404
60 69.9469
70 66.3732
80 68.7215
90 67.8226
100 66.962
110 37.9493
120 30.233
140 30.3487
150 30.3289
160 30.4377
170 30.2853
180 30.0228
190 29.8783
200 30.0393
210 30.1684
220 30.0421
230 29.9853
240 30.2747
250 30.1588
260 30.8242
270 30.0972
280 30.0008
290 29.8598
300 30.5783
310 30.1528
320 29.7665
330 30.2124
340 29.9812
350 29.8484
360 29.8756
370 30.1362
380 29.9237
390 29.9628
400 30.2525
410 30.0789
420 29.7225
430 30.5959
450 29.674
460 30.5118
470 29.8831
480 30.3141
490 30.2051
500 29.9692
510 30.0659
520 29.5636
530 30.2449
540 29.5937
550 29.7464
560 29.9123
570 30.0624
580 29.9303
590 30.2974
