5 0
10 39.71934
15 39.71934
20 40.84178
25 40.84178
30 39.53028
35 39.53028
40 39.97556
45 39.97556
50 39.6093
55 39.6093
60 40.7789
65 40.7789
70 39.4473
75 39.4473
80 39.60462
85 39.60462
90 39.14538
95 39.14538
100 40.02378
105 40.02378
110 39.78706
115 39.78706
120 39.16412
125 39.16412
130 40.0658
135 40.0658
140 38.7666
145 38.7666
150 39.36128
155 39.36128
160 39.87154
165 39.87154
170 39.56874
175 39.56874
180 37.50854
185 37.50854
190 38.89804
195 38.89804
200 39.04836
205 39.04836
210 38.538475
215 38.538475
220 39.381525
225 39.381525
230 39.14416
235 39.14416
240 39.28528
245 39.28528
250 38.82162
255 38.82162
260 39.24395
265 39.24395
270 39.0317
275 39.0317
280 39.5333
285 39.5333
290 39.71862
295 39.71862
300 40.35032
305 40.35032
310 39.43862
315 39.43862
320 39.88418
325 39.88418
330 40.03976
335 40.03976
340 40.71288
345 40.71288
350 38.90246
355 38.90246
360 38.880225
365 38.880225
370 38.88758
375 38.88758
380 39.5558
385 39.5558
390 38.500475
395 38.500475
400 39.44736
405 39.44736
410 40.01666
415 40.01666
420 38.6519
425 38.6519
430 40.58418
435 40.58418
440 39.29616
445 39.29616
450 39.3688
455 39.3688
460 39.049475
465 39.049475
470 39.60148
475 39.60148
480 39.54746
485 39.54746
490 39.12194
495 39.12194
500 39.38158
505 39.38158
510 39.35072
515 39.35072
520 39.26575
525 39.26575
530 40.0185
535 40.0185
540 39.8696
545 39.8696
550 39.1725
555 39.1725
560 40.27602
565 40.27602
570 39.6937
575 39.6937
580 39.4638
585 39.4638
590 39.1854
