5 0
10 66.89412
15 66.89412
20 69.09204
25 69.09204
30 68.55865
35 68.55865
40 67.9632
45 67.9632
50 68.05592
55 68.05592
60 69.51654
65 69.51654
70 67.0487
75 67.0487
80 69.40212
85 69.40212
90 68.82488
95 68.82488
100 68.5866
105 68.5866
110 37.04464
115 37.04464
120 29.98214
125 29.98214
130 29.871025
135 29.871025
140 29.976
145 29.976
150 30.06846
155 30.06846
160 30.12516
165 30.12516
170 30.06556
175 30.06556
180 29.84778
185 29.84778
190 30.03112
195 30.03112
200 29.9594
205 29.9594
210 30.05046
215 30.05046
220 29.865825
225 29.865825
230 30.04398
235 30.04398
240 30.10438
245 30.10438
250 29.921
255 29.921
260 30.1203
265 30.1203
270 30.02562
275 30.02562
280 30.04502
285 30.04502
290 29.98224
295 29.98224
300 30.04194
305 30.04194
310 30.1596
315 30.1596
320 29.95446
325 29.95446
330 30.03076
335 30.03076
340 30.0614
345 30.0614
350 29.85812
355 29.85812
360 30.00426
365 30.00426
370 30.03516
375 30.03516
380 29.948
385 29.948
390 30.03164
395 30.03164
400 29.89352
405 29.89352
410 30.00752
415 30.00752
420 30.14874
425 30.14874
430 30.12946
435 30.12946
440 29.73585
445 29.73585
450 29.91398
455 29.91398
460 30.2151
465 30.2151
470 30.13258
475 30.13258
480 30.12962
485 30.12962
490 30.0207
495 30.0207
500 29.95992
505 29.95992
510 30.018725
515 30.018725
520 29.85236
525 29.85236
530 30.16934
535 30.16934
540 29.78172
545 29.78172
550 29.73384
555 29.73384
560 30.13066
565 30.13066
570 30.1067
575 30.1067
580 29.76045
585 29.76045
590 30.17088
