10 36.73205
20 35.94578
30 35.44852
40 35.67628
50 36.11146
60 35.8468
70 33.86924
80 35.15946
90 34.9391
100 35.0089
110 35.92174
120 31.60666
130 31.1821
140 31.216875
150 30.63522
160 30.75188
170 31.363475
180 30.90565
190 30.73595
200 31.239
210 30.85256
220 31.58058
230 31.4259
240 30.39552
250 31.06295
260 30.26665
270 30.90798
280 30.205175
290 31.19506
300 30.533075
310 30.42842
320 30.19534
330 31.29606
340 31.468875
350 31.35788
360 31.28054
370 31.18696
380 31.02146
390 31.44364
400 30.59548
410 31.05305
420 31.578
430 30.74144
440 31.18906
450 31.7172
460 31.11438
470 32.46064
480 31.03066
490 30.6682
500 31.12874
510 30.96556
520 30.7299
530 31.14734
540 31.88482
550 30.94142
560 31.141375
570 30.83312
580 31.52168
590 31.36842
