10 67.0349
20 68.6383
30 66.894
40 68.4511
50 65.962
60 69.6387
70 67.7192
80 68.07
90 69.8742
100 67.7989
110 34.6849
120 25.1369
130 25.2125
140 24.8859
150 25.0791
160 25.2936
170 24.9093
180 25.1225
190 25.0039
200 25.2485
210 24.7329
220 24.8559
230 24.8845
240 25.0147
250 24.9833
260 25.2885
270 24.8685
280 25.1163
290 25.0222
300 25.0149
310 24.9812
320 24.874
330 25.0582
340 25.194
350 24.8411
360 24.7747
370 25.3068
380 24.9039
390 25.2758
400 25.1518
410 25.0849
420 25.0469
430 25.0769
440 25.0427
450 25.19
460 25.1828
470 24.9417
480 25.0098
490 25.1345
500 24.9551
510 24.9807
520 24.9557
530 24.8697
540 25.1103
550 24.9802
560 24.9623
570 25.2159
580 24.9697
590 24.9254
10 63.979
20 69.4907
40 66.2139
50 70.5475
60 70.8458
70 65.544
80 68.1654
90 70.2355
100 70.0509
110 38.606
120 24.9909
130 24.9749
140 25.3263
150 25.0443
160 25.2658
170 25.382
180 24.9376
190 25.2483
200 25.2682
210 24.9885
220 25.2655
230 25.3722
240 24.9602
250 25.1448
260 25.0935
270 25.1679
280 25.3544
290 25.1809
300 25.2008
310 24.8769
320 25.0401
330 24.9896
340 24.9717
350 25.0208
360 24.875
370 25.0075
380 25.2672
390 25.0493
400 24.9024
410 25.2089
420 25.1234
430 25.0712
440 25.4555
450 24.8762
460 24.9836
470 25.632
480 25.0769
490 24.9281
500 25.3566
510 24.9583
520 25.0722
530 24.6399
540 25.3074
550 24.9791
560 25.1861
570 24.8774
580 24.9751
590 25.0617
10 65.3499
20 69.5766
30 66.8124
40 70.2216
50 67.5232
60 68.802
70 69.0342
80 68.4982
90 69.02
100 68.9546
110 36.0601
120 24.9997
130 24.9469
140 24.8325
150 24.9525
160 24.9931
170 25.1063
180 25.0425
190 24.9444
200 25.0294
210 24.9164
220 25.1344
230 25.005
240 24.828
250 25.1376
260 24.8099
270 25.1369
280 24.7224
290 25.1044
300 24.8363
310 24.9789
320 24.7644
330 25.1462
340 24.8907
350 25.2529
360 25.1357
370 25.0945
380 24.9096
390 25.0936
400 25.032
410 24.8392
420 25.0644
430 25.0911
440 24.8753
450 25.0086
460 25.0163
470 25.2388
480 25.154
490 24.8666
500 25.019
510 24.9746
520 24.777
530 24.9472
540 25.0449
550 25.1282
560 25.1675
570 24.9885
580 25.091
590 24.7892
10 68.3572
20 68.2394
30 69.818
40 65.4618
50 68.1065
60 68.3493
70 66.5729
80 73.5555
90 67.1721
100 69.1666
110 36.9781
120 24.9826
130 24.886
140 25.1444
150 24.8741
160 24.8281
170 24.9895
180 24.9103
190 25.0688
200 24.7003
210 25.121
220 25.1625
230 25.1747
240 24.7446
250 25.2961
260 25.0778
270 25.3911
280 25.2949
290 25.1763
300 24.8845
310 25.1009
320 25.0729
330 25.0165
340 25.3252
350 24.5693
360 25.2819
370 24.9871
380 25.2016
390 24.8826
400 24.9778
410 24.9279
420 25.244
440 24.7658
450 25.4026
460 25.028
470 24.6995
480 25.0699
490 25.1081
500 25.0312
510 25.102
520 24.891
530 25.1413
540 25.2289
550 25.1023
560 24.9722
580 25.2679
590 25.3101
10 69.7496
20 69.5152
30 70.7102
40 69.4676
50 68.1404
60 69.9469
70 66.3732
80 68.7215
90 67.8226
100 66.962
110 35.3391
120 24.9449
130 25.0044
140 24.993
150 25.1033
160 24.5608
170 24.8002
180 25.1375
190 24.9223
200 25.0538
210 24.8794
220 24.9252
230 25.0308
240 24.6984
250 24.919
260 25.0066
270 24.9277
280 25.1651
290 25.2324
300 24.8497
310 25.079
320 25.0396
330 24.997
340 24.9993
350 25.0688
360 25.0464
370 24.9222
380 25.0829
390 25.1245
400 24.663
410 24.8933
420 25.0203
430 24.8232
440 24.9908
450 24.941
460 24.9327
470 25.2339
480 25.1749
490 25.0058
500 24.5978
510 25.2567
520 24.5375
530 25.2772
540 25.0853
550 25.1942
560 25.0934
570 25.1214
580 24.8727
590 24.9611
