5 0
10 39.71934
15 39.71934
20 40.84178
25 40.84178
30 39.53028
35 39.53028
40 39.97556
45 39.97556
50 39.6093
55 39.6093
60 40.7789
65 40.7789
70 39.4473
75 39.4473
80 39.60462
85 39.60462
90 39.14538
95 39.14538
100 40.421775
105 40.421775
110 37.7726
115 37.7726
120 31.68932
125 31.68932
130 32.27444
135 32.27444
140 32.22624
145 32.22624
150 32.49862
155 32.49862
160 32.648425
165 32.648425
170 32.37848
175 32.37848
180 31.83414
185 31.83414
190 32.49608
195 32.49608
200 31.82572
205 31.82572
210 32.22356
215 32.22356
220 31.99534
225 31.99534
230 32.72754
235 32.72754
240 32.45338
245 32.45338
250 31.90992
255 31.90992
260 32.56472
265 32.56472
270 31.60676
275 31.60676
280 32.04516
285 32.04516
290 33.06012
295 33.06012
300 31.7922
305 31.7922
310 32.973
315 32.973
320 31.86204
325 31.86204
330 31.70204
335 31.70204
340 33.29574
345 33.29574
350 32.47954
355 32.47954
360 32.3819
365 32.3819
370 32.29188
375 32.29188
380 31.624675
385 31.624675
390 32.8439
395 32.8439
400 32.58186
405 32.58186
410 32.08008
415 32.08008
420 32.28438
425 32.28438
430 32.1306
435 32.1306
440 32.38938
445 32.38938
450 31.95532
455 31.95532
460 32.8716
465 32.8716
470 32.9744
475 32.9744
480 32.14386
485 32.14386
490 32.09902
495 32.09902
500 32.30446
505 32.30446
510 32.314
515 32.314
520 31.68144
525 31.68144
530 32.51164
535 32.51164
540 31.9479
545 31.9479
550 32.3375
555 32.3375
560 32.648075
565 32.648075
570 31.64254
575 31.64254
580 32.19802
585 32.19802
590 32.29555
