10 66.89412
20 69.09204
30 68.55865
40 67.9632
50 68.05592
60 69.51654
70 67.0487
80 69.40212
90 68.82488
100 68.5866
110 36.33364
120 25.011
130 25.00494
140 25.03642
150 25.01066
160 24.98828
170 25.03746
180 25.03008
190 25.03754
200 25.06004
210 24.92764
220 25.0687
230 25.09344
240 24.84918
250 25.09616
260 25.05526
270 25.09842
280 25.13062
290 25.14324
300 24.95724
310 25.00338
320 24.9582
330 25.0415
340 25.07618
350 24.95058
360 25.02274
370 25.06362
380 25.07304
390 25.08516
400 24.9454
410 24.99084
420 25.0998
430 25.0156
440 25.02602
450 25.08368
460 25.02868
470 25.14918
480 25.0971
490 25.00862
500 24.99194
510 25.05446
520 24.84668
530 24.97506
540 25.15536
550 25.0768
560 25.0763
570 25.0508
580 25.03528
590 25.0095
