10 38.8375
20 41.9493
30 41.5359
40 40.3748
60 40.0197
70 39.5031
80 38.5866
90 38.8074
100 40.7653
110 37.3606
120 30.5122
130 31.985
140 31.5584
150 32.3452
170 32.5831
180 33.0739
190 32.8495
200 32.4781
210 31.6461
220 32.2662
230 31.6168
240 32.5366
250 31.5904
260 32.2353
270 30.0665
280 31.451
290 32.9808
300 30.8626
310 32.0989
320 31.8088
330 32.0611
340 32.2778
350 32.3943
360 31.7337
370 32.2614
380 32.1733
390 31.8856
400 34.0598
410 31.8278
420 32.4191
430 31.9554
440 32.9018
450 31.9844
460 32.402
470 32.1379
480 31.3685
490 32.4531
500 31.9165
510 31.5818
520 31.8155
530 31.712
540 31.016
550 32.0541
570 32.3084
580 32.5151
590 31.6806
10 39.443
20 41.85
30 39.108
40 40.3314
50 38.6203
70 40.7132
80 39.0604
90 40.2233
100 42.9444
110 37.8073
120 32.8069
130 32.0826
140 33.2756
150 32.1562
160 32.7617
170 33.9014
180 30.963
190 32.7092
200 32.6021
210 30.9058
220 31.0328
230 33.2906
240 32.3816
250 31.8577
260 33.0698
270 31.7224
280 33.1345
290 33.2506
300 31.5455
310 34.12
320 30.5579
330 31.4772
340 33.2539
350 32.6801
360 31.661
370 32.0189
380 30.8975
390 33.2643
400 32.1936
410 32.0397
420 32.1226
430 31.5524
440 34.7331
450 31.8733
460 32.871
470 34.8919
480 33.6722
490 32.6868
500 33.0988
510 31.1942
520 30.1215
530 32.4088
540 33.0154
550 32.5893
560 33.0201
570 32.2958
580 31.2173
10 40.3177
20 39.4909
30 39.4923
40 39.6136
50 39.7042
60 40.9841
70 38.2835
80 39.3025
90 39.5627
100 40.3776
110 39.0215
120 32.0487
130 32.2639
140 32.6472
150 32.0936
160 31.8589
170 30.4004
180 30.4708
190 31.3644
200 30.2068
210 32.3553
220 32.2618
230 32.073
240 33.1678
250 31.0438
260 31.2448
270 32.4473
280 30.7875
290 32.2173
300 32.2643
310 32.6441
320 31.756
330 31.6461
340 33.708
350 32.3402
360 33.1032
370 32.8616
390 31.5882
400 31.3771
410 31.8513
420 31.3189
430 32.1429
440 31.8839
450 31.3988
460 32.5472
470 31.9704
480 32.9493
490 31.9548
500 32.2596
510 31.3262
520 31.6617
530 32.4872
540 31.413
550 33.2282
560 32.4414
570 30.4686
580 31.5099
590 32.0888
10 40.2517
20 39.9217
30 38.0701
40 39.6928
50 40.2823
60 39.4872
70 39.0477
80 39.6085
90 38.1137
110 38.5119
120 30.5516
130 32.5142
140 31.1239
150 32.6282
160 33.7686
170 32.0117
180 31.8964
190 32.169
200 31.6913
210 33.4903
220 33.1376
230 33.858
240 31.9646
250 32.7862
260 33.0053
270 32.4471
280 32.742
290 33.6082
300 31.9308
310 33.3457
320 32.0963
330 32.7094
340 33.7963
350 32.7695
360 33.3355
370 31.3311
380 31.9394
390 33.5729
400 32.1287
410 32.9657
420 32.8887
430 31.1044
440 31.7894
450 32.7845
460 33.2858
470 31.8525
480 31.8721
490 31.4565
500 31.2126
510 33.6317
520 33.1996
530 33.9074
540 31.2647
550 31.4016
560 33.6525
570 32.4196
580 33.1947
590 31.9702
10 39.7468
20 40.997
30 39.4451
40 39.8652
50 39.8304
60 42.6246
70 39.689
80 41.4651
90 39.0198
100 37.5998
110 36.1617
120 32.5272
130 32.5265
140 32.5261
150 33.2699
160 32.2045
170 32.9958
180 32.7666
190 33.3883
200 32.1503
210 32.7203
220 31.2783
230 32.7993
240 32.2163
250 32.2715
260 33.2684
270 31.3505
280 32.1108
290 33.2437
300 32.3578
310 32.6563
320 33.0912
330 30.6164
340 33.4427
350 32.2136
360 32.0761
370 32.9864
380 31.4885
390 33.9085
400 33.1501
410 31.7159
420 32.6726
430 33.8979
440 30.6387
450 31.7356
460 33.252
470 34.0193
480 30.8572
490 31.9439
500 33.0348
510 33.8361
520 31.6089
530 32.0428
540 33.0304
550 32.4143
560 31.4783
570 30.7203
580 32.5531
590 33.4426
