10 36.973
20 36.5712
30 35.0028
40 35.1625
50 35.6645
60 36.3222
70 35.0071
80 35.486
90 34.4718
100 35.7567
110 35.5734
120 31.4968
130 31.5317
140 29.9464
150 31.2982
160 30.686
170 31.2106
180 31.8483
190 30.2822
200 31.5047
210 29.0455
220 31.2939
230 29.5507
240 30.4256
250 30.6872
260 30.9088
270 30.015
280 30.3798
290 30.362
300 29.758
310 30.8597
320 29.7305
330 30.1684
340 30.7203
350 30.6573
360 29.9927
370 32.0239
380 30.2978
390 32.0262
400 32.0551
410 30.9188
420 30.8233
430 31.4017
440 30.8669
450 32.4494
460 30.2591
470 31.4459
480 30.1538
490 31.4717
500 29.7371
510 31.3894
520 30.5861
530 30.3619
540 31.2531
550 30.5783
570 32.2645
580 29.7344
590 30.8029
10 36.8705
20 37.3448
30 35.6885
40 36.2123
50 35.2488
60 35.5907
70 33.6926
80 35.9184
90 34.8107
100 35.145
110 35.6826
120 31.7919
130 30.8358
140 31.9983
150 29.9841
160 32.6849
170 32.3884
180 30.1263
190 30.2806
200 32.3462
210 30.1294
220 32.132
230 32.8847
240 31.1401
270 29.9751
290 31.4402
300 31.4918
310 31.4266
320 30.0011
330 32.3777
340 31.6187
350 31.376
360 30.5165
370 31.5185
380 31.1708
390 31.0513
400 30.6143
410 31.1671
420 30.9868
430 30.1149
440 32.2471
450 31.6407
460 31.6091
470 33.6145
480 31.6233
490 30.13
500 31.2224
510 30.2644
520 31.2154
530 31.2003
540 32.8452
550 31.8876
560 31.7796
570 30.4759
580 32.7632
590 31.1934
10 36.2626
20 33.6654
30 35.3214
40 35.6384
50 36.9425
60 33.1747
70 34.1286
80 34.157
90 35.5788
100 35.536
110 36.7258
120 30.4522
130 30.626
150 30.0538
160 28.7005
170 30.517
180 29.9563
190 31.8201
200 29.3394
210 31.6863
220 30.9937
230 30.6384
240 30.7798
250 30.061
260 29.7431
270 32.3962
280 29.7263
290 31.0775
300 29.6928
310 30.0365
320 29.5329
330 31.1871
340 30.7287
350 31.4836
360 32.2145
370 32.2273
380 30.4552
390 31.0762
400 29.0035
410 30.9334
420 31.5499
430 30.9859
440 29.1204
450 29.7124
460 31.2711
470 32.7436
480 30.6912
490 30.4029
500 31.6085
510 29.9515
520 29.8382
530 30.0806
540 32.0605
550 32.3664
560 30.1062
570 29.768
580 32.4325
590 30.6203
10 36.8221
20 36.8144
30 36.1399
40 35.2975
50 36.1311
60 36.942
70 34.3385
80 34.7994
100 33.9622
110 37.4277
120 32.1689
130 31.987
140 31.3506
150 30.7035
160 29.6794
180 31.6917
200 32.1685
210 32.547
220 32.4227
230 32.6298
240 29.3804
250 32.8924
260 29.471
270 32.1019
280 32.1241
290 31.7919
310 32.0882
320 31.2902
330 31.1444
340 32.8078
350 31.1308
360 32.0019
370 31.0809
380 32.0779
390 31.6354
400 31.0858
410 31.1929
420 32.1036
430 29.6458
440 31.9629
450 32.7322
460 31.1165
470 31.9492
480 31.7747
480 30.9103
500 31.6357
510 32.0757
520 31.7167
530 31.6613
540 30.8209
550 30.3214
560 31.1004
570 32.0447
580 32.4633
590 32.0875
20 35.3331
30 35.09
40 36.0707
50 36.5704
60 37.2044
70 32.1794
80 35.4365
90 34.8951
100 34.6446
110 34.1992
120 32.1235
130 30.93
140 31.5722
150 31.1365
160 32.0086
170 31.3379
190 30.5609
200 30.8362
210 30.8546
220 31.0606
240 30.2517
250 30.6112
260 30.9437
270 30.0517
280 28.5905
290 31.3037
300 31.1897
310 27.7311
320 30.422
330 31.6027
350 32.1417
360 31.6771
370 29.0842
380 31.1056
390 31.4291
400 30.2187
420 32.4264
430 31.5589
440 31.748
450 32.0513
460 31.3161
470 32.55
500 31.44
510 31.1468
520 30.2931
530 32.4326
540 32.4444
550 29.5534
560 31.5793
570 29.6125
580 30.215
590 32.138
