5 43.6737
10 43.681
15 43.669
20 43.6816
25 43.6838
30 43.6837
35 43.6653
40 43.6644
45 43.725
50 42.9966
55 44.2831
60 43.7232
65 43.6554
70 43.6973
75 42.3182
80 44.3249
85 44.3297
90 43.6727
95 43.6512
100 43.6648
105 43.5714
110 43.4288
115 44.3703
120 43.7244
125 43.6904
130 43.6257
135 43.7051
140 43.7196
145 43.692
150 43.6782
155 43.7203
160 43.6781
165 43.7057
170 43.6738
175 43.6725
180 43.6935
185 30.0247
190 29.8996
195 30.0564
200 30.0566
205 30.1593
210 29.9751
215 30.0493
220 30.2609
225 29.8839
230 30.2051
235 29.9476
240 30.055
245 30.221
250 29.892
255 30.0771
260 30.0556
265 30.0552
270 30.0368
275 30.071
280 30.0342
290 30.0747
295 30.0628
300 30.0368
305 29.8798
315 30.0596
320 30.0743
325 30.0788
330 30.022
335 30.0864
340 30.0566
345 30.0716
350 30.0667
355 30.0281
360 30.0164
365 30.2266
370 29.8975
375 30.0955
380 30.0897
385 30.0737
390 30.1103
395 30.0604
400 30.0841
405 30.1006
410 30.2202
415 29.8663
420 30.094
425 30.0536
430 30.068
435 30.1288
440 30.1397
445 29.9104
450 30.059
455 30.0964
460 30.1464
465 29.9725
470 30.0649
475 30.081
480 30.0694
485 30.2525
490 29.9005
495 30.0384
500 30.0707
505 30.0935
510 30.2496
515 29.8376
520 30.1137
525 30.0694
530 30.0289
535 30.2636
545 30.0911
550 30.0451
555 30.0711
560 30.1815
570 30.0313
575 30.0772
580 30.0574
585 30.0841
595 30.0587
600 30.0309
