5 30.0713
10 30.0381
15 30.0421
20 30.6226
25 29.6096
30 30.0485
35 30.0466
40 30.0909
45 30.0729
50 30.2589
55 30.0598
60 29.891
65 30.1172
70 30.0384
75 30.1013
80 30.0799
85 30.0088
90 30.0701
95 30.0633
100 30.061
105 30.0658
110 30.0402
115 30.0998
120 30.0521
125 30.0168
130 30.0813
135 30.0578
140 30.0391
145 30.1129
150 30.0662
155 30.2265
160 29.9012
165 30.0951
170 30.0287
175 30.0714
180 30.3039
185 43.7102
190 43.7029
195 43.6895
200 43.6818
205 43.6914
210 43.6427
215 43.6965
220 43.6925
225 43.713
230 43.6606
235 43.6964
240 43.6823
245 43.6663
250 43.673
255 43.7736
260 43.6859
265 43.6721
270 43.7028
275 43.7076
280 43.667
285 43.667
290 44.0375
295 43.6803
300 43.6596
305 43.6991
310 43.6991
315 43.7342
320 43.6618
325 43.6851
330 43.6792
335 43.6792
340 43.9171
345 43.6893
350 43.6922
355 43.6817
360 43.0318
365 44.2875
370 43.6745
375 43.6858
380 43.6553
385 43.3771
390 43.9871
395 43.7175
400 43.6658
405 43.666
410 43.6585
415 43.6686
420 44.0114
425 43.7506
430 44.0087
435 43.3162
440 43.7066
445 43.7071
450 43.6742
455 43.6955
460 43.646
465 43.6691
470 43.682
475 43.7121
480 43.6772
485 43.6165
490 43.6798
495 43.7422
500 43.7043
505 43.6718
510 43.6571
515 43.7014
520 43.7253
525 43.6798
530 43.6886
535 43.7307
540 43.7307
545 43.7101
550 43.6621
555 43.3169
560 44.3097
565 44.3097
570 43.6616
575 43.7088
580 43.6813
585 43.6664
590 43.6664
595 44.0184
600 43.6688
