5 32.0073909091
10 31.48724
15 31.406225
20 31.3837380952
25 31.4065909091
30 31.4450777778
35 31.32728
40 31.352675
45 31.3889727273
50 31.4097047619
55 31.4269052632
60 31.3027238095
65 31.3959052632
70 31.4046428571
75 31.3848761905
80 31.47229
85 31.3020888889
90 31.3420526316
95 31.3933954545
100 31.4272428571
105 31.42177
110 31.3089809524
115 31.33163
120 31.3607238095
125 31.3735181818
130 31.3316826087
135 31.2921619048
140 31.368015
145 31.3573454545
150 31.3687047619
155 31.4043363636
160 31.2872826087
165 31.39485
170 31.3616043478
175 31.453105
180 40.0250608696
185 40.2812173913
190 39.8127391304
195 40.3357130435
200 40.1470304348
205 40.1289521739
210 40.0818478261
215 40.2715652174
220 40.2858347826
225 40.0378086957
230 40.3485181818
235 40.3273590909
240 39.7441681818
245 40.1662590909
250 39.94665
255 39.93145
260 40.0639818182
265 39.7841409091
270 39.8916409091
275 39.8912772727
280 40.0568409091
285 39.5709363636
290 40.0866954545
295 39.84335
300 39.4792318182
305 39.7182954545
310 39.9784818182
315 40.0774409091
320 40.0142590909
325 39.6106909091
330 40.0453818182
335 40.3399142857
340 40.1897809524
345 39.3926142857
350 40.0984714286
355 40.2855857143
360 39.8492333333
365 40.1527333333
370 40.022147619
375 39.9321190476
380 40.1574809524
385 40.0761857143
390 39.7855428571
395 40.5120047619
400 39.6250190476
405 39.8335714286
410 40.0032857143
415 39.7796190476
420 39.5337714286
425 40.529745
430 39.80558
435 40.10958
440 39.696765
445 39.85604
450 39.90262
455 39.85469
460 40.021145
465 40.338325
470 39.821435
475 39.727075
480 40.10545
485 39.944125
490 40.28061
495 40.44473
500 39.727305
505 39.99508
510 39.76824
515 40.0427
520 39.81925
525 39.703535
530 39.77879
535 39.722595
540 40.554265
545 39.54507
550 39.53462
555 39.93709
560 39.6890210526
565 40.4271578947
570 39.9177894737
575 39.7249526316
580 39.7405631579
585 40.2119947368
590 39.8705105263
595 39.9201894737
600 40.3018526316
