10 36.973
20 36.5712
30 35.0028
40 35.1625
50 35.6645
60 36.3222
70 35.0071
80 35.486
90 34.4718
100 35.7567
110 35.6446
120 34.829
130 35.3634
140 35.001
150 33.901
160 32.901
170 35.0178
180 34.8096
190 35.1154
200 34.9378
210 34.0456
220 34.8644
230 36.6639
240 33.0786
250 35.714
260 34.5961
270 35.0558
280 35.3917
290 34.8317
300 35.039
310 36.1598
320 34.389
330 35.5846
340 34.9499
350 35.0873
370 35.5385
380 35.8761
390 35.4754
400 34.7497
410 34.7463
420 34.53
430 35.0229
440 34.8548
450 34.2061
470 35.6661
480 35.2199
490 34.6252
500 35.9604
510 35.5909
520 35.2673
530 35.0287
540 34.5155
550 36.1002
560 33.0436
570 35.0643
580 34.9654
590 35.4441
10 36.8705
20 37.3448
30 35.6885
40 36.2123
50 35.2488
60 35.5907
70 33.6926
80 35.9184
90 34.8107
100 35.145
110 36.1272
120 34.1571
130 36.4027
140 34.8388
150 34.9316
160 32.7559
170 37.5758
180 36.0457
190 36.2062
200 34.9103
210 36.5494
220 34.2785
230 34.3348
240 35.3657
250 36.3472
260 34.3817
270 34.9799
280 35.9032
290 35.6803
300 34.9542
310 35.2438
320 34.8867
330 35.6385
340 35.0026
350 34.5122
360 35.5737
370 35.4097
380 34.903
390 33.2765
400 34.6163
410 33.7884
420 36.1155
430 34.8828
440 34.8529
450 34.5329
460 35.0627
470 33.6175
480 36.0221
490 35.3929
500 34.0286
510 35.8013
520 33.7613
530 34.6726
540 36.9431
550 33.3755
560 34.1652
570 36.3497
580 36.275
590 34.1915
10 36.2626
20 33.6654
30 35.3214
40 35.6384
50 36.9425
60 33.1747
70 34.1286
80 34.157
90 35.5788
100 35.536
110 35.0784
120 36.2228
130 35.1449
140 35.2416
150 34.3681
160 35.9947
170 35.1437
180 35.3994
190 34.6218
200 35.3554
210 32.8575
220 35.5934
230 36.2698
250 35.0096
260 35.6918
270 34.4094
280 35.0204
290 36.2737
300 35.6731
310 36.3163
320 34.8878
330 35.4989
340 35.5839
350 36.5398
360 35.1073
370 34.8248
380 34.7737
390 35.3991
400 34.9109
410 33.105
420 36.9953
430 34.639
440 34.7408
450 35.2469
460 35.3643
470 35.0697
480 34.835
490 34.038
500 36.9077
510 35.4051
520 33.7116
530 36.5827
540 34.9737
550 37.0462
560 34.7674
580 34.3469
590 38.6495
10 36.8221
20 36.8144
30 36.1399
40 35.2975
50 36.1311
60 36.942
70 34.3385
80 34.7994
100 33.9622
110 35.4854
130 35.047
140 34.9224
150 34.6648
160 35.9116
170 34.2527
180 35.2044
190 37.5992
200 36.113
210 34.5361
220 35.9734
230 39.3928
240 36.2141
250 35.6576
260 37.1305
270 35.5634
280 37.092
290 35.4882
300 34.6757
310 35.003
320 37.6121
330 36.0886
340 36.2373
350 34.2183
360 35.0054
370 35.4758
380 34.9364
390 35.5959
400 36.876
410 33.9596
420 36.1465
440 35.7575
450 35.201
460 34.5198
470 35.8786
480 34.9328
480 35.9186
500 34.5956
510 36.8348
520 36.2608
530 34.2549
540 37.2
550 34.4526
560 34.5258
570 34.6253
580 35.4381
590 33.7108
20 35.3331
30 35.09
40 36.0707
50 36.5704
60 37.2044
70 32.1794
80 35.4365
90 34.8951
100 34.6446
110 33.6209
120 34.3647
130 34.0642
140 35.2729
150 34.7948
160 34.9361
170 35.4301
180 33.6931
190 34.8043
200 33.3165
210 35.4345
220 33.8706
230 33.9191
240 34.2286
250 33.422
260 34.3062
270 35.7191
280 35.9657
290 35.2414
300 35.754
310 35.4109
320 34.9336
330 34.5774
340 34.1793
350 35.911
360 35.8067
370 35.0923
380 32.8085
390 35.0067
400 34.8927
410 36.5378
420 34.0805
430 35.3725
440 35.409
450 36.1171
460 35.9182
470 36.1754
480 35.6787
490 35.9503
500 35.1662
510 35.1298
520 34.8878
530 35.29
540 36.0313
550 35.952
560 34.4513
570 35.7459
580 34.4289
590 35.8389
