10 66.89412
20 69.09204
30 68.55865
40 67.9632
50 68.05592
60 69.51654
70 67.0487
80 69.40212
90 68.82488
100 68.5866
110 40.0
120 40.0
130 40.0
140 40.0
150 40.0
160 40.0
170 40.0
180 40.0
190 40.0
200 40.0
210 40.0
220 40.0
230 40.0
240 40.0
250 40.0
260 40.0
270 40.0
280 40.0
290 40.0
300 40.0
310 40.0
320 40.0
330 40.0
340 40.0
350 40.0
360 40.0
370 40.0
380 40.0
390 40.0
400 40.0
410 40.0
420 40.0
430 40.0
440 40.0
450 40.0
460 40.0
470 40.0
480 40.0
490 40.0
500 40.0
510 40.0
520 40.0
530 40.0
540 40.0
550 40.0
560 40.0
570 40.0
580 40.0
590 40.0
