5 0
10 36.73205
15 36.73205
20 35.94578
25 35.94578
30 35.44852
35 35.44852
40 35.67628
45 35.67628
50 36.11146
55 36.11146
60 35.8468
65 35.8468
70 33.86924
75 33.86924
80 35.15946
85 35.15946
90 34.9391
95 34.9391
100 35.0089
105 35.0089
110 35.1913
115 35.1913
120 34.8934
125 34.8934
130 35.20444
135 35.20444
140 35.05534
145 35.05534
150 34.53206
155 34.53206
160 34.49986
165 34.49986
170 35.48402
175 35.48402
180 35.03044
185 35.03044
190 35.66938
195 35.66938
200 34.9266
205 34.9266
210 34.68462
215 34.68462
220 34.91606
225 34.91606
230 36.11608
235 36.11608
240 34.72175
245 34.72175
250 35.23008
255 35.23008
260 35.22126
265 35.22126
270 35.14552
275 35.14552
280 35.8746
285 35.8746
290 35.50306
295 35.50306
300 35.2192
305 35.2192
310 35.62676
315 35.62676
320 35.34184
325 35.34184
330 35.4776
335 35.4776
340 35.1906
345 35.1906
350 35.25372
355 35.25372
360 35.373275
365 35.373275
370 35.26822
375 35.26822
380 34.65954
385 34.65954
390 34.95072
395 34.95072
400 35.20912
405 35.20912
410 34.42742
415 34.42742
420 35.57356
425 35.57356
430 34.9793
435 34.9793
440 35.123
445 35.123
450 35.0608
455 35.0608
460 35.21625
465 35.21625
470 35.28146
475 35.28146
480 35.4345166667
485 35.4345166667
490 35.0016
495 35.0016
500 35.3317
505 35.3317
510 35.75238
515 35.75238
520 34.77776
525 34.77776
530 35.16578
535 35.16578
540 35.93272
545 35.93272
550 35.3853
555 35.3853
560 34.19066
565 34.19066
570 35.4463
575 35.4463
580 35.09086
585 35.09086
590 35.56696
