10 67.0349
20 68.6383
30 66.894
40 68.4511
50 65.962
60 69.6387
70 67.7192
80 68.07
90 69.8742
100 67.7989
110 40
120 40
130 40
140 40
150 40
160 40
170 40
180 40
190 40
200 40
210 40
230 40
240 40
250 40
260 40
270 40
280 40
290 40
300 40
310 40
320 40
330 40
340 40
350 40
360 40
370 40
380 40
390 40
400 40
410 40
420 40
430 40
440 40
450 40
460 40
470 40
480 40
490 40
500 40
510 40
520 40
530 40
540 40
550 40
560 40
570 40
580 40
590 40
10 63.979
20 69.4907
40 66.2139
50 70.5475
60 70.8458
70 65.544
80 68.1654
90 70.2355
100 70.0509
110 40
120 40
130 40
140 40
150 40
160 40
170 40
180 40
190 40
200 40
210 40
220 40
230 40
240 40
250 40
260 40
270 40
280 40
290 40
300 40
310 40
320 40
330 40
340 40
350 40
360 40
370 40
380 40
390 40
400 40
410 40
420 40
430 40
440 40
450 40
460 40
470 40
480 40
490 40
500 40
510 40
520 40
530 40
540 40
550 40
560 40
570 40
580 40
590 40
10 65.3499
20 69.5766
30 66.8124
40 70.2216
50 67.5232
60 68.802
70 69.0342
80 68.4982
90 69.02
100 68.9546
110 40
120 40
130 40
140 40
150 40
160 40
170 40
180 40
190 40
200 40
210 40
220 40
230 40
240 40
250 40
260 40
270 40
280 40
290 40
300 40
310 40
320 40
330 40
340 40
350 40
360 40
370 40
380 40
390 40
400 40
410 40
420 40
430 40
440 40
450 40
460 40
470 40
480 40
490 40
500 40
510 40
520 40
530 40
540 40
550 40
560 40
570 40
580 40
590 40
10 68.3572
20 68.2394
30 69.818
40 65.4618
50 68.1065
60 68.3493
70 66.5729
80 73.5555
90 67.1721
100 69.1666
110 40
120 40
130 40
140 40
150 40
160 40
170 40
180 40
190 40
200 40
210 40
220 40
230 40
240 40
250 40
260 40
270 40
280 40
290 40
300 40
310 40
320 40
330 40
340 40
350 40
360 40
370 40
380 40
390 40
400 40
410 40
420 40
430 40
440 40
450 40
460 40
470 40
480 40
490 40
500 40
520 40
530 40
540 40
550 40
560 40
570 40
590 40
10 69.7496
20 69.5152
30 70.7102
40 69.4676
50 68.1404
60 69.9469
70 66.3732
80 68.7215
90 67.8226
100 66.962
110 40
120 40
140 40
150 40
160 40
170 40
180 40
190 40
200 40
210 40
220 40
230 40
240 40
250 40
260 40
270 40
280 40
290 40
300 40
310 40
320 40
330 40
340 40
350 40
360 40
370 40
380 40
390 40
400 40
410 40
420 40
430 40
450 40
460 40
470 40
480 40
490 40
500 40
510 40
520 40
530 40
540 40
550 40
560 40
570 40
580 40
590 40
