5 0
10 66.89412
15 66.89412
20 69.09204
25 69.09204
30 68.55865
35 68.55865
40 67.9632
45 67.9632
50 68.05592
55 68.05592
60 69.51654
65 69.51654
70 67.0487
75 67.0487
80 69.40212
85 69.40212
90 68.82488
95 68.82488
100 68.5866
105 68.5866
110 40.0
115 40.0
120 40.0
125 40.0
130 40.0
135 40.0
140 40.0
145 40.0
150 40.0
155 40.0
160 40.0
165 40.0
170 40.0
175 40.0
180 40.0
185 40.0
190 40.0
195 40.0
200 40.0
205 40.0
210 40.0
215 40.0
220 40.0
225 40.0
230 40.0
235 40.0
240 40.0
245 40.0
250 40.0
255 40.0
260 40.0
265 40.0
270 40.0
275 40.0
280 40.0
285 40.0
290 40.0
295 40.0
300 40.0
305 40.0
310 40.0
315 40.0
320 40.0
325 40.0
330 40.0
335 40.0
340 40.0
345 40.0
350 40.0
355 40.0
360 40.0
365 40.0
370 40.0
375 40.0
380 40.0
385 40.0
390 40.0
395 40.0
400 40.0
405 40.0
410 40.0
415 40.0
420 40.0
425 40.0
430 40.0
435 40.0
440 40.0
445 40.0
450 40.0
455 40.0
460 40.0
465 40.0
470 40.0
475 40.0
480 40.0
485 40.0
490 40.0
495 40.0
500 40.0
505 40.0
510 40.0
515 40.0
520 40.0
525 40.0
530 40.0
535 40.0
540 40.0
545 40.0
550 40.0
555 40.0
560 40.0
565 40.0
570 40.0
575 40.0
580 40.0
585 40.0
590 40.0
