5 43.8649
10 44.6252
15 43.9422
20 44.6256
25 44.6279
30 44.6278
35 44.6093
40 44.6415
45 44.6693
50 44.6144
55 43.6683
60 45.5895
65 43.9282
70 44.6414
75 44.6376
80 44.2701
85 44.9379
90 44.6169
95 43.9221
100 44.609
105 44.5732
110 44.6683
115 44.6678
120 43.9961
125 43.9651
130 43.2393
135 44.8495
140 44.3754
145 44.6312
150 44.6222
155 44.6646
160 44.6222
165 44.9519
170 44.6179
175 44.6166
180 44.6376
185 32.1753
190 30.536
195 29.7012
200 30.4996
205 30.2842
220 31.1013
225 30.5127
245 31.0823
250 31.0946
255 30.546
260 29.9205
265 29.4434
270 30.5007
280 29.6904
285 31.3225
290 28.8435
295 30.4722
300 29.6596
305 30.5011
325 30.4943
330 30.4842
335 29.6613
340 30.2502
355 30.6716
360 30.0672
380 29.672
385 30.7372
395 30.5175
400 30.265
405 28.8549
415 30.3073
425 29.7575
430 30.5161
435 30.2222
440 30.4832
445 30.5124
455 30.5023
465 30.6613
480 29.2123
485 30.689
495 30.089
505 31.0824
510 31.7182
515 29.5897
520 30.0826
535 31.7696
540 29.5695
545 30.0605
555 30.2834
565 29.8926
570 30.2797
575 30.5076
585 30.4788
595 30.667
5 0
10 44.3766
15 44.6487
20 44.6778
25 44.6575
30 43.9843
35 45.2676
40 44.652
45 44.6171
50 44.6586
55 43.9475
60 44.6543
65 44.6709
70 44.6496
75 44.6272
80 44.6406
85 44.6591
90 44.6178
95 44.6505
100 44.6772
105 44.2856
110 44.401
115 45.2864
120 44.6291
125 44.6243
130 44.0033
135 45.2138
140 44.6334
145 44.6648
150 44.6476
155 44.3173
160 44.6266
165 44.6527
170 44.6632
175 44.6522
180 44.6215
195 30.9587
205 30.2841
215 30.472
220 31.5526
225 29.5365
230 30.5215
235 30.3241
245 29.6928
250 30.9214
255 30.0663
265 29.7071
270 29.4699
275 30.5164
295 31.1429
300 30.5256
315 30.3567
340 30.5723
345 30.3113
360 29.3579
365 30.4642
370 30.5156
410 30.9158
415 30.7247
430 29.6906
435 30.0849
440 29.9686
450 30.5102
455 30.5255
475 30.5176
480 30.5185
485 29.8727
495 29.7187
500 31.1386
505 30.5078
520 30.3531
525 31.1554
530 30.539
535 30.5046
555 30.3473
575 29.7013
580 30.5285
590 29.8175
595 30.5132
600 30.5192
5 29.8013
10 40.4385
15 44.7073
20 44.7234
25 44.7095
30 43.9653
35 45.2837
40 44.7449
45 44.6616
50 44.6692
55 43.9296
60 45.2837
65 44.7401
70 44.7041
75 44.0302
80 43.9736
85 45.265
90 44.71
95 44.7286
100 44.6818
105 43.1672
110 45.7621
115 44.7232
120 44.7346
125 44.6957
130 44.6961
135 44.3242
140 44.9861
145 44.6873
150 44.7096
155 43.2062
160 45.2062
165 45.3563
170 44.6864
175 44.751
180 44.7464
465 29.9185
470 30.962
475 30.535
480 30.576
490 29.258
500 30.5783
505 30.5778
520 30.4025
535 31.1743
540 31.2586
560 31.1561
580 30.59
585 30.5891
595 30.5896
5 37.9845
10 44.9728
15 44.6107
20 44.614
25 44.641
30 44.6404
35 44.6044
40 43.9332
50 44.6399
55 44.6115
60 44.6422
65 44.6423
70 44.6367
75 44.5949
80 44.6437
85 44.6122
90 44.6502
95 44.6233
100 44.6067
105 44.7168
110 44.6504
115 44.9751
120 44.9158
125 44.6107
130 44.6651
135 44.6411
140 44.6206
145 44.6283
150 44.6376
155 44.6293
160 44.943
165 44.6412
170 44.6451
175 44.5933
180 44.6319
195 30.477
200 31.0752
215 30.4585
220 30.4656
225 30.4873
235 30.0061
245 30.4893
250 30.4822
255 31.0741
260 29.4007
265 31.202
270 30.409
285 29.5693
300 30.4307
305 30.4668
310 31.1096
315 30.282
320 30.4708
355 30.4439
360 30.4725
375 30.2609
380 29.68
385 30.5059
390 30.9931
400 30.4788
420 29.6856
425 30.4792
430 30.4877
435 31.0872
445 29.6716
450 30.4828
455 29.4383
460 29.6937
465 30.4873
475 30.2338
480 30.5063
485 30.4702
495 31.2625
505 30.4935
510 30.2508
520 31.4467
530 30.4611
540 28.8749
550 31.1245
555 30.4154
560 30.3109
565 30.6538
570 30.2639
575 30.2828
585 31.0521
590 30.6983
600 30.4701
5 36.1996
10 43.9616
15 43.9381
20 44.623
25 44.6602
30 44.7118
35 43.9926
40 44.6571
45 44.6361
50 44.6436
55 44.6357
60 44.2713
65 44.6626
70 44.6532
75 44.683
80 44.6581
85 44.6653
90 44.6395
95 44.6529
100 44.7128
105 44.2784
110 44.3739
115 44.9328
120 44.6599
125 44.6829
130 44.6845
135 44.6609
140 44.668
145 43.9554
150 44.7081
155 45.0121
160 44.3664
165 44.6666
170 44.651
175 44.6412
180 43.5796
185 31.6701
195 31.1182
205 29.659
215 30.513
220 29.7282
235 30.4768
275 29.7679
280 30.2476
285 31.1381
290 30.5449
295 29.7491
300 30.5355
310 31.1094
330 30.5303
345 30.5293
350 30.4786
355 30.5101
365 30.517
380 30.3163
390 30.4971
395 30.3168
410 31.7683
420 30.3012
425 30.5127
430 30.5324
450 30.5206
455 30.5526
460 29.5078
470 31.1323
475 30.5203
485 29.247
500 31.1037
505 30.2644
520 30.4741
525 30.5637
530 30.5596
535 29.6504
550 31.5462
565 29.8349
575 29.7179
580 30.5238
595 29.699
600 30.5238
25 44.7181
30 44.7409
35 44.7649
40 44.7312
45 44.0313
50 44.7763
55 44.7477
60 44.7342
65 44.7108
70 44.7022
75 43.936
80 45.2884
90 44.7237
100 44.738
110 45.3636
115 44.7178
120 44.7753
125 44.7216
135 45.068
140 44.7715
145 44.746
150 44.7061
160 45.0369
165 44.7423
170 44.7657
175 44.7343
180 44.6784
190 29.7896
195 30.3914
200 30.7757
205 30.6192
210 30.5776
215 30.5204
220 30.5807
225 30.5948
230 30.5795
235 30.6085
240 30.5836
245 30.6076
250 30.5876
255 30.5663
260 31.1354
265 29.9725
270 30.5833
275 30.6048
280 31.2512
285 29.1577
290 32.131
295 30.6181
300 30.6107
305 30.5753
310 30.5612
315 30.605
320 30.642
325 30.5783
330 30.5921
335 28.943
340 32.283
345 30.5869
350 30.6018
360 29.4801
365 31.6017
370 30.5779
375 30.6212
380 30.5531
385 28.9913
390 32.0875
395 30.5901
400 30.5914
405 30.5818
410 28.1703
415 32.6214
420 30.5986
425 30.6345
435 31.2438
440 30.0322
445 30.5865
450 30.5601
455 30.5816
460 32.4209
465 29.246
475 29.8007
480 30.561
485 28.4475
490 30.7734
495 30.5908
500 30.5696
505 30.5736
520 30.59
525 30.6096
530 30.5876
540 30.5579
545 30.6086
550 30.5922
555 30.606
560 30.3685
570 29.7715
575 30.5778
580 29.8185
585 29.685
590 31.2878
595 30.5704
600 30.6193
5 0
10 42.852
15 44.0332
20 44.692
25 44.6751
30 44.7378
35 44.6366
40 44.6721
45 45.0059
50 44.665
55 44.0589
60 45.328
65 44.6573
70 44.6696
75 44.9638
80 44.0213
85 45.0333
90 44.0052
95 44.6793
100 44.6572
105 44.0522
110 45.2328
115 44.7
120 44.6795
125 44.6933
130 44.7119
135 44.7005
140 44.6703
145 44.7018
150 44.6751
155 44.6866
160 44.6867
165 44.6753
170 44.6901
175 44.6442
180 44.6876
190 31.1755
195 31.1499
200 30.5718
205 30.5719
210 30.5592
215 30.5593
220 31.1564
225 30.5603
230 30.5328
235 30.9181
240 30.1477
245 30.5767
250 30.5766
255 30.5592
260 30.196
265 30.8193
270 30.575
275 30.568
280 30.5303
285 32.1314
290 28.975
295 30.5934
300 29.7723
305 30.5389
310 29.8058
325 31.1343
330 30.6088
335 29.9554
340 31.1922
345 30.5809
350 30.5376
360 29.1717
365 31.1468
370 30.586
375 30.5507
380 30.5616
385 28.9534
390 32.1391
395 30.564
400 30.5582
405 28.6782
410 31.6803
415 31.141
420 30.5928
425 30.5641
430 30.6291
435 30.7667
440 29.9627
450 30.5311
455 30.5726
460 30.7793
465 30.392
470 30.3354
475 30.563
480 30.5933
485 30.3334
490 31.4837
495 29.7438
500 30.3676
505 30.5494
510 30.5635
515 31.317
520 29.7419
525 30.5568
530 30.5392
535 30.1642
540 30.8857
545 30.5649
550 31.2025
555 28.9506
560 32.0805
565 30.1838
570 31.0216
575 30.5545
580 30.5389
585 30.5413
590 30.5721
595 30.5638
600 30.5199
10 44.112
15 44.1584
20 44.7259
25 45.0803
30 44.5956
35 44.7398
40 44.7043
45 44.7752
50 44.1036
55 44.0309
60 44.7749
65 44.7537
70 44.6917
75 44.7619
80 43.3516
85 46.1964
90 44.7819
95 44.7342
100 44.032
105 43.648
110 45.623
115 44.744
120 44.7044
125 44.0298
130 44.0007
135 45.258
140 44.7095
145 44.7114
150 44.6932
155 43.938
160 45.3875
165 44.7163
170 44.749
175 44.7035
180 43.9714
185 32.2021
195 30.5452
200 30.6239
215 30.5589
220 30.3613
235 30.3842
245 31.1689
265 30.568
275 30.5627
285 31.4595
290 29.7601
295 30.6217
300 30.3664
315 29.5451
325 31.1845
340 29.5583
345 30.3755
355 29.8826
360 29.451
365 31.7879
370 31.589
375 30.4217
380 30.5725
400 29.7756
405 30.5905
410 31.1118
420 30.3354
430 30.3596
435 30.3502
445 30.3497
450 30.5979
455 30.577
460 30.3488
465 30.4064
470 29.5603
485 30.5777
500 30.3939
505 29.806
525 29.7779
530 30.579
545 29.8086
550 30.5842
555 30.5939
565 30.3626
585 30.7932
590 30.4197
595 30.6339
145 44.6401
150 44.9997
155 44.6924
160 44.7056
165 44.6417
215 30.3772
230 29.6827
235 30.1941
245 30.5972
260 30.7696
265 30.9452
270 30.5537
300 30.5942
330 28.6349
335 31.2014
340 30.5706
355 31.1393
360 31.2373
370 30.5574
375 30.5778
380 30.5797
395 30.5108
405 29.4474
415 30.9122
425 30.5756
430 31.1275
435 30.986
445 31.1112
450 30.5813
460 31.2526
485 30.2972
490 31.0982
495 29.9668
505 30.5425
510 29.6758
525 28.9277
530 30.5768
535 29.399
545 31.1236
550 30.5541
555 29.7809
560 30.564
565 29.7636
570 31.2875
580 30.5912
585 30.5889
595 30.5387
20 44.747
25 44.7434
30 44.7228
35 45.0785
40 44.7701
45 44.7294
50 44.8325
55 44.4782
60 45.003
65 44.7429
70 44.3984
75 44.4339
80 43.7601
85 45.7187
90 44.7081
95 44.7706
100 45.0479
105 45.042
110 44.4821
115 44.7122
120 44.713
125 44.7407
130 44.6121
135 44.8653
140 44.7535
145 44.7604
150 44.733
155 44.0753
160 45.3516
165 44.7176
170 44.7009
175 44.6739
180 44.6888
220 30.563
225 30.5624
245 30.642
255 29.7788
280 30.6123
290 30.5755
295 30.5986
300 29.7824
305 30.5848
315 30.5546
320 29.7868
325 30.5777
330 30.5723
335 31.5193
345 30.3892
355 29.7953
360 30.9938
370 30.5979
375 29.7767
380 30.5967
385 30.5806
390 30.3817
415 31.0043
420 30.6275
425 30.5808
430 30.5528
435 31.1914
455 30.6003
465 30.1812
470 29.5518
480 30.6043
485 30.4173
490 30.8079
495 30.6379
505 30.5826
515 30.9609
520 30.4094
545 31.1756
550 30.5766
565 30.5692
570 30.5822
575 30.3816
580 30.363
595 30.5763
600 30.6084
5 29.6605
10 42.53
15 44.7224
20 44.7291
25 44.6447
30 44.691
35 44.9797
40 44.7062
45 44.0377
50 44.0222
55 44.7038
60 44.7361
65 44.6928
70 44.7143
75 44.6891
80 44.315
85 44.7217
90 44.7006
95 44.6459
100 44.6892
105 44.6953
110 44.7383
115 44.9843
120 44.6977
125 44.6706
130 44.7013
135 44.6976
140 44.6796
145 44.6606
150 44.7587
155 44.7024
160 44.6515
165 44.6809
170 44.6755
175 44.7198
180 44.0167
200 29.7786
230 29.7834
235 30.5978
240 29.8133
245 29.7629
260 30.4148
265 30.0278
270 30.5744
280 30.5482
290 30.7676
300 30.386
320 30.5466
325 30.5718
330 30.583
340 30.201
345 29.5678
350 30.7403
355 31.2202
370 30.9819
375 30.3901
380 30.5821
385 29.7087
395 30.5669
400 29.5749
420 30.4221
425 30.6287
430 30.5675
440 30.9622
455 31.1664
460 28.782
475 30.5949
480 30.6098
485 30.7598
495 30.3882
500 30.9759
505 28.9196
520 29.5544
530 31.1977
535 31.1806
545 29.5667
550 30.5687
555 30.5886
560 30.5847
585 30.3834
590 30.3634
595 30.7299
5 36.5358
10 44.9943
15 44.7146
20 44.0132
25 44.7005
30 44.3435
35 44.7045
40 44.6832
45 43.9963
50 44.7056
55 44.9924
60 44.7099
65 43.9989
70 44.6832
75 44.0214
80 44.7368
85 44.6133
90 44.6694
95 44.6676
100 44.6678
105 44.6553
110 44.1268
115 45.299
120 44.6662
125 44.0075
130 45.0472
135 43.7098
140 44.0195
145 44.6684
150 44.7585
155 44.6234
160 44.7665
165 44.7212
170 44.7243
175 44.6987
180 45.0173
