5 34.379
10 31.5001
15 31.2743
20 31.0999
25 31.3334
35 31.2443
40 31.3189
45 31.3516
50 31.4854
60 31.221
65 31.1598
70 31.2884
75 31.3324
80 31.5204
85 31.7049
90 31.2751
95 31.4513
100 31.4571
110 31.7601
115 31.5676
120 31.6286
125 31.2472
130 31.6389
135 31.1019
140 31.4587
145 31.5387
150 31.4715
155 31.5296
160 31.0189
165 31.3338
170 31.5578
175 31.3006
180 31.7486
185 31.318
190 31.1805
195 31.1523
200 31.751
215 31.5226
220 31.8154
225 31.2268
230 31.4038
235 30.9341
240 31.6663
245 31.1405
250 31.7887
255 31.7536
260 31.3951
265 31.3835
270 31.1021
275 31.1895
285 31.1972
290 31.4748
300 31.161
305 31.4943
310 31.4398
315 31.3489
320 31.3011
325 31.3111
330 31.6382
335 31.3437
350 31.2958
355 31.0118
360 31.4114
365 31.2649
370 31.4779
375 31.71
380 31.3209
385 31.3257
390 31.484
400 31.3126
405 31.3071
410 31.6786
415 31.2388
420 31.324
425 31.4512
435 31.44
440 31.5718
450 31.1244
455 31.6725
465 31.0809
470 31.2944
475 31.6981
480 31.2671
485 31.5737
490 31.3886
495 31.1258
500 31.4666
505 31.5616
510 31.7261
515 31.6227
520 31.2361
525 31.683
530 31.6492
535 31.321
540 31.1132
545 31.3225
550 31.3298
555 31.4743
560 31.6771
565 31.6042
570 31.0505
575 31.3079
580 31.1825
585 31.3064
590 31.2279
595 31.8094
600 31.6076
5 31.5012
15 31.0526
20 31.0915
25 31.3612
35 31.2799
40 31.4543
45 31.5715
50 31.224
55 31.7756
60 30.997
65 31.7367
70 31.2358
75 31.5982
80 31.431
85 31.6132
90 30.8443
95 31.2346
100 31.4239
105 31.6411
110 31.154
115 31.0127
120 31.111
125 31.2756
130 31.3377
135 31.0252
140 31.4254
145 31.6644
150 31.225
155 31.0254
160 31.1789
165 31.3959
170 31.2345
175 31.0467
185 31.638
190 31.0615
195 31.2549
200 31.3734
205 31.0783
210 31.9229
215 31.1329
220 31.216
225 31.2006
230 30.8334
235 31.2254
240 31.0113
245 31.2803
250 31.398
255 31.2587
260 31.4913
265 31.256
270 31.0289
275 31.3513
280 31.2296
285 31.78
290 31.387
305 30.8601
310 31.5638
315 31.1187
320 31.0853
325 31.1903
335 31.0847
340 31.099
350 31.4223
355 31.5815
360 31.5982
365 31.336
370 31.4265
375 31.0088
380 31.3955
385 31.1993
390 31.2099
395 31.6095
400 31.0291
405 31.601
410 31.2608
415 31.1783
420 31.3585
425 31.224
435 31.193
440 31.4105
445 31.2863
450 31.5748
455 31.5442
460 31.3283
465 30.9723
470 31.6161
475 31.2747
480 31.1912
485 31.6179
490 31.5143
495 31.2531
500 31.1961
505 31.5634
510 31.162
520 31.3132
525 31.2854
530 31.118
540 31.1236
545 31.2679
550 31.7199
555 31.2118
560 31.5404
565 31.2113
570 30.9649
575 31.3744
580 31.2899
585 31.053
590 31.4471
595 31.1297
600 31.0874
5 32.069
10 31.2467
20 31.3865
25 31.337
30 31.3856
35 31.1703
40 31.392
45 31.2133
50 31.1934
55 31.3135
60 31.582
70 31.5395
75 31.3443
80 31.2158
95 31.2172
100 31.193
105 31.2008
120 30.7642
125 31.2353
130 31.183
135 31.3609
145 31.1932
150 31.3426
155 31.2505
160 31.4887
165 31.3836
170 31.1662
175 31.3515
180 31.353
185 31.2182
190 31.348
195 31.3451
200 31.2027
205 31.5933
210 31.4291
220 31.0511
225 31.3518
230 31.3511
235 31.1983
240 31.3781
245 30.9997
250 31.3738
255 31.232
260 31.2204
265 31.4452
270 31.1029
275 31.1986
280 31.3538
285 31.2245
295 30.996
300 31.2084
305 31.3396
310 31.3394
320 31.0027
325 31.2248
330 31.1944
335 31.5078
340 31.1977
350 31.2511
355 31.2166
360 31.2027
365 31.2046
375 31.1614
380 31.4368
385 31.2288
400 31.0283
405 31.2568
410 31.1826
415 31.2083
425 31.0431
430 31.2024
435 31.3737
440 31.1475
450 31.1535
455 31.4562
460 31.3561
465 31.3925
470 31.3725
475 31.0599
480 31.3494
485 31.3672
490 31.3829
500 31.0294
505 31.1851
510 31.2291
515 31.1708
520 31.3984
525 30.9705
530 31.18
535 31.3672
540 31.342
550 31.3125
555 31.2796
560 31.1912
570 31.3883
575 31.1565
580 31.2105
585 31.3672
590 31.2084
595 31.3946
600 31.0109
5 31.7396
10 31.2126
15 31.1247
20 31.273
25 31.1561
30 31.4906
35 30.9582
40 31.1213
45 31.1064
50 31.4463
55 31.2308
60 31.1537
65 31.1663
70 31.1467
75 31.1292
80 31.4485
85 31.0249
90 31.329
95 31.1177
100 31.424
105 30.9518
110 31.4321
115 30.9379
120 31.1085
125 31.266
130 31.2911
135 31.1133
140 31.0989
145 31.134
150 31.0448
155 31.1274
160 31.0153
165 31.2613
170 31.2309
180 31.6168
185 31.2792
190 31.0935
195 31.2867
200 31.1975
205 31.4278
210 31.0988
215 31.0207
220 31.2986
225 31.479
230 31.4328
235 31.1325
240 30.9787
245 31.418
250 31.45
255 31.1482
260 31.5022
265 31.1211
270 31.1543
275 31.481
280 31.3177
285 31.5391
290 31.106
295 31.1777
300 31.2807
305 31.0938
310 31.3045
315 31.0077
320 31.3075
325 31.2672
330 31.4356
335 31.5136
340 30.9455
345 31.1098
350 31.1387
355 31.2726
360 31.3424
365 31.1956
370 31.303
375 31.1338
380 31.1176
385 31.25
390 31.3538
395 31.3427
400 31.2729
405 31.348
410 30.9023
415 31.303
420 31.438
425 31.0783
430 31.6162
435 31.33
440 31.3083
445 31.7906
450 31.4716
455 31.1702
460 31.0854
465 31.5367
470 31.2011
475 31.3228
480 31.5672
490 31.7573
495 31.2603
500 31.6484
505 31.1298
510 31.0818
515 31.4486
520 31.672
525 31.3133
530 31.4186
535 31.0945
540 31.3952
545 31.4488
550 31.127
555 31.2842
560 31.3511
565 31.3178
570 31.1191
575 31.4347
585 31.0969
590 31.2793
595 31.0909
600 31.3149
5 31.3565
10 31.0964
15 31.2979
20 31.3021
25 31.4279
30 31.3327
35 31.1223
40 31.0844
45 31.1303
50 31.6192
55 31.1654
60 31.0885
65 31.0753
70 31.2761
75 31.3065
80 31.231
85 31.2493
90 31.3577
95 31.2819
100 31.144
105 31.3251
110 30.9844
115 31.1905
120 31.2749
125 31.0969
130 31.3311
140 30.9274
145 31.3017
150 31.1564
155 31.166
160 31.4047
165 31.0528
170 31.1392
180 31.3032
190 30.8804
195 31.1956
200 31.3013
205 31.194
210 31.2412
215 30.9625
220 31.0975
225 31.4933
230 31.2207
235 31.2844
240 30.7593
245 31.3032
250 31.1502
255 31.5314
260 31.5876
265 30.9362
270 31.2867
275 31.2766
280 31.4589
285 31.1334
290 30.9597
295 31.322
300 31.343
305 31.4221
310 31.125
315 31.2373
320 31.1206
325 31.2752
330 31.7367
335 31.2399
340 31.1584
345 31.0665
350 31.2588
355 31.2192
360 31.356
365 31.1083
370 31.1636
375 31.1143
380 31.1606
385 31.2947
390 31.2743
395 31.1575
405 31.1977
410 31.3598
415 31.2852
420 31.3026
425 31.2644
430 31.5465
435 30.9629
440 31.1596
445 31.3683
450 31.1302
455 31.1394
460 31.1266
465 31.4948
470 31.0771
475 31.6804
480 31.1379
485 30.894
495 30.8319
500 31.1401
505 31.1233
510 31.4604
520 30.6609
525 31.1276
530 31.1573
535 31.3157
545 30.9708
550 31.1966
555 31.1639
560 31.357
570 30.9591
575 31.5707
580 31.1676
585 31.7496
595 30.7335
600 31.0334
5 33.3269
10 32.1361
15 31.3106
20 31.5882
25 31.5191
35 31.8045
40 31.1452
45 31.7078
50 31.7417
55 31.5493
60 31.3297
65 31.7628
70 31.8608
75 31.3127
80 31.588
85 31.2356
90 31.3494
95 31.6803
100 31.7442
105 31.3669
110 31.3719
115 31.3122
120 31.2911
125 31.5101
130 31.1923
135 31.5608
145 31.3907
150 31.3825
155 31.5091
160 31.6226
165 31.8265
170 31.3966
175 31.6499
180 31.2465
185 31.8505
190 31.4482
195 31.5164
200 31.403
205 31.5915
210 31.7747
215 31.5251
220 31.2524
225 31.2048
230 31.2618
235 31.7233
240 31.8795
245 31.1527
250 31.4294
255 31.6868
265 31.8232
275 31.3558
280 31.4037
285 31.4164
290 31.8563
295 31.4405
300 31.6258
305 31.2993
310 31.8043
315 31.526
320 31.2367
325 31.3523
330 31.2106
335 31.353
340 31.6864
350 31.542
355 31.2331
360 31.6816
365 31.617
375 31.5295
380 31.3649
385 31.4613
395 31.5786
400 31.2147
405 31.7373
415 31.57
420 31.7511
425 31.0556
430 31.444
435 31.2074
440 31.5543
445 31.3929
450 31.2519
460 31.5157
465 31.2686
470 31.2517
475 31.1241
480 31.5461
485 31.77
495 31.6993
500 31.2303
505 31.5604
510 31.3862
515 31.2622
520 31.3433
525 31.3119
530 32.3168
535 31.3533
540 31.3598
545 31.662
550 31.1686
555 31.555
560 31.5688
565 31.1752
570 31.4716
575 31.1698
585 31.5296
595 31.6987
600 31.1109
5 31.4516
10 31.1907
15 31.2792
20 31.1382
25 31.3008
30 31.221
35 31.0385
40 31.3122
45 31.4002
50 30.972
55 31.158
60 31.1786
65 31.2816
70 31.475
75 31.1185
80 31.5623
85 30.7998
90 31.0927
95 31.4315
100 31.0774
105 30.9901
110 31.1235
115 31.2854
120 31.0637
125 31.1095
130 31.1165
135 31.3801
140 31.0265
145 31.0801
155 31.1719
160 31.2153
165 31.5724
170 31.0377
175 31.2556
180 31.0919
185 31.3202
195 31.4751
205 31.111
210 31.3191
215 31.0392
220 31.0921
225 31.3398
230 31.1595
235 31.2023
240 30.9835
250 31.2642
255 31.4542
260 31.2008
265 30.9828
270 31.1136
275 31.2998
280 31.8535
285 32.0256
290 31.1309
295 31.4144
300 31.4398
305 31.2609
310 31.3477
315 31.1212
320 31.4321
325 31.4288
330 31.1223
335 31.1647
340 31.2683
345 31.3875
360 31.3778
365 31.1612
370 31.2486
375 31.3395
380 30.9995
385 31.1802
390 31.0581
395 31.2923
400 31.4287
405 31.0532
410 31.263
415 31.4214
420 31.1351
425 31.2504
430 31.4054
435 31.3362
440 31.402
445 31.6094
450 31.4145
455 31.1266
460 31.2782
465 31.5658
470 31.2296
475 31.1271
480 31.2855
485 31.1009
490 31.6403
495 31.032
500 31.067
505 31.4255
510 31.2753
515 31.3647
520 31.2329
525 31.3374
530 31.1951
535 31.2464
540 31.3825
545 31.0496
550 31.0898
555 31.3639
560 31.0992
565 31.345
570 30.9873
575 31.6203
580 31.6703
585 30.9159
590 31.6897
595 31.0948
600 31.1173
5 31.1546
10 31.6606
15 30.995
20 31.7112
25 31.4611
30 31.7551
35 31.8376
40 31.6843
45 31.6621
50 31.3201
55 31.706
60 31.1254
70 31.6602
75 31.5609
80 32.2554
85 31.3148
90 31.1675
95 31.4733
100 31.8204
105 31.7401
110 31.7477
115 31.5931
130 31.2167
135 31.2369
140 31.3945
145 31.345
150 31.229
155 31.1965
160 31.3454
170 31.7298
175 31.5457
180 31.091
185 31.6534
190 31.3128
195 31.1195
200 31.3026
210 31.3518
215 31.8215
220 31.597
225 31.5361
230 31.2133
235 31.2902
240 31.3636
245 31.7597
250 31.1799
255 31.5562
260 31.4786
265 31.6434
270 31.3317
275 31.3156
280 31.5531
285 31.6924
290 31.3175
300 31.4501
305 31.8334
310 31.4131
315 30.8877
320 31.4925
325 31.6533
330 31.7785
335 32.2211
340 31.6223
345 31.4678
350 31.34
355 32.2451
360 31.2165
375 31.5287
380 31.3588
385 31.6365
390 31.2307
395 31.1815
400 31.7065
405 31.7298
410 31.305
415 31.2413
420 31.1414
425 31.5103
430 31.2982
435 31.6087
440 31.451
445 31.4322
450 31.1211
455 31.8202
460 31.538
465 31.4554
470 31.8662
475 31.3706
480 31.3903
485 31.51
490 31.1511
495 31.4886
500 31.3544
505 31.1238
510 31.1561
515 31.6078
520 31.5169
525 31.1409
530 31.724
535 31.7071
540 31.3416
545 32.0828
550 31.3634
555 31.3329
560 31.3757
565 31.6157
570 31.3055
575 31.4018
580 31.6113
585 31.3723
590 31.3459
595 31.7168
600 31.2329
5 31.6401
10 31.1715
15 31.7522
20 31.3059
25 31.3623
30 31.9093
35 31.4117
40 31.1708
45 31.7547
50 31.2018
55 31.5602
60 30.7381
65 32.2059
70 31.7609
75 31.5292
80 31.0527
85 31.301
90 31.0371
95 31.3741
100 31.1931
105 31.6852
110 30.8481
115 31.4189
120 31.3065
125 31.5833
130 31.2477
135 31.4161
140 30.8617
145 30.9292
150 31.4559
155 31.3565
160 31.6155
165 31.0388
170 31.4004
175 31.3573
180 31.0368
190 30.9986
195 31.2386
205 31.7247
210 31.1941
215 31.3302
220 31.2111
225 31.1058
230 31.4887
235 31.192
240 31.7219
245 31.4313
250 31.1958
255 31.6644
260 31.2942
265 30.9911
270 31.6844
275 31.5363
280 31.3621
285 31.6682
290 31.2187
295 31.1045
300 31.0133
305 31.1593
310 31.8946
315 31.0867
325 31.3863
330 31.5602
340 31.2941
345 31.8799
350 31.7086
355 31.3537
360 31.5255
365 31.0593
370 30.8862
375 31.0612
380 31.1881
385 31.2935
390 31.1374
395 31.7675
400 30.7495
405 31.6684
410 31.3428
415 30.9837
420 31.2536
425 31.0236
430 31.3619
435 31.4336
440 30.8514
445 31.7259
450 31.0096
455 31.0944
460 31.4967
465 31.225
470 30.9841
475 31.4649
480 31.0372
485 32.0264
490 32.0288
495 30.9338
500 31.2524
505 31.2161
510 31.6935
515 31.0811
520 31.2589
530 31.0844
535 31.6541
540 31.1402
545 31.5043
550 30.9624
555 31.0115
560 31.3266
565 31.5058
570 31.108
575 31.0282
580 31.2087
585 31.5937
590 31.3277
595 31.1547
600 31.2549
5 31.3651
10 31.4441
15 31.702
20 31.4554
25 31.8514
30 31.4545
35 30.9487
40 31.6077
45 30.9632
50 31.2553
60 31.3265
65 31.1559
75 31.4729
80 31.4002
85 31.4296
90 31.6119
95 31.0954
100 31.4323
105 31.2186
110 31.1622
115 31.1245
120 31.2532
125 31.6215
130 31.7861
135 30.9348
140 31.1039
145 31.4924
150 31.2474
155 31.4924
160 31.1621
165 31.1317
170 31.2726
175 31.6846
180 31.3116
185 31.5853
190 31.3958
195 31.3713
200 31.2666
210 31.2954
215 31.3023
220 31.1625
225 31.2964
230 31.4808
235 31.2692
240 31.2313
245 31.9306
250 31.5111
260 31.3011
270 31.3022
275 31.4686
280 31.45
285 31.2982
290 31.446
295 31.5145
300 31.3048
305 31.3142
310 31.4998
315 31.2231
320 31.1371
325 31.4384
330 31.3259
335 31.5321
340 31.6205
345 31.2681
350 31.4896
355 31.2937
360 31.5002
370 31.579
375 31.4329
380 31.5249
385 31.0282
390 31.2687
395 31.4772
400 31.0672
405 31.3606
410 31.0902
415 31.4147
420 31.6733
425 31.6329
430 31.2619
435 31.6623
440 31.4287
445 31.4768
450 31.4594
455 31.0904
460 31.9026
465 31.0858
470 31.0871
475 31.4215
480 31.8315
490 31.4863
495 31.5034
500 31.3935
510 31.8278
515 31.0913
520 31.2802
525 31.6794
530 31.0976
535 31.6263
540 32.0615
555 31.2476
560 31.2501
565 31.417
570 31.2506
575 31.1462
580 31.4429
585 31.4085
590 31.4999
600 30.9995
5 31.2273
10 31.1225
15 31.2288
20 31.3837
25 31.1858
30 31.3457
35 31.6983
40 31.4001
45 31.3793
50 31.2651
55 31.5128
60 31.1484
65 31.3445
70 31.0684
75 31.2041
80 31.5224
85 31.3559
90 31.6901
95 31.5335
100 31.4457
105 31.3822
110 31.0033
115 31.3268
120 31.9251
125 31.3627
130 31.3696
135 31.1879
140 31.357
145 31.1993
150 31.3314
155 31.361
160 31.1783
165 31.2018
170 31.3478
175 31.5175
180 31.2717
185 31.2422
190 31.3745
195 31.1971
200 31.218
205 31.6567
210 31.2763
215 31.406
220 31.2069
225 31.5215
230 31.4504
235 31.118
240 31.4002
245 31.1944
250 31.1894
255 31.6375
260 31.0079
265 31.3452
270 31.2101
275 31.204
280 31.4012
285 31.5233
290 31.2266
295 31.3958
300 31.321
305 31.372
310 31.2287
315 31.3378
320 31.502
325 31.3826
330 31.3578
335 32.0465
340 31.4229
345 31.5492
350 31.1725
355 31.3875
360 31.3402
365 31.3162
370 31.3507
375 31.3938
380 31.4853
385 31.2254
390 31.4982
395 31.3196
400 31.4911
405 31.3808
415 31.2906
420 31.2221
425 31.5138
430 31.1894
435 31.0923
440 31.5324
445 31.0864
450 31.6849
455 31.743
460 30.9609
465 31.6229
470 31.3281
475 31.3741
480 31.3519
485 31.0795
490 31.2726
495 31.245
500 31.3889
505 31.6686
510 31.0462
515 31.1413
520 31.3461
525 31.3848
530 31.5266
535 31.2944
540 31.4287
545 31.2214
550 31.2062
555 31.193
565 31.4469
570 31.3133
575 31.2088
580 31.5972
585 30.9004
590 31.1159
595 31.4533
600 31.3623
110 31.2406
115 31.9859
120 31.5046
125 31.9226
130 31.2291
135 31.7497
140 31.5401
145 31.33
150 31.5006
155 32.0732
160 31.0698
165 32.4692
170 31.692
175 31.9501
180 31.5144
185 31.4089
190 31.4713
195 31.1721
205 31.5077
210 31.5293
215 31.5486
220 31.7277
225 31.3049
230 31.1604
235 31.6733
240 31.8402
245 31.1425
250 31.5748
255 31.2245
265 31.1351
270 31.3391
275 31.4455
280 31.5775
285 31.4539
290 31.3058
295 31.3408
300 31.9345
305 31.5419
310 31.6432
315 31.3888
320 31.4861
325 31.3323
330 31.2396
