5 43.8649
10 44.6252
15 43.9422
20 44.6256
25 44.6279
30 44.6278
35 44.6093
40 44.6415
45 44.6693
50 44.6144
55 43.6683
60 45.5895
65 43.9282
70 44.6414
75 44.6376
80 44.2701
85 44.9379
90 44.6169
95 43.9221
100 44.609
105 44.5732
110 44.6683
115 44.6678
120 43.9961
125 43.9651
130 43.2393
135 44.8495
140 44.3754
145 44.6312
150 44.6222
155 44.6646
160 44.6222
165 44.9519
170 44.6179
175 44.6166
180 44.6376
185 37.519
190 36.6377
195 35.8029
200 36.4996
205 36.1688
220 36.8979
225 36.5127
245 36.8789
250 36.8913
255 36.546
260 35.9205
265 35.6503
270 36.5007
280 35.7921
285 36.8141
290 35.4435
295 36.4722
300 35.7613
305 36.5012
325 36.4944
330 36.4842
335 35.6613
340 36.2502
355 36.7684
360 36.0672
380 35.7737
385 36.6281
395 36.5175
400 36.1615
405 35.0618
415 36.2136
425 35.8592
430 36.5161
435 36.3354
440 36.4832
445 36.5123
455 36.5023
465 36.5718
480 35.5281
485 36.5799
495 36.089
505 36.8791
510 37.3044
515 35.8754
520 36.0826
535 37.3558
540 35.9566
545 36.1622
555 36.1799
565 35.8926
570 36.3814
575 36.5076
585 36.4789
595 36.7637
5 0
10 44.3766
15 44.6487
20 44.6778
25 44.6575
30 43.9843
35 45.2676
40 44.652
45 44.6171
50 44.6586
55 43.9475
60 44.6543
65 44.6709
70 44.6496
75 44.6272
80 44.6406
85 44.6591
90 44.6178
95 44.6505
100 44.6772
105 44.2856
110 44.401
115 45.2864
120 44.6291
125 44.6243
130 44.0033
135 45.2138
140 44.6334
145 44.6648
150 44.6476
155 44.3173
160 44.6266
165 44.6527
170 44.6632
175 44.6522
180 44.6215
195 36.8553
205 36.3973
215 36.472
220 37.3383
225 35.724
230 36.5215
235 36.4164
245 35.7945
250 36.6056
255 36.3821
265 35.8088
270 35.6768
275 36.5164
295 36.9395
300 36.5256
315 36.4584
340 36.5723
345 36.413
360 35.6437
365 36.4642
370 36.5156
410 36.8123
415 36.6263
430 35.7923
435 36.192
440 36.0654
450 36.5102
455 36.6272
475 36.6193
480 36.5185
485 36.0909
495 35.8204
500 36.9352
505 36.5078
520 36.4548
525 36.9521
530 36.539
535 36.5046
555 36.449
575 35.803
580 36.5285
590 35.9098
595 36.5132
600 36.5192
5 29.8013
10 40.4385
15 44.7073
20 44.7234
25 44.7095
30 43.9653
35 45.2837
40 44.7449
45 44.6616
50 44.6692
55 43.9296
60 45.2837
65 44.7401
70 44.7041
75 44.0302
80 43.9736
85 45.265
90 44.71
95 44.7286
100 44.6818
105 43.1672
110 45.7621
115 44.7232
120 44.7346
125 44.6957
130 44.6961
135 44.3242
140 44.9861
145 44.6873
150 44.7096
155 43.2062
160 45.2062
165 45.3563
170 44.6864
175 44.751
180 44.7464
465 35.8094
470 36.962
475 36.535
480 36.576
490 35.6865
500 36.5782
505 36.5778
520 36.4025
535 36.9709
540 37.0322
560 36.9527
580 36.59
585 36.5891
595 36.5896
5 37.9845
10 44.9728
15 44.6107
20 44.614
25 44.641
30 44.6404
35 44.6044
40 43.9332
50 44.6399
55 44.6115
60 44.6422
65 44.6423
70 44.6367
75 44.5949
80 44.6437
85 44.6122
90 44.6502
95 44.6233
100 44.6067
105 44.7168
110 44.6504
115 44.9751
120 44.9158
125 44.6107
130 44.6651
135 44.6411
140 44.6206
145 44.6283
150 44.6376
155 44.6293
160 44.943
165 44.6412
170 44.6451
175 44.5933
180 44.6319
195 36.477
200 36.8718
215 36.4585
220 36.4656
225 36.4873
235 36.0061
245 36.4893
250 36.4822
255 36.8707
260 35.7165
265 37.0085
270 36.409
285 35.9027
300 36.4307
305 36.4668
310 36.7762
315 36.4695
320 36.4708
355 36.4439
360 36.4725
375 36.3626
380 35.7817
385 36.5059
390 36.8084
400 36.4788
420 35.7873
425 36.4792
430 36.4877
435 36.8838
445 35.8785
450 36.4828
455 35.6452
460 35.7954
465 36.389
475 36.3355
480 36.5063
485 36.4702
495 37.2625
505 36.4935
510 36.4577
520 37.3484
530 36.5628
540 35.0818
550 36.9211
555 36.4154
560 36.4126
565 36.4395
570 36.4514
575 36.1793
585 36.8487
590 36.5892
600 36.4702
5 36.1996
10 43.9616
15 43.9381
20 44.623
25 44.6602
30 44.7118
35 43.9926
40 44.6571
45 44.6361
50 44.6436
55 44.6357
60 44.2713
65 44.6626
70 44.6532
75 44.683
80 44.6581
85 44.6653
90 44.6395
95 44.6529
100 44.7128
105 44.2784
110 44.3739
115 44.9328
120 44.6599
125 44.6829
130 44.6845
135 44.6609
140 44.668
145 43.9554
150 44.7081
155 45.0121
160 44.3664
165 44.6666
170 44.651
175 44.6412
180 43.5796
185 37.2951
195 36.9148
205 35.7722
215 36.513
220 35.8299
235 36.4768
275 35.8696
280 36.2476
285 36.9759
290 36.5449
295 35.8508
300 36.5355
310 36.9061
330 36.5303
345 36.5293
350 36.4786
355 36.5101
365 36.517
380 36.418
390 36.4971
395 36.4185
410 37.3545
420 36.4028
425 36.5127
430 36.5324
450 36.5206
455 36.5526
460 35.8236
470 36.9289
475 36.5203
485 35.5628
500 36.9004
505 36.3661
520 36.4741
525 36.5637
530 36.5596
535 35.6504
550 37.2304
565 35.9272
575 35.8196
580 36.5238
595 35.8007
600 36.5238
25 44.7181
30 44.7409
35 44.7649
40 44.7312
45 44.0313
50 44.7763
55 44.7477
60 44.7342
65 44.7108
70 44.7022
75 43.936
80 45.2884
90 44.7237
100 44.738
110 45.3636
115 44.7178
120 44.7753
125 44.7216
135 45.068
140 44.7715
145 44.746
150 44.7061
160 45.0369
165 44.7423
170 44.7657
175 44.7343
180 44.6784
190 35.8913
195 36.2879
200 36.8725
205 36.6192
210 36.5776
215 36.5204
220 36.5807
225 36.5948
230 36.5795
235 36.6085
240 36.5836
245 36.6076
250 36.5876
255 36.5663
260 36.9508
265 36.1692
270 36.5833
275 36.6048
280 37.0247
285 35.3452
290 37.9375
295 36.6181
300 36.6107
305 36.5753
310 36.5612
315 36.605
320 36.642
325 36.5783
330 36.5921
335 35.2288
340 37.9973
345 36.5869
350 36.6018
360 35.5769
365 37.4081
370 36.5779
375 36.6212
380 36.5531
385 35.3071
390 37.8018
395 36.5901
400 36.5914
405 36.5818
410 34.7157
415 38.1599
420 36.5986
425 36.6345
435 37.0174
440 36.2113
445 36.5865
450 36.5601
455 36.5816
460 37.715
465 35.7677
475 35.9024
480 36.561
485 34.9275
490 36.597
495 36.5908
500 36.5696
505 36.5736
520 36.59
525 36.6096
530 36.5876
540 36.6424
545 36.6086
550 36.5922
555 36.606
560 36.3685
570 35.8732
575 36.5778
580 35.9202
585 35.7982
590 37.1983
595 36.5704
600 36.6193
5 0
10 42.852
15 44.0332
20 44.692
25 44.6751
30 44.7378
35 44.6366
40 44.6721
45 45.0059
50 44.665
55 44.0589
60 45.328
65 44.6573
70 44.6696
75 44.9638
80 44.0213
85 45.0333
90 44.0052
95 44.6793
100 44.6572
105 44.0522
110 45.2328
115 44.7
120 44.6795
125 44.6933
130 44.7119
135 44.7005
140 44.6703
145 44.7018
150 44.6751
155 44.6866
160 44.6867
165 44.6753
170 44.6901
175 44.6442
180 44.6876
190 36.9721
195 36.9465
200 36.5718
205 36.5719
210 36.5592
215 36.5593
220 36.953
225 36.5603
230 36.5328
235 36.8243
240 36.2548
245 36.5767
250 36.5766
255 36.5592
260 36.3835
265 36.7102
270 36.575
275 36.568
280 36.5303
285 37.738
290 35.3818
295 36.5934
300 35.874
305 36.5389
310 35.8058
325 36.9309
330 36.6088
335 36.0521
340 37.0888
345 36.5809
350 36.5376
360 35.4717
365 36.9434
370 36.586
375 36.5507
380 36.5616
385 35.3602
390 37.7457
395 36.564
400 36.5582
405 34.994
410 37.3946
415 37.141
420 36.5928
425 36.5641
430 36.7308
435 36.4509
440 36.2627
450 36.5311
455 36.5726
460 36.6702
465 36.4844
470 36.4371
475 36.563
480 36.5933
485 36.4351
490 37.198
495 35.9507
500 36.2642
505 36.5494
510 36.5635
515 37.1235
520 35.9488
525 36.5568
530 36.5392
535 36.3711
540 36.7092
545 36.5649
550 36.9991
555 35.1575
560 37.887
565 36.3713
570 36.8074
575 36.5545
580 36.5389
585 36.5413
590 36.5721
595 36.5638
600 36.5199
10 44.112
15 44.1584
20 44.7259
25 45.0803
30 44.5956
35 44.7398
40 44.7043
45 44.7752
50 44.1036
55 44.0309
60 44.7749
65 44.7537
70 44.6917
75 44.7619
80 43.3516
85 46.1964
90 44.7819
95 44.7342
100 44.032
105 43.648
110 45.623
115 44.744
120 44.7044
125 44.0298
130 44.0007
135 45.258
140 44.7095
145 44.7114
150 44.6932
155 43.938
160 45.3875
165 44.7163
170 44.749
175 44.7035
180 43.9714
185 37.8271
195 36.5452
200 36.6239
215 36.5589
220 36.463
235 36.1996
245 36.9655
265 36.568
275 36.5628
285 37.1987
290 35.8618
295 36.6217
300 36.4681
315 35.8609
325 36.9811
340 35.8741
345 36.4772
355 35.7601
360 35.701
365 37.6844
370 37.2732
375 36.5234
380 36.5725
400 35.8773
405 36.5905
410 36.8509
420 36.4371
430 36.4613
435 36.2467
445 36.4514
450 36.5979
455 36.577
460 36.462
465 36.4987
470 35.7672
485 36.5777
500 36.2904
505 35.9077
525 35.8796
530 36.579
545 35.9103
550 36.5842
555 36.5939
565 36.5501
585 36.6841
590 36.512
595 36.6339
145 44.6401
150 44.9997
155 44.6924
160 44.7056
165 44.6417
215 36.4789
230 35.7959
235 36.3816
245 36.6989
260 36.5553
265 36.9452
270 36.5536
300 36.5942
330 34.9507
335 36.975
340 36.5706
355 36.9359
360 37.0109
370 36.5574
375 36.5778
380 36.5797
395 36.5108
405 35.7331
415 36.8184
425 36.5756
430 36.9241
435 36.8706
445 36.9078
450 36.5813
460 37.0262
485 36.4104
490 36.9136
495 36.1635
505 36.5425
510 35.789
525 35.1346
530 36.6785
535 35.6298
545 37.1236
550 36.5541
555 35.8826
560 36.564
565 35.9704
570 37.094
580 36.6929
585 36.5889
595 36.631
20 44.747
25 44.7434
30 44.7228
35 45.0785
40 44.7701
45 44.7294
50 44.8325
55 44.4782
60 45.003
65 44.7429
70 44.3984
75 44.4339
80 43.7601
85 45.7187
90 44.7081
95 44.7706
100 45.0479
105 45.042
110 44.4821
115 44.7122
120 44.713
125 44.7407
130 44.6121
135 44.8653
140 44.7535
145 44.7604
150 44.733
155 44.0753
160 45.3516
165 44.7176
170 44.7009
175 44.6739
180 44.6888
220 36.563
225 36.5624
245 36.642
255 36.0788
280 36.6123
290 36.5755
295 36.5986
300 35.8841
305 36.5848
315 36.5546
320 35.8885
325 36.5777
330 36.5723
335 37.1259
345 36.2857
355 35.897
360 36.7081
370 36.5979
375 35.8784
380 36.5966
385 36.5806
390 36.5886
415 37.2112
420 36.6275
425 36.5808
430 36.5528
435 36.683
455 36.6003
465 36.0875
470 35.7587
480 36.6043
485 36.4173
490 36.8079
495 36.6379
505 36.5826
515 36.8671
520 36.5111
545 36.9723
550 36.5766
565 36.5692
570 36.5822
575 36.4833
580 36.4647
595 36.6779
600 36.6084
5 29.6605
10 42.53
15 44.7224
20 44.7291
25 44.6447
30 44.691
35 44.9797
40 44.7062
45 44.0377
50 44.0222
55 44.7038
60 44.7361
65 44.6928
70 44.7143
75 44.6891
80 44.315
85 44.7217
90 44.7006
95 44.6459
100 44.6892
105 44.6953
110 44.7383
115 44.9843
120 44.6977
125 44.6706
130 44.7013
135 44.6976
140 44.6796
145 44.6606
150 44.7587
155 44.7024
160 44.6515
165 44.6809
170 44.6755
175 44.7198
180 44.0167
200 35.8803
230 35.8851
235 36.5978
240 35.915
245 35.8646
260 36.3114
265 36.2245
270 36.5744
280 36.5482
290 36.7676
300 36.4877
320 36.5466
325 36.5718
330 36.583
340 36.3885
345 35.5678
350 36.8371
355 37.0168
370 36.8785
375 36.4917
380 36.5821
385 35.8219
395 36.5669
400 35.7818
420 36.629
425 36.6287
430 36.5675
440 36.8684
455 36.963
460 35.0127
475 36.5949
480 36.6098
485 36.6507
495 36.4899
500 36.8725
505 35.1264
520 35.7613
530 36.9943
535 36.9772
545 35.7736
550 36.5687
555 36.5886
560 36.5847
585 36.4851
590 36.2599
595 36.8267
5 36.5358
10 44.9943
15 44.7146
20 44.0132
25 44.7005
30 44.3435
35 44.7045
40 44.6832
45 43.9963
50 44.7056
55 44.9924
60 44.7099
65 43.9989
70 44.6832
75 44.0214
80 44.7368
85 44.6133
90 44.6694
95 44.6676
100 44.6678
105 44.6553
110 44.1268
115 45.299
120 44.6662
125 44.0075
130 45.0472
135 43.7098
140 44.0195
145 44.6684
150 44.7585
155 44.6234
160 44.7665
165 44.7212
170 44.7243
175 44.6987
180 45.0173
