5 32.86569
10 42.91199
15 43.7377575
20 43.712244186
25 43.7482604651
30 43.5895619048
35 43.860552381
40 43.7224767442
45 43.7320860465
50 43.7680232558
55 43.5011809524
60 43.9262976744
65 43.7517465116
70 43.7124488372
75 43.6850023256
80 43.4927
85 44.0062883721
90 43.731355814
95 43.7382348837
100 43.6757
105 43.5521534884
110 43.9192571429
115 43.8045418605
120 43.7348093023
125 43.7261139535
130 43.4451860465
135 43.9361690476
140 43.7850023256
145 43.731455814
150 43.746872093
155 43.5034837209
160 43.8548581395
165 43.7721511628
170 43.7729395349
175 43.7386023256
180 43.4412714286
185 34.51274
190 34.643775
195 34.1002846154
200 35.3550047619
205 34.4629525
210 34.2999826087
215 34.64645
220 35.398875
225 34.8652866667
230 34.5909692308
235 34.2895565217
240 34.6657
245 34.975
250 35.6356
255 34.5125368421
260 34.7449766667
265 35.1622333333
270 35.7387235294
275 36.5333142857
280 34.4977324324
285 34.774
290 34.5678
295 35.7449529412
300 36.6222125
305 34.4107447368
310 35.0199823529
315 34.6016
320 35.25841875
325 36.25485
330 34.5312473684
335 35.2940971429
340 34.8542666667
345 35.4356785714
350 36.9924
355 34.3930333333
360 34.9085428571
365 34.48211
370 35.90387
375 35.83137
380 34.3112666667
385 34.73645
390 34.1397
395 35.2398454545
400 34.057825
405 35.4120740741
410 34.96255
415 35.1185083333
420 36.64675
425 33.42645
430 34.9190625
435 34.8880891892
440 33.9288285714
445 36.810175
450 32.9274769231
455 35.3406869565
460 34.7389944444
465 34.6324647059
470 34.99926
475 32.2488454545
480 35.0479736842
485 34.8421638889
490 34.687695
495 36.4387333333
500 33.3432333333
505 34.9264
510 34.8860861111
515 34.60345
520 33.9767333333
525 34.9699
530 35.2154
535 34.8616243243
540 34.5687304348
545 35.05116
550 35.98023
555 34.8938615385
560 34.8061405405
565 34.526812
570 34.622775
575 35.0720363636
580 34.9711444444
585 35.0188151515
590 34.4362692308
595 33.32136
600 34.8098230769
