5 31.9282636364
10 31.37813
15 31.30173
20 31.3396
25 31.3905545455
30 31.4868125
35 31.3194818182
40 31.3355636364
45 31.3854909091
50 31.3385727273
55 31.4412888889
60 31.1717181818
65 31.4320888889
70 31.43118
75 31.3553545455
80 31.4752454545
85 31.3029
90 31.27548
95 31.3537090909
100 31.3959181818
105 31.35019
110 31.2570818182
115 31.3414090909
120 31.2937636364
125 31.3846090909
130 31.3283166667
135 31.2788727273
140 31.21941
145 31.2998916667
150 31.3079181818
155 31.3549583333
160 31.2762916667
165 31.4243454545
170 31.3504583333
175 31.46595
180 31.3259545455
185 31.45139
190 31.2331909091
195 31.2770583333
200 31.3351222222
205 31.4316666667
210 31.4029727273
215 31.3283272727
220 31.3106916667
225 31.3384
230 31.2880583333
235 31.27025
240 31.3511583333
245 31.3411727273
250 31.3754416667
255 31.4679545455
260 31.34792
265 31.2784363636
270 31.2414545455
275 31.34355
280 31.4510090909
285 31.4960166667
290 31.3117545455
295 31.3006888889
300 31.3711272727
305 31.332575
310 31.4669916667
315 31.2076272727
320 31.2821545455
325 31.35355
330 31.4181636364
335 31.50071
340 31.33151
345 31.3898285714
350 31.36194
355 31.38148
360 31.4138636364
365 31.2514555556
370 31.3044375
375 31.3103545455
380 31.3048090909
385 31.2839636364
390 31.2794555556
395 31.4140444444
400 31.23006
405 31.4218818182
410 31.2650111111
415 31.2850272727
420 31.35997
425 31.2770545455
430 31.3695444444
435 31.3309181818
440 31.3470454545
445 31.4632
450 31.3087181818
455 31.38571
460 31.35885
465 31.3364272727
470 31.3007272727
475 31.3562
480 31.3595727273
485 31.4377333333
490 31.5135777778
495 31.23732
500 31.2879181818
505 31.35576
510 31.3676818182
515 31.3100555556
520 31.2962636364
525 31.32342
530 31.4061454545
535 31.398
540 31.36883
545 31.3922333333
550 31.24762
555 31.2834272727
560 31.37372
565 31.4043222222
570 31.1743818182
575 31.3108454545
580 31.3756555556
585 31.2994090909
590 31.3490888889
595 31.32764
600 31.1938181818
