5 26.755825
10 43.6514444444
15 44.3861777778
20 44.6171
25 44.7143818182
30 44.5237454545
35 44.7874181818
40 44.6268909091
45 44.51599
50 44.5755363636
55 44.3458636364
60 44.8842818182
65 44.5636818182
70 44.6494909091
75 44.489
80 44.3326636364
85 45.04229
90 44.6203
95 44.6075
100 44.6472363636
105 44.3114
110 44.8565727273
115 44.8856909091
120 44.6519636364
125 44.4947454545
130 44.43615
135 44.7262454545
140 44.6261272727
145 44.6213083333
150 44.7207833333
155 44.4134181818
160 44.8625583333
165 44.7636666667
170 44.6881
175 44.6753363636
180 44.4797454545
185 32.0158333333
190 30.5003666667
195 30.6202285714
200 30.5541333333
205 30.28368
210 30.5684
215 30.4941857143
220 30.6886375
225 30.3756666667
230 30.21998
235 30.4387125
240 30.1815333333
245 30.5133
250 30.73248
255 30.4317833333
260 30.3061666667
265 30.3356625
270 30.3808571429
275 30.40396
280 30.48
285 30.7964166667
290 30.2282285714
295 30.5422857143
300 30.26634
305 30.53338
310 30.6465
315 30.26868
320 30.36155
325 30.7568166667
330 30.2865142857
335 30.25608
340 30.6610857143
345 30.3344142857
350 30.589575
355 30.5232857143
360 30.0289375
365 31.10352
370 30.7722428571
375 30.3713
380 30.346
385 29.91285
390 31.2197
395 30.5110166667
400 30.2073166667
405 29.63056
410 30.7293
415 31.1184833333
420 30.3661714286
425 30.4666375
430 30.4959222222
435 30.74155
440 30.28178
445 30.44628
450 30.5405714286
455 30.5018444444
460 30.3978714286
465 30.1846714286
470 30.30836
475 30.3950428571
480 30.3976875
485 30.11118
490 30.68424
495 30.2997125
500 30.7325142857
505 30.3545090909
510 30.552075
515 30.6225333333
520 30.3394111111
525 30.2651833333
530 30.63
535 30.5489571429
540 30.22932
545 30.4155
550 30.843625
555 30.1957625
560 30.8441166667
565 30.1800714286
570 30.5344
575 30.2462142857
580 30.4219857143
585 30.513975
590 30.5264666667
595 30.50818
600 30.54345
